Name,YT Scope Project,
File,C:\Users\sakat\OneDrive\ドキュメント\pylib_sakata\experiment\data\freq_resp_PD_step_20240216.csv,
Starttime of export,133525489110193750,2024年2月16日,18:21:51.019
Endtime of export,133525489140236250,2024年2月16日,18:21:54.023


Name,RefPosUm[0],ActPosUm[0],RefVelMm[0],ActVelMm[0],ErrPosUm[0],ErrVelMm[0],ServoOutN[0],NoiseOut[0],ActForceN[0],FlagInject,FlagMoving[0],TargetTorque[0]

0,0,0.011444091796875,0,0.06103515625,-0.011444091796875,0,-4.9387328278235765E-07,0,0,0,0,0
0.125,0,0.00762939453125,0,-0.030517578125,-0.00762939453125,0,-6.0602155587181009E-08,0,-0.0002,0,0,0
0.25,0,0.00762939453125,0,0,-0.00762939453125,0,-6.3807048812030607E-08,0,0,0,0,0
0.375,0,0.011444091796875,0,0.030517578125,-0.011444091796875,0,-4.9751258872387778E-07,0,0.0004,0,0,0
0.5,0,0.011444091796875,0,0,-0.011444091796875,0,-4.9473400357610321E-07,0,-0.0004,0,0,0
0.625,0,0.00762939453125,0,-0.030517578125,-0.00762939453125,0,-6.1446818306293952E-08,0,-0.0002,0,0,0
0.75,0,0.003814697265625,0,-0.030517578125,-0.003814697265625,0,3.6592448587107984E-07,0,0.0002,0,0,0
0.875,0,0.003814697265625,0,0,-0.003814697265625,0,3.5692983993116376E-07,0,0.0002,0,0,0
1,0,0.00762939453125,0,0.030517578125,-0.00762939453125,0,-8.2457435924366445E-08,0,0,0,0,0
1.125,0,0.011444091796875,0,0.030517578125,-0.011444091796875,0,-5.1581502408420108E-07,0,0.0004,0,0,0
1.25,0,0.011444091796875,0,0,-0.011444091796875,0,-5.1269497876129116E-07,0,-0.0006,0,0,0
1.375,0,0.011444091796875,0,0,-0.011444091796875,0,-5.0963314269859265E-07,0,0.0004,0,0,0
1.5,0,0.011444091796875,0,0,-0.011444091796875,0,-5.0662842991253035E-07,0,0,0,0,0
1.625,0,0.011444091796875,0,0,-0.011444091796875,0,-5.036797746802286E-07,0,-0.0002,0,0,0
1.75,0,0.011444091796875,0,0,-0.011444091796875,0,-5.007861311615165E-07,0,0.001,0,0,0
1.875,0,0.00762939453125,0,-0.030517578125,-0.00762939453125,0,-6.7386034112232431E-08,0,0.0008,0,0,0
2,0,0.00762939453125,0,0,-0.00762939453125,0,-7.0464363614623407E-08,0,0,0,0,0
2.125,0,0.011444091796875,0,0.030517578125,-0.011444091796875,0,-5.0404570104556184E-07,0,0.0004,0,0,0
2.25,0,0.011444091796875,0,0,-0.011444091796875,0,-5.011452306058235E-07,0,0.0006,0,0,0
2.375,0,0.011444091796875,0,0,-0.011444091796875,0,-4.9829887291801292E-07,0,0,0,0,0
2.5,0,0.00762939453125,0,-0.030517578125,-0.00762939453125,0,-6.4945179509485544E-08,0,0.001,0,0,0
2.625,0,0.00762939453125,0,0,-0.00762939453125,0,-6.8069046921106925E-08,0,0.0004,0,0,0
2.75,0,0.00762939453125,0,0,-0.00762939453125,0,-7.113463376555395E-08,0,-0.001,0,0,0
2.875,0,0.00762939453125,0,0,-0.00762939453125,0,-7.4143027356743169E-08,0,0.0004,0,0,0
3,0,0.00762939453125,0,0,-0.00762939453125,0,-7.7095294723072148E-08,0,-0.0004,0,0,0
3.125,0,0.011444091796875,0,0.030517578125,-0.011444091796875,0,-5.1055292190163019E-07,0,0,0,0,0
3.25,0,0.011444091796875,0,0,-0.011444091796875,0,-5.0753104921517367E-07,0,0.0008,0,0,0
3.375,0,0.011444091796875,0,0,-0.011444091796875,0,-5.0456555422689989E-07,0,0.0002,0,0,0
3.5,0,0.00762939453125,0,-0.030517578125,-0.00762939453125,0,-7.1094946208096757E-08,0,0,0,0,0
3.625,0,0.003814697265625,0,-0.030517578125,-0.003814697265625,0,3.5645635868383874E-07,0,0,0,0,0
3.75,0,0.00762939453125,0,0.030517578125,-0.00762939453125,0,-8.2922083648367818E-08,0,0,0,0,0
3.875,0,0.00762939453125,0,0,-0.00762939453125,0,-8.5710564172134882E-08,0,0.0006,0,0,0
4,0,0.011444091796875,0,0.030517578125,-0.011444091796875,0,-5.1900746020442736E-07,0,0,0,0,0
4.125,0,0.00762939453125,0,-0.030517578125,-0.00762939453125,0,-8.5267416143518846E-08,0,0,0,0,0
4.25,0,0.003814697265625,0,-0.030517578125,-0.003814697265625,0,3.42548298045375E-07,0,0.0006,0,0,0
4.375,0,0.00762939453125,0,0.030517578125,-0.00762939453125,0,-9.6570667953332361E-08,0,0.0014,0,0,0
4.5,0,0.011444091796875,0,0.030517578125,-0.011444091796875,0,-5.2966495199076682E-07,0,0,0,0,0
4.625,0,0.003814697265625,0,-0.06103515625,-0.003814697265625,0,3.3483436294132707E-07,0,0,0,0,0
4.75,0,0.003814697265625,0,0,-0.003814697265625,0,3.2641975122153377E-07,0,0,0,0,0
4.875,0,0.003814697265625,0,0,-0.003814697265625,0,3.1816212706842054E-07,0,0.0002,0,0,0
5,0,0.011444091796875,0,0.06103515625,-0.011444091796875,0,-5.5106231619483134E-07,0,0.0016,0,0,0
5.125,0,0.00762939453125,0,-0.030517578125,-0.00762939453125,0,-1.1672423932982132E-07,0,0.0006,0,0,0
5.25,0,0.0152587890625,0,0.06103515625,-0.0152587890625,0,-9.8000296630890286E-07,0,-0.0004,0,0,0
5.375,0,0,0,-0.1220703125,0,0,7.51851217075096E-07,0,-0.0004,0,0,0
5.5,0,0.011444091796875,0,0.091552734375,-0.011444091796875,0,-5.53857044349412E-07,0,0,0,0,0
5.625,0,0.003814697265625,0,-0.06103515625,-0.003814697265625,0,3.1109361139777259E-07,0,0.0004,0,0,0
5.75,0,0.00762939453125,0,0.030517578125,-0.00762939453125,0,-1.2743851888207735E-07,0,-0.001,0,0,0
5.875,0,0.00762939453125,0,0,-0.00762939453125,0,-1.2939647661081487E-07,0,0,0,0,0
6,0,0.003814697265625,0,-0.030517578125,-0.003814697265625,0,2.9924253329906192E-07,0,0.0006,0,0,0
6.125,0,0.011444091796875,0,0.06103515625,-0.011444091796875,0,-5.6962893574656314E-07,0,-0.0006,0,0,0
6.25,0,0.011444091796875,0,0,-0.011444091796875,0,-5.65504908858403E-07,0,0,0,0,0
6.375,0,0.00762939453125,0,-0.030517578125,-0.00762939453125,0,-1.308973831400998E-07,0,-0.0002,0,0,0
6.5,0,0.00762939453125,0,0,-0.00762939453125,0,-1.3279081041854141E-07,0,0,0,0,0
6.625,0,0.0152587890625,0,0.06103515625,-0.0152587890625,0,-9.9576979072075871E-07,0,0,0,0,0
6.75,0,0.0152587890625,0,0,-0.0152587890625,0,-9.8586320855972054E-07,0,0,0,0,0
6.875,0,0.011444091796875,0,-0.030517578125,-0.011444091796875,0,-5.4558101006053178E-07,0,0.0002,0,0,0
7,0,0.011444091796875,0,0,-0.011444091796875,0,-5.4190563433571331E-07,0,0.0006,0,0,0
7.125,0,0.003814697265625,0,-0.06103515625,-0.003814697265625,0,3.2282204941479166E-07,0,-0.0002,0,0,0
7.25,0,0.00762939453125,0,0.030517578125,-0.00762939453125,0,-1.1592889297505961E-07,0,0.0002,0,0,0
7.375,0,0.00762939453125,0,0,-0.00762939453125,0,-1.1810158053622545E-07,0,-0.0006,0,0,0
7.5,0,0.00762939453125,0,0,-0.00762939453125,0,-1.2023373325814481E-07,0,-0.0004,0,0,0
7.625,0,0.011444091796875,0,0.030517578125,-0.011444091796875,0,-5.5288654629654839E-07,0,0.0002,0,0,0
7.75,0,0.00762939453125,0,-0.030517578125,-0.00762939453125,0,-1.1851443560392164E-07,0,0.0002,0,0,0
7.875,0,0.011444091796875,0,0.030517578125,-0.011444091796875,0,-5.51199324793207E-07,0,0,0,0,0
8,0,0.011444091796875,0,0,-0.011444091796875,0,-5.4741913073712183E-07,0,-0.0006,0,0,0
8.125,0,0.00762939453125,0,-0.030517578125,-0.00762939453125,0,-1.1314902311882399E-07,0,0.0008,0,0,0
8.25,0,0.011444091796875,0,0.030517578125,-0.011444091796875,0,-5.4593401235768006E-07,0,-0.0002,0,0,0
8.375,0,0.00762939453125,0,-0.030517578125,-0.00762939453125,0,-1.1169161191451806E-07,0,0,0,0,0
8.5,0,0.00762939453125,0,0,-0.00762939453125,0,-1.1394335249264834E-07,0,0.0008,0,0,0
8.625,0,0.00762939453125,0,0,-0.00762939453125,0,-1.1615308337550962E-07,0,-0.0002,0,0,0
8.75,0,0,0,-0.06103515625,0,0,7.4279928951271166E-07,0,-0.0002,0,0,0
8.875,0,0.00762939453125,0,0.06103515625,-0.00762939453125,0,-1.3217965531884277E-07,0,0,0,0,0
9,0,0.00762939453125,0,0,-0.00762939453125,0,-1.3404915983104563E-07,0,0,0,0,0
9.125,0,0.003814697265625,0,-0.030517578125,-0.003814697265625,0,2.9467665306411438E-07,0,-0.0006,0,0,0
9.25,0,0.00762939453125,0,0.030517578125,-0.00762939453125,0,-1.4354919352411532E-07,0,0.0002,0,0,0
9.375,0,0.00762939453125,0,0,-0.00762939453125,0,-1.452065817561429E-07,0,0,0,0,0
9.5,0,0.00762939453125,0,0,-0.00762939453125,0,-1.4683304885309563E-07,0,0.0006,0,0,0
9.625,0,0.00762939453125,0,0,-0.00762939453125,0,-1.4842917169646442E-07,0,-0.0004,0,0,0
9.75,0,0.00762939453125,0,0,-0.00762939453125,0,-1.4999551640512575E-07,0,-0.0008,0,0,0
9.875,0,0.003814697265625,0,-0.030517578125,-0.003814697265625,0,2.7902780037961829E-07,0,0.0006,0,0,0
10,0,0.003814697265625,0,0,-0.003814697265625,0,2.71654346202571E-07,0,0.001,0,0,0
10.125,0,0.011444091796875,0,0.06103515625,-0.011444091796875,0,-5.9670242263992941E-07,0,0,0,0,0
10.25,0,0.011444091796875,0,0,-0.011444091796875,0,-5.92073298075196E-07,0,0,0,0,0
10.375,0,0.00762939453125,0,-0.030517578125,-0.00762939453125,0,-1.5697009805691976E-07,0,-0.0006,0,0,0
10.5,0,0.011444091796875,0,0.030517578125,-0.011444091796875,0,-5.8893753752010945E-07,0,0,0,0,0
10.625,0,0.00762939453125,0,-0.030517578125,-0.00762939453125,0,-1.5389283995395189E-07,0,0.0004,0,0,0
10.75,0,0.0152587890625,0,0.06103515625,-0.0152587890625,0,-1.0164781293314909E-06,0,0.0004,0,0,0
10.875,0,0.00762939453125,0,-0.06103515625,-0.00762939453125,0,-1.4506432332599404E-07,0,0,0,0,0
11,0,0.00762939453125,0,0,-0.00762939453125,0,-1.4669344447348795E-07,0,-0.0008,0,0,0
11.125,0,0.011444091796875,0,0.030517578125,-0.011444091796875,0,-5.7885261076774253E-07,0,0.0004,0,0,0
11.25,0,0.011444091796875,0,0,-0.011444091796875,0,-5.7455650198850518E-07,0,0.0004,0,0,0
11.375,0,0.003814697265625,0,-0.06103515625,-0.003814697265625,0,2.9078033408340136E-07,0,-0.0002,0,0,0
11.5,0,0.003814697265625,0,0,-0.003814697265625,0,2.8318761825413278E-07,0,-0.0002,0,0,0
11.625,0,0.003814697265625,0,0,-0.003814697265625,0,2.7573655625539405E-07,0,0.0008,0,0,0
11.75,0,0.003814697265625,0,0,-0.003814697265625,0,2.684245053163829E-07,0,0.0002,0,0,0
11.875,0,0.00762939453125,0,0.030517578125,-0.00762939453125,0,-1.6931156694448863E-07,0,0.001,0,0,0
12,0,0.003814697265625,0,-0.030517578125,-0.003814697265625,0,2.6007212057072067E-07,0,0,0,0,0
12.125,0,0.00762939453125,0,0.030517578125,-0.00762939453125,0,-1.7750812506369903E-07,0,0.0002,0,0,0
12.25,0,0.011444091796875,0,0.030517578125,-0.011444091796875,0,-6.090923959397251E-07,0,0.0002,0,0,0
12.375,0,0.011444091796875,0,0,-0.011444091796875,0,-6.0423211730343887E-07,0,0.0002,0,0,0
12.5,0,0.00762939453125,0,-0.030517578125,-0.00762939453125,0,-1.6890207574952113E-07,0,-0.0002,0,0,0
12.625,0,0.011444091796875,0,0.030517578125,-0.011444091796875,0,-6.0064690575596835E-07,0,0,0,0,0
12.75,0,0.00762939453125,0,-0.030517578125,-0.00762939453125,0,-1.6538375185600458E-07,0,0,0,0,0
12.875,0,0.011444091796875,0,0.030517578125,-0.011444091796875,0,-5.9719422162400332E-07,0,-0.0002,0,0,0
13,0,0.00762939453125,0,-0.030517578125,-0.00762939453125,0,-1.6199548287454703E-07,0,0.0012,0,0,0
13.125,0,0.00762939453125,0,0,-0.00762939453125,0,-1.6330872711326484E-07,0,0.0006,0,0,0
13.25,0,0.00762939453125,0,0,-0.00762939453125,0,-1.6459747075417041E-07,0,0,0,0,0
13.375,0,0.00762939453125,0,0,-0.00762939453125,0,-1.6586217089372412E-07,0,-0.0002,0,0,0
13.5,0,0.003814697265625,0,-0.030517578125,-0.003814697265625,0,2.6345716281520656E-07,0,0,0,0,0
13.625,0,0.00762939453125,0,0.030517578125,-0.00762939453125,0,-1.7418623600592775E-07,0,-0.0002,0,0,0
13.75,0,0.00762939453125,0,0,-0.00762939453125,0,-1.7527204293276211E-07,0,0.0008,0,0,0
13.875,0,0.00762939453125,0,0,-0.00762939453125,0,-1.7633759245580834E-07,0,0.0008,0,0,0
14,0,0.00762939453125,0,0,-0.00762939453125,0,-1.7738326250819443E-07,0,-0.0002,0,0,0
14.125,0,0.00762939453125,0,0,-0.00762939453125,0,-1.7840942397212263E-07,0,0.0002,0,0,0
14.25,0,0.003814697265625,0,-0.030517578125,-0.003814697265625,0,2.5114399810533771E-07,0,0,0,0,0
14.375,0,0.00762939453125,0,0.030517578125,-0.00762939453125,0,-1.8626967962701644E-07,0,0,0,0,0
14.5,0,0.011444091796875,0,0.030517578125,-0.011444091796875,0,-6.1769049018223008E-07,0,-0.0004,0,0,0
14.625,0,0.011444091796875,0,0,-0.011444091796875,0,-6.1266980082966073E-07,0,0,0,0,0
14.75,0,0.00762939453125,0,-0.030517578125,-0.00762939453125,0,-1.771823412689107E-07,0,-0.0002,0,0,0
14.875,0,0.003814697265625,0,-0.030517578125,-0.003814697265625,0,2.5234818768714282E-07,0,-0.0004,0,0,0
15,0,0.011444091796875,0,0.06103515625,-0.011444091796875,0,-6.1564839497586378E-07,0,0,0,0,0
15.125,0,0.00762939453125,0,-0.030517578125,-0.00762939453125,0,-1.8010536514488484E-07,0,0.0002,0,0,0
15.25,0,0.00762939453125,0,0,-0.00762939453125,0,-1.8108074158350021E-07,0,0.0006,0,0,0
15.375,0,0.00762939453125,0,0,-0.00762939453125,0,-1.8203792086949651E-07,0,0.0004,0,0,0
15.5,0,0.00762939453125,0,0,-0.00762939453125,0,-1.8297724249883686E-07,0,-0.0004,0,0,0
15.625,0,0.00762939453125,0,0,-0.00762939453125,0,-1.8389903963366332E-07,0,0.0002,0,0,0
15.75,0,0.00762939453125,0,0,-0.00762939453125,0,-1.8480363922046402E-07,0,-0.0002,0,0,0
15.875,0,0.00762939453125,0,0,-0.00762939453125,0,-1.8569136210603591E-07,0,0,0,0,0
16,0,0.003814697265625,0,-0.030517578125,-0.003814697265625,0,2.4399791576446939E-07,0,-0.0002,0,0,0
16.125,0,0.00762939453125,0,0.030517578125,-0.00762939453125,0,-1.9328244077430559E-07,0,-0.0002,0,0,0
16.25,0,0.003814697265625,0,-0.030517578125,-0.003814697265625,0,2.3654846038296473E-07,0,0.0002,0,0,0
16.375,0,0.0152587890625,0,0.091552734375,-0.0152587890625,0,-1.0617137929015128E-06,0,-0.0004,0,0,0
16.5,0,0.003814697265625,0,-0.091552734375,-0.003814697265625,0,2.411043931292611E-07,0,0.0014,0,0,0
16.625,0,0.003814697265625,0,0,-0.003814697265625,0,2.3443845863615202E-07,0,0.0002,0,0,0
16.75,0,0.011444091796875,0,0.06103515625,-0.011444091796875,0,-6.3322399039392635E-07,0,-0.001,0,0,0
16.875,0,0.00762939453125,0,-0.030517578125,-0.00762939453125,0,-1.9735306070856136E-07,0,0,0,0,0
17,0,0.003814697265625,0,-0.030517578125,-0.003814697265625,0,2.3255378414517863E-07,0,0,0,0,0
17.125,0,0.00762939453125,0,0.030517578125,-0.00762939453125,0,-2.0451306445817335E-07,0,-0.0008,0,0,0
17.25,0,0.003814697265625,0,-0.030517578125,-0.003814697265625,0,2.2552736131450886E-07,0,0,0,0,0
17.375,0,0.00762939453125,0,0.030517578125,-0.00762939453125,0,-2.1140839852807983E-07,0,0.0008,0,0,0
17.5,0,0.003814697265625,0,-0.030517578125,-0.003814697265625,0,2.187606703422434E-07,0,0,0,0,0
17.625,0,0.011444091796875,0,0.06103515625,-0.011444091796875,0,-6.4860928535396E-07,0,-0.0006,0,0,0
17.75,0,0.011444091796875,0,0,-0.011444091796875,0,-6.4301175816497895E-07,0,0.0016,0,0,0
17.875,0,0.003814697265625,0,-0.06103515625,-0.003814697265625,0,2.2360221634794754E-07,0,0,0,0,0
18,0,0.003814697265625,0,0,-0.003814697265625,0,2.172628119712596E-07,0,0.0004,0,0,0
18.125,0,0.003814697265625,0,0,-0.003814697265625,0,2.1104167896590022E-07,0,0.0002,0,0,0
18.25,0,0.00762939453125,0,0.030517578125,-0.00762939453125,0,-2.2562382811882689E-07,0,0.001,0,0,0
18.375,0,0.011444091796875,0,0.030517578125,-0.011444091796875,0,-6.56310426304388E-07,0,-0.0008,0,0,0
18.5,0,0.003814697265625,0,-0.06103515625,-0.003814697265625,0,2.1055165538458103E-07,0,0.0004,0,0,0
18.625,0,0.011444091796875,0,0.06103515625,-0.011444091796875,0,-6.5666514846980745E-07,0,-0.0002,0,0,0
18.75,0,0.00762939453125,0,-0.030517578125,-0.00762939453125,0,-2.2035688780720454E-07,0,0.001,0,0,0
18.875,0,0.003814697265625,0,-0.030517578125,-0.003814697265625,0,2.0997912893952375E-07,0,0,0,0,0
19,0,0.003814697265625,0,0,-0.003814697265625,0,2.0389388428097085E-07,0,0.0002,0,0,0
19.125,0,0.011444091796875,0,0.06103515625,-0.011444091796875,0,-6.6319870857950927E-07,0,0,0,0,0
19.25,0,0.011444091796875,0,0,-0.011444091796875,0,-6.5732899318651917E-07,0,0.0006,0,0,0
19.375,0,0.00762939453125,0,-0.030517578125,-0.00762939453125,0,-2.2100834747631085E-07,0,0,0,0,0
19.5,0,0.011444091796875,0,0.030517578125,-0.011444091796875,0,-6.5178105457565856E-07,0,0.0004,0,0,0
19.625,0,0.003814697265625,0,-0.06103515625,-0.003814697265625,0,2.1499652469418982E-07,0,-0.0006,0,0,0
19.75,0,0.003814697265625,0,0,-0.003814697265625,0,2.0881767277521595E-07,0,0.0002,0,0,0
19.875,0,0.011444091796875,0,0.06103515625,-0.011444091796875,0,-6.5836678095779151E-07,0,0.001,0,0,0
20,0,0.00762939453125,0,-0.030517578125,-0.00762939453125,0,-2.2202677371524307E-07,0,0,0,0,0
20.125,0,0.00762939453125,0,0,-0.00762939453125,0,-2.2222004158576122E-07,0,0.0002,0,0,0
20.25,0,0.00762939453125,0,0,-0.00762939453125,0,-2.2240970374591262E-07,0,0.0006,0,0,0
20.375,0,0.00762939453125,0,0,-0.00762939453125,0,-2.2259582746578837E-07,0,0.0008,0,0,0
20.5,0,0.00762939453125,0,0,-0.00762939453125,0,-2.2277847876045215E-07,0,0.0006,0,0,0
20.625,0,0.00762939453125,0,0,-0.00762939453125,0,-2.2295772241335478E-07,0,-0.0008,0,0,0
20.75,0,0.011444091796875,0,0.030517578125,-0.011444091796875,0,-6.5369406091506487E-07,0,0,0,0,0
20.875,0,0.00762939453125,0,-0.030517578125,-0.00762939453125,0,-2.1744123047564329E-07,0,0,0,0,0
21,0,0.011444091796875,0,0.030517578125,-0.011444091796875,0,-6.482804876472517E-07,0,-0.0012,0,0,0
21.125,0,0.00762939453125,0,-0.030517578125,-0.00762939453125,0,-2.1212865577112199E-07,0,0,0,0,0
21.25,0,0.00762939453125,0,0,-0.00762939453125,0,-2.1250658830621459E-07,0,-0.0004,0,0,0
21.375,0,0.00762939453125,0,0,-0.00762939453125,0,-2.1287746992665668E-07,0,0,0,0,0
21.5,0,0.003814697265625,0,-0.030517578125,-0.003814697265625,0,2.1731900673761139E-07,0,0,0,0,0
21.625,0,0.00762939453125,0,0.030517578125,-0.00762939453125,0,-2.1946361358358462E-07,0,-0.0004,0,0,0
21.75,0,0.003814697265625,0,-0.030517578125,-0.003814697265625,0,2.1085573775404174E-07,0,-0.0004,0,0,0
21.875,0,0.011444091796875,0,0.06103515625,-0.011444091796875,0,-6.563667392261952E-07,0,-0.001,0,0,0
22,0,0.00762939453125,0,-0.030517578125,-0.00762939453125,0,-2.2006404584852344E-07,0,0.0004,0,0,0
22.125,0,0.00762939453125,0,0,-0.00762939453125,0,-2.2029393143618792E-07,0,0.0006,0,0,0
22.25,0,0.011444091796875,0,0.030517578125,-0.011444091796875,0,-6.5107996706921854E-07,0,0.0002,0,0,0
22.375,0,0.011444091796875,0,0,-0.011444091796875,0,-6.4543634550019542E-07,0,-0.0002,0,0,0
22.5,0,0.011444091796875,0,0,-0.011444091796875,0,-6.3989801440052334E-07,0,0,0,0,0
22.625,0,0.00762939453125,0,-0.030517578125,-0.00762939453125,0,-2.0390257049826403E-07,0,-0.0002,0,0,0
22.75,0,0.00762939453125,0,0,-0.00762939453125,0,-2.0443397334824367E-07,0,0,0,0,0
22.875,0,0.00762939453125,0,0,-0.00762939453125,0,-2.0495546205802015E-07,0,-0.0008,0,0,0
23,0,0.00762939453125,0,0,-0.00762939453125,0,-2.05467221591178E-07,0,-0.0004,0,0,0
23.125,0,0.011444091796875,0,0.030517578125,-0.011444091796875,0,-6.3652987237627375E-07,0,0,0,0,0
23.25,0,0.00762939453125,0,-0.030517578125,-0.00762939453125,0,-2.0059726636104088E-07,0,0.0006,0,0,0
23.375,0,0.00762939453125,0,0,-0.00762939453125,0,-2.0119033476029591E-07,0,-0.0008,0,0,0
23.5,0,0.00762939453125,0,0,-0.00762939453125,0,-2.0177233855336657E-07,0,0.0002,0,0,0
23.625,0,0.003814697265625,0,-0.030517578125,-0.003814697265625,0,2.2821695474819749E-07,0,-0.0002,0,0,0
23.75,0,0.011444091796875,0,0.06103515625,-0.011444091796875,0,-6.3932942252610833E-07,0,0,0,0,0
23.875,0,0.0152587890625,0,0.030517578125,-0.0152587890625,0,-1.0644654644141976E-06,0,0,0,0,0
24,0,0,0,-0.1220703125,0,0,6.6896449721065342E-07,0,0.0002,0,0,0
24.125,0,0.00762939453125,0,0.06103515625,-0.00762939453125,0,-2.0463694563200198E-07,0,0.0004,0,0,0
24.25,0,0.00762939453125,0,0,-0.00762939453125,0,-2.0515464758060731E-07,0,0,0,0,0
24.375,0,0.00762939453125,0,0,-0.00762939453125,0,-2.0566269100046724E-07,0,0,0,0,0
24.5,0,0.011444091796875,0,0.030517578125,-0.011444091796875,0,-6.3672169500209313E-07,0,-0.0014,0,0,0
24.625,0,0.00762939453125,0,-0.030517578125,-0.00762939453125,0,-2.0078551023976369E-07,0,0.0006,0,0,0
24.75,0,0.00762939453125,0,0,-0.00762939453125,0,-2.0137506665897172E-07,0,0.0004,0,0,0
24.875,0,0.011444091796875,0,0.030517578125,-0.011444091796875,0,-6.3251406290915568E-07,0,0,0,0,0
25,0,0.011444091796875,0,0,-0.011444091796875,0,-6.2721681693230007E-07,0,0.0004,0,0,0
25.125,0,0.011444091796875,0,0,-0.011444091796875,0,-6.2201839925361254E-07,0,-0.0006,0,0,0
25.25,0,0.003814697265625,0,-0.06103515625,-0.003814697265625,0,2.4420391175282269E-07,0,-0.0002,0,0,0
25.375,0,0.003814697265625,0,0,-0.003814697265625,0,2.3748015095675447E-07,0,0.0004,0,0,0
25.5,0,0.00762939453125,0,0.030517578125,-0.00762939453125,0,-1.9967860662161339E-07,0,0.0004,0,0,0
25.625,0,0.011444091796875,0,0.030517578125,-0.011444091796875,0,-6.3084925295169456E-07,0,-0.0002,0,0,0
25.75,0,0.00762939453125,0,-0.030517578125,-0.00762939453125,0,-1.9502262765790156E-07,0,0.0002,0,0,0
25.875,0,0.0152587890625,0,0.06103515625,-0.0152587890625,0,-1.0568405773761996E-06,0,0.0002,0,0,0
26,0,0.00762939453125,0,-0.06103515625,-0.00762939453125,0,-1.8467374761692878E-07,0,-0.0006,0,0,0
26.125,0,0.0152587890625,0,0.06103515625,-0.0152587890625,0,-1.0466847716623137E-06,0,0.0006,0,0,0
26.25,0,0.011444091796875,0,-0.030517578125,-0.011444091796875,0,-6.0526785304636734E-07,0,0.001,0,0,0
26.375,0,0.00762939453125,0,-0.030517578125,-0.00762939453125,0,-1.6991848824386481E-07,0,0,0,0,0
26.5,0,0.011444091796875,0,0.030517578125,-0.011444091796875,0,-6.0164435550674842E-07,0,-0.0008,0,0,0
26.625,0,0.003814697265625,0,-0.06103515625,-0.003814697265625,0,2.6419784627328837E-07,0,0,0,0,0
26.75,0,0.003814697265625,0,0,-0.003814697265625,0,2.5710106777500751E-07,0,0.0002,0,0,0
26.875,0,0.00762939453125,0,0.030517578125,-0.00762939453125,0,-1.8042374828471415E-07,0,-0.0004,0,0,0
27,0,0.00762939453125,0,0,-0.00762939453125,0,-1.8139318479454157E-07,0,0.0002,0,0,0
27.125,0,0.003814697265625,0,-0.030517578125,-0.003814697265625,0,2.4821590394546542E-07,0,-0.0008,0,0,0
27.25,0,0.00762939453125,0,0.030517578125,-0.00762939453125,0,-1.8914314567183412E-07,0,0.0004,0,0,0
27.375,0,0.011444091796875,0,0.030517578125,-0.011444091796875,0,-6.205103472837791E-07,0,0.0002,0,0,0
27.5,0,0.00762939453125,0,-0.030517578125,-0.00762939453125,0,-1.8487661022975164E-07,0,0.0004,0,0,0
27.625,0,0.0152587890625,0,0.06103515625,-0.0152587890625,0,-1.046883849560046E-06,0,0.0002,0,0,0
27.75,0,0.00762939453125,0,-0.06103515625,-0.00762939453125,0,-1.7490277792295624E-07,0,-0.0002,0,0,0
27.875,0,0.00762939453125,0,0,-0.00762939453125,0,-1.7597521665459342E-07,0,0.0002,0,0,0
28,0,0.003814697265625,0,-0.030517578125,-0.003814697265625,0,2.5353279152900006E-07,0,-0.001,0,0,0
28.125,0,0.011444091796875,0,0.06103515625,-0.011444091796875,0,-6.1448589174670334E-07,0,0.001,0,0,0
28.25,0,0.00762939453125,0,-0.030517578125,-0.00762939453125,0,-1.7896455020738664E-07,0,-0.0002,0,0,0
28.375,0,0.00762939453125,0,0,-0.00762939453125,0,-1.7996121030911493E-07,0,0.0002,0,0,0
28.5,0,0.003814697265625,0,-0.030517578125,-0.003814697265625,0,2.4962116273710831E-07,0,0,0,0,0
28.625,0,0.011444091796875,0,0.06103515625,-0.011444091796875,0,-6.1832454306723415E-07,0,-0.0002,0,0,0
28.75,0,0.0152587890625,0,0.030517578125,-0.0152587890625,0,-1.0438524633954065E-06,0,-0.0002,0,0,0
28.875,0,0.0152587890625,0,0,-0.0152587890625,0,-1.0330488247766223E-06,0,0.0002,0,0,0
29,0,0.00762939453125,0,-0.06103515625,-0.00762939453125,0,-1.6132586687645036E-07,0,0.0002,0,0,0
29.125,0,0.011444091796875,0,0.030517578125,-0.011444091796875,0,-5.9321204275068681E-07,0,0.0002,0,0,0
29.25,0,0.011444091796875,0,0,-0.011444091796875,0,-5.8864803660898317E-07,0,0.0002,0,0,0
29.375,0,0.00762939453125,0,-0.030517578125,-0.00762939453125,0,-1.5360874012906733E-07,0,0.0006,0,0,0
29.5,0,0.00762939453125,0,0,-0.00762939453125,0,-1.5507845199574327E-07,0,0.0002,0,0,0
29.625,0,0.003814697265625,0,-0.030517578125,-0.003814697265625,0,2.7403969479619947E-07,0,0,0,0,0
29.75,0,0.003814697265625,0,0,-0.003814697265625,0,2.6675930142622925E-07,0,-0.0004,0,0,0
29.875,0,0.011444091796875,0,0.06103515625,-0.011444091796875,0,-6.0150614280215738E-07,0,0.0002,0,0,0
30,0,0.003814697265625,0,-0.06103515625,-0.003814697265625,0,2.6433348040659176E-07,0,0.0006,0,0,0
30.125,0,0.003814697265625,0,0,-0.003814697265625,0,2.5723417144424969E-07,0,0.0006,0,0,0
30.25,0,0.019073486328125,0,0.1220703125,-0.019073486328125,0,-1.4719744446170803E-06,0,-0.0006,0,0,0
30.375,0,0.00762939453125,0,-0.091552734375,-0.00762939453125,0,-1.6366997301082767E-07,0,-0.0004,0,0,0
30.5,0,0.0152587890625,0,0.06103515625,-0.0152587890625,0,-1.0260728548835621E-06,0,-0.0002,0,0,0
30.625,0,0.00762939453125,0,-0.06103515625,-0.00762939453125,0,-1.5448004446674575E-07,0,0.0004,0,0,0
30.75,0,0.011444091796875,0,0.030517578125,-0.011444091796875,0,-5.86493939722198E-07,0,0,0,0,0
30.875,0,0.011444091796875,0,0,-0.011444091796875,0,-5.8205527015956286E-07,0,0,0,0,0
31,0,0.00762939453125,0,-0.030517578125,-0.00762939453125,0,-1.4713897191141926E-07,0,0,0,0,0
31.125,0,0.003814697265625,0,-0.030517578125,-0.003814697265625,0,2.818310516277047E-07,0,0.0008,0,0,0
31.25,0,0.00762939453125,0,0.030517578125,-0.00762939453125,0,-1.56155140442979E-07,0,-0.0004,0,0,0
31.375,0,0.011444091796875,0,0.030517578125,-0.011444091796875,0,-5.8813778419806243E-07,0,0,0,0,0
31.5,0,0.011444091796875,0,0,-0.011444091796875,0,-5.8366844618002374E-07,0,0.0004,0,0,0
31.625,0,0.003814697265625,0,-0.06103515625,-0.003814697265625,0,2.8183838727191474E-07,0,-0.0002,0,0,0
31.75,0,0.00762939453125,0,0.030517578125,-0.00762939453125,0,-1.5614794165653172E-07,0,-0.0006,0,0,0
31.875,0,0.011444091796875,0,0.030517578125,-0.011444091796875,0,-5.8813071971608512E-07,0,0,0,0,0
32,0,0.0152587890625,0,0.030517578125,-0.0152587890625,0,-1.0142219524126126E-06,0,0,0,0,0
32.125,0,0.003814697265625,0,-0.091552734375,-0.003814697265625,0,2.8771020004658571E-07,0,-0.0008,0,0,0
32.25,0,0.011444091796875,0,0.06103515625,-0.011444091796875,0,-5.8094611552604061E-07,0,-0.0002,0,0,0
32.375,0,0.011444091796875,0,0,-0.011444091796875,0,-5.7661094918493559E-07,0,0.0008,0,0,0
32.5,0,0.00762939453125,0,-0.030517578125,-0.00762939453125,0,-1.4179622314600299E-07,0,0.0008,0,0,0
32.625,0,0.0152587890625,0,0.06103515625,-0.0152587890625,0,-1.0046071935770448E-06,0,0.0002,0,0,0
32.75,0,0.011444091796875,0,-0.030517578125,-0.011444091796875,0,-5.6397529711249009E-07,0,-0.0004,0,0,0
32.875,0,0.00762939453125,0,-0.030517578125,-0.00762939453125,0,-1.2939630866173436E-07,0,0.0012,0,0,0
33,0,0.003814697265625,0,-0.030517578125,-0.003814697265625,0,2.9924269811479315E-07,0,0.0002,0,0,0
33.125,0,0.011444091796875,0,0.06103515625,-0.011444091796875,0,-5.6962877400572372E-07,0,0.0002,0,0,0
33.25,0,0.0152587890625,0,0.030517578125,-0.0152587890625,0,-9.9606518905084179E-07,0,-0.0004,0,0,0
33.375,0,0.00762939453125,0,-0.06103515625,-0.00762939453125,0,-1.2503221794660447E-07,0,0.0004,0,0,0
33.5,0,0.011444091796875,0,0.030517578125,-0.011444091796875,0,-5.5759550784834084E-07,0,-0.0004,0,0,0
33.625,0,0.00762939453125,0,-0.030517578125,-0.00762939453125,0,-1.2313554421130943E-07,0,0,0,0,0
33.75,0,0,0,-0.06103515625,0,0,7.3594709725882063E-07,0,0.0002,0,0,0
33.875,0,0.0152587890625,0,0.1220703125,-0.0152587890625,0,-1.0000248871837512E-06,0,0,0,0,0
34,0,0.011444091796875,0,-0.030517578125,-0.011444091796875,0,-5.5947848071617077E-07,0,0.0008,0,0,0
34.125,0,0.00762939453125,0,-0.030517578125,-0.00762939453125,0,-1.2498338731457158E-07,0,0.0002,0,0,0
34.25,0,0.011444091796875,0,0.030517578125,-0.011444091796875,0,-5.5754758822710171E-07,0,0,0,0,0
34.375,0,0.0152587890625,0,0.030517578125,-0.0152587890625,0,-9.84209396436058E-07,0,-0.0004,0,0,0
34.5,0,0.0152587890625,0,0,-0.0152587890625,0,-9.745184912698774E-07,0,0.0008,0,0,0
34.625,0,0.011444091796875,0,-0.030517578125,-0.011444091796875,0,-5.3444794597838413E-07,0,0.0002,0,0,0
34.75,0,0.011444091796875,0,0,-0.011444091796875,0,-5.3098027474405788E-07,0,0.0002,0,0,0
34.875,0,0.011444091796875,0,0,-0.011444091796875,0,-5.27577298267761E-07,0,0,0,0,0
35,0,0.00762939453125,0,-0.030517578125,-0.00762939453125,0,-9.367737065319551E-08,0,0.0004,0,0,0
35.125,0,0.011444091796875,0,0.030517578125,-0.011444091796875,0,-5.2682563361656926E-07,0,0.0004,0,0,0
35.25,0,0.011444091796875,0,0,-0.011444091796875,0,-5.2350016838175957E-07,0,0.0004,0,0,0
35.375,0,0.00762939453125,0,-0.030517578125,-0.00762939453125,0,-8.9676305916859362E-08,0,-0.0002,0,0,0
35.5,0,0.00762939453125,0,0,-0.00762939453125,0,-9.23387760013981E-08,0,0.001,0,0,0
35.625,0,0.00762939453125,0,0,-0.00762939453125,0,-9.4951573597906649E-08,0,0.0002,0,0,0
35.75,0,0.00762939453125,0,0,-0.00762939453125,0,-9.7515625423301527E-08,0,0.0004,0,0,0
35.875,0,0.011444091796875,0,0.030517578125,-0.011444091796875,0,-5.3059227982091818E-07,0,-0.0002,0,0,0
36,0,0.011444091796875,0,0,-0.011444091796875,0,-5.2719654198864866E-07,0,0.0002,0,0,0
36.125,0,0.0152587890625,0,0.030517578125,-0.0152587890625,0,-9.5442459580154186E-07,0,-0.0002,0,0,0
36.25,0,0.011444091796875,0,-0.030517578125,-0.011444091796875,0,-5.1472893313799887E-07,0,0.0002,0,0,0
36.375,0,0.00762939453125,0,-0.030517578125,-0.00762939453125,0,-8.10687116019436E-08,0,0.0002,0,0,0
36.5,0,0.011444091796875,0,0.030517578125,-0.011444091796875,0,-5.1445220855702948E-07,0,-0.0012,0,0,0
36.625,0,0.003814697265625,0,-0.06103515625,-0.003814697265625,0,3.49763289170692E-07,0,-0.0002,0,0,0
36.75,0,0.00762939453125,0,0.030517578125,-0.00762939453125,0,-8.9490283621305347E-08,0,0.0008,0,0,0
36.875,0,0.00762939453125,0,0,-0.00762939453125,0,-9.2156224238828828E-08,0,0,0,0,0
37,0,0.011444091796875,0,0.030517578125,-0.011444091796875,0,-5.2533286653592672E-07,0,0.0002,0,0,0
37.125,0,0.011444091796875,0,0,-0.011444091796875,0,-5.2203525117457689E-07,0,0,0,0,0
37.25,0,0.011444091796875,0,0,-0.011444091796875,0,-5.1879915791652356E-07,0,0.0008,0,0,0
37.375,0,0.00762939453125,0,-0.030517578125,-0.00762939453125,0,-8.5063000056238513E-08,0,0.0004,0,0,0
37.5,0,0.00762939453125,0,0,-0.00762939453125,0,-8.78115384806516E-08,0,0,0,0,0
37.625,0,0.011444091796875,0,0.030517578125,-0.011444091796875,0,-5.2106923759509039E-07,0,0.001,0,0,0
37.75,0,0.00762939453125,0,-0.030517578125,-0.00762939453125,0,-8.7290727895317663E-08,0,-0.0002,0,0,0
37.875,0,0.0152587890625,0,0.06103515625,-0.0152587890625,0,-9.5111858245067039E-07,0,-0.0002,0,0,0
38,0,0.003814697265625,0,-0.091552734375,-0.003814697265625,0,3.4963627926362821E-07,0,-0.0004,0,0,0
38.125,0,0.00762939453125,0,0.030517578125,-0.00762939453125,0,-8.9614923962556949E-08,0,-0.0002,0,0,0
38.25,0,0.011444091796875,0,0.030517578125,-0.011444091796875,0,-5.2283897813792813E-07,0,0,0,0,0
38.375,0,0.011444091796875,0,0,-0.011444091796875,0,-5.1958789011309846E-07,0,0.0004,0,0,0
38.5,0,0.011444091796875,0,0,-0.011444091796875,0,-5.1639745615230365E-07,0,0.0004,0,0,0
38.625,0,0.00762939453125,0,-0.030517578125,-0.00762939453125,0,-8.2706105744627388E-08,0,0,0,0,0
38.75,0,0.0152587890625,0,0.06103515625,-0.0152587890625,0,-9.4661949350098225E-07,0,-0.001,0,0,0
38.875,0,0.011444091796875,0,-0.030517578125,-0.011444091796875,0,-5.0706944706533632E-07,0,-0.0008,0,0,0
39,0,0.00762939453125,0,-0.030517578125,-0.00762939453125,0,-7.3552125061738219E-08,0,0.001,0,0,0
39.125,0,0.011444091796875,0,0.030517578125,-0.011444091796875,0,-5.0707585553798722E-07,0,-0.0002,0,0,0
39.25,0,0.00762939453125,0,-0.030517578125,-0.00762939453125,0,-7.3558413974442523E-08,0,0,0,0,0
39.375,0,0.011444091796875,0,0.030517578125,-0.011444091796875,0,-5.0708202712132022E-07,0,0.0006,0,0,0
39.5,0,0.00762939453125,0,-0.030517578125,-0.00762939453125,0,-7.3564470417364785E-08,0,-0.0004,0,0,0
39.625,0,0.00762939453125,0,0,-0.00762939453125,0,-7.6527531656200714E-08,0,-0.0004,0,0,0
39.75,0,0.0152587890625,0,0.06103515625,-0.0152587890625,0,-9.4055619024667065E-07,0,-0.0006,0,0,0
39.875,0,0.00762939453125,0,-0.06103515625,-0.00762939453125,0,-7.055882517409549E-08,0,0,0,0,0
40,0,0.00762939453125,0,0,-0.00762939453125,0,-7.3577961363120089E-08,0,0.0002,0,0,0
40.125,0,0.003814697265625,0,-0.030517578125,-0.003814697265625,0,3.5401966800820876E-07,0,0.0004,0,0,0
40.25,0,0.003814697265625,0,0,-0.003814697265625,0,3.4524712481649979E-07,0,-0.0004,0,0,0
40.375,0,0.00762939453125,0,0.030517578125,-0.00762939453125,0,-9.3922191960330053E-08,0,0,0,0,0
40.5,0,0.00762939453125,0,0,-0.00762939453125,0,-9.6505448488669E-08,0,0.0012,0,0,0
40.625,0,0.003814697265625,0,-0.030517578125,-0.003814697265625,0,3.3151992853564569E-07,0,-0.0004,0,0,0
40.75,0,0.011444091796875,0,0.06103515625,-0.011444091796875,0,-5.3795372512713089E-07,0,0,0,0,0
40.875,0,0,0,-0.091552734375,0,0,7.57260668574434E-07,0,0,0,0,0
41,0,0.011444091796875,0,0.091552734375,-0.011444091796875,0,-5.4854851451541439E-07,0,0.0006,0,0,0
41.125,0,0.00762939453125,0,-0.030517578125,-0.00762939453125,0,-1.1425733649991868E-07,0,0.0012,0,0,0
41.25,0,0.011444091796875,0,0.030517578125,-0.011444091796875,0,-5.470216484423515E-07,0,0,0,0,0
41.375,0,0.011444091796875,0,0,-0.011444091796875,0,-5.4331939538539237E-07,0,0.0008,0,0,0
41.5,0,0.011444091796875,0,0,-0.011444091796875,0,-5.3968621357235981E-07,0,0,0,0,0
41.625,0,0.00762939453125,0,-0.030517578125,-0.00762939453125,0,-1.0556037545685785E-07,0,0.0004,0,0,0
41.75,0,0.011444091796875,0,0.030517578125,-0.011444091796875,0,-5.38486942628305E-07,0,-0.0006,0,0,0
41.875,0,0.0152587890625,0,0.030517578125,-0.0152587890625,0,-9.6550435659443124E-07,0,-0.0002,0,0,0
42,0,0.00762939453125,0,-0.06103515625,-0.00762939453125,0,-9.5041544979759382E-08,0,0.0008,0,0,0
42.125,0,0.011444091796875,0,0.030517578125,-0.011444091796875,0,-5.2816435716593912E-07,0,0,0,0,0
42.25,0,0.011444091796875,0,0,-0.011444091796875,0,-5.2481391597745846E-07,0,0.0002,0,0,0
42.375,0,0.00762939453125,0,-0.030517578125,-0.00762939453125,0,-9.0965543523844779E-08,0,-0.0002,0,0,0
42.5,0,0.011444091796875,0,0.030517578125,-0.011444091796875,0,-5.2416439980708521E-07,0,0,0,0,0
42.625,0,0.011444091796875,0,0,-0.011444091796875,0,-5.2088858399568675E-07,0,-0.0004,0,0,0
42.75,0,0.011444091796875,0,0,-0.011444091796875,0,-5.1767388358334043E-07,0,0,0,0,0
42.875,0,0.00762939453125,0,-0.030517578125,-0.00762939453125,0,-8.3958719452213239E-08,0,0.001,0,0,0
43,0,0.00762939453125,0,0,-0.00762939453125,0,-8.6727859935370184E-08,0,-0.0002,0,0,0
43.125,0,0.011444091796875,0,0.030517578125,-0.011444091796875,0,-5.2000577674535489E-07,0,-0.0002,0,0,0
43.25,0,0.011444091796875,0,0,-0.011444091796875,0,-5.1680754646457166E-07,0,-0.0004,0,0,0
43.375,0,0.00762939453125,0,-0.030517578125,-0.00762939453125,0,-8.310854518928727E-08,0,0,0,0,0
43.5,0,0.011444091796875,0,0.030517578125,-0.011444091796875,0,-5.1645398590102251E-07,0,-0.0004,0,0,0
43.625,0,0.011444091796875,0,0,-0.011444091796875,0,-5.133220197594029E-07,0,0.0008,0,0,0
43.75,0,0.0152587890625,0,0.030517578125,-0.0152587890625,0,-9.4080892419501645E-07,0,0.0004,0,0,0
43.875,0,0.003814697265625,0,-0.091552734375,-0.003814697265625,0,3.5975359493512569E-07,0,0.0008,0,0,0
44,0,0.011444091796875,0,0.06103515625,-0.011444091796875,0,-5.1024680134324723E-07,0,0,0,0,0
44.125,0,0.011444091796875,0,0,-0.011444091796875,0,-5.0723063980819867E-07,0,0.0002,0,0,0
44.25,0,0.0152587890625,0,0.030517578125,-0.0152587890625,0,-9.3483118833674333E-07,0,0,0,0,0
44.375,0,0.003814697265625,0,-0.091552734375,-0.003814697265625,0,3.6561980690639174E-07,0,0.0002,0,0,0
44.5,0,0.011444091796875,0,0.06103515625,-0.011444091796875,0,-5.0449003260877745E-07,0,0.0004,0,0,0
44.625,0,0.0152587890625,0,0.030517578125,-0.0152587890625,0,-9.3214171139380811E-07,0,0,0,0,0
44.75,0,0.00762939453125,0,-0.06103515625,-0.00762939453125,0,-6.2301331409075389E-08,0,-0.0002,0,0,0
44.875,0,0.00762939453125,0,0,-0.00762939453125,0,-6.547452388687645E-08,0,0,0,0,0
45,0,0.00762939453125,0,0,-0.00762939453125,0,-6.8588515562277365E-08,0,-0.0006,0,0,0
45.125,0,0.011444091796875,0,0.030517578125,-0.011444091796875,0,-5.02204849833356E-07,0,0,0,0,0
45.25,0,0.00762939453125,0,-0.030517578125,-0.00762939453125,0,-6.8778284397946329E-08,0,0.0002,0,0,0
45.375,0,0.00762939453125,0,0,-0.00762939453125,0,-7.1830639322799787E-08,0,0,0,0,0
45.5,0,0,0,-0.06103515625,0,0,7.8629482997523189E-07,0,0.0004,0,0,0
45.625,0,0.00762939453125,0,0.06103515625,-0.00762939453125,0,-8.949559128399696E-08,0,0,0,0,0
45.75,0,0.011444091796875,0,0.030517578125,-0.011444091796875,0,-5.2272187179463541E-07,0,-0.0002,0,0,0
45.875,0,0.0152587890625,0,0.030517578125,-0.0152587890625,0,-9.5003340748510621E-07,0,0,0,0,0
46,0,0,0,-0.1220703125,0,0,7.8126164753137017E-07,0,-0.0008,0,0,0
46.125,0,0.003814697265625,0,0.030517578125,-0.003814697265625,0,3.3612556697336367E-07,0,-0.0012,0,0,0
46.25,0,0.00762939453125,0,0.030517578125,-0.00762939453125,0,-1.0287357306592792E-07,0,0.0006,0,0,0
46.375,0,0.011444091796875,0,0.030517578125,-0.011444091796875,0,-5.3585026668212954E-07,0,0,0,0,0
46.5,0,0.003814697265625,0,-0.06103515625,-0.003814697265625,0,3.2876444484042896E-07,0,0.0002,0,0,0
46.625,0,0.00762939453125,0,0.030517578125,-0.00762939453125,0,-1.1009736210612277E-07,0,0,0,0,0
46.75,0,0.00762939453125,0,0,-0.00762939453125,0,-1.123788458746027E-07,0,-0.0006,0,0,0
46.875,0,0.011444091796875,0,0.030517578125,-0.011444091796875,0,-5.4517820395845241E-07,0,0.0004,0,0,0
47,0,0.003814697265625,0,-0.06103515625,-0.003814697265625,0,3.1961053462844579E-07,0,0.0006,0,0,0
47.125,0,0.003814697265625,0,0,-0.003814697265625,0,3.1147994691855095E-07,0,-0.0002,0,0,0
47.25,0,0.011444091796875,0,0.06103515625,-0.011444091796875,0,-5.576198299623676E-07,0,0.0004,0,0,0
47.375,0,0.011444091796875,0,0,-0.011444091796875,0,-5.5371985147451929E-07,0,0.001,0,0,0
47.5,0,0.011444091796875,0,0,-0.011444091796875,0,-5.4989263310363181E-07,0,0.0008,0,0,0
47.625,0,0.0152587890625,0,0.030517578125,-0.0152587890625,0,-9.7669725631319626E-07,0,-0.001,0,0,0
47.75,0,0.00762939453125,0,-0.06103515625,-0.00762939453125,0,-1.0602562388189546E-07,0,0.0008,0,0,0
47.875,0,0.003814697265625,0,-0.030517578125,-0.003814697265625,0,3.2217736670548296E-07,0,-0.0002,0,0,0
48,0,0.011444091796875,0,0.06103515625,-0.011444091796875,0,-5.47121987049334E-07,0,0.0004,0,0,0
48.125,0,0,0,-0.091552734375,0,0,7.4826345472643567E-07,0,-0.0008,0,0,0
48.25,0,0.00762939453125,0,0.06103515625,-0.00762939453125,0,-1.2681743253923284E-07,0,0.0006,0,0,0
48.375,0,0.00762939453125,0,0,-0.00762939453125,0,-1.2878697759212841E-07,0,-0.0006,0,0,0
48.5,0,0.003814697265625,0,-0.030517578125,-0.003814697265625,0,2.9984066117300349E-07,0,-0.0008,0,0,0
48.625,0,0.011444091796875,0,0.06103515625,-0.011444091796875,0,-5.6904196687111383E-07,0,-0.0004,0,0,0
48.75,0,0.00762939453125,0,-0.030517578125,-0.00762939453125,0,-1.3436845187735593E-07,0,0,0,0,0
48.875,0,0.00762939453125,0,0,-0.00762939453125,0,-1.361971210121081E-07,0,-0.0004,0,0,0
49,0,0.011444091796875,0,0.030517578125,-0.011444091796875,0,-5.6855211241798522E-07,0,0.0006,0,0,0
49.125,0,0.00762939453125,0,-0.030517578125,-0.00762939453125,0,-1.3388773641497159E-07,0,0.0008,0,0,0
49.25,0,0.00762939453125,0,0,-0.00762939453125,0,-1.3572537403849284E-07,0,0,0,0,0
49.375,0,0.0152587890625,0,0.06103515625,-0.0152587890625,0,-9.9864960552789455E-07,0,0.0002,0,0,0
49.5,0,0.003814697265625,0,-0.091552734375,-0.003814697265625,0,3.0299202076962976E-07,0,0,0,0,0
49.625,0,0.00762939453125,0,0.030517578125,-0.00762939453125,0,-1.3538896183504477E-07,0,0.0002,0,0,0
49.75,0,0.011444091796875,0,0.030517578125,-0.011444091796875,0,-5.6775903069748465E-07,0,-0.0004,0,0,0
49.875,0,0.003814697265625,0,-0.06103515625,-0.003814697265625,0,2.9745098805793831E-07,0,0.0006,0,0,0
50,0,0.011444091796875,0,0.06103515625,-0.011444091796875,0,-5.7138705694658219E-07,0,0,0,0,0
50.125,0,0.0152587890625,0,0.030517578125,-0.0152587890625,0,-9.97790668510136E-07,0,0.0004,0,0,0
50.25,0,0.00762939453125,0,-0.06103515625,-0.00762939453125,0,-1.267255059239037E-07,0,0,0,0,0
50.375,0,0.011444091796875,0,0.030517578125,-0.011444091796875,0,-5.5925720492541829E-07,0,0.0002,0,0,0
50.5,0,0.011444091796875,0,0,-0.011444091796875,0,-5.5532667868091147E-07,0,0.0004,0,0,0
50.625,0,0.00762939453125,0,-0.030517578125,-0.00762939453125,0,-1.2090904355315271E-07,0,0.0002,0,0,0
50.75,0,0.00762939453125,0,0,-0.00762939453125,0,-1.2298881872014163E-07,0,0.0002,0,0,0
50.875,0,0,0,-0.06103515625,0,0,7.3609108535953064E-07,0,-0.0004,0,0,0
51,0,0.00762939453125,0,0.06103515625,-0.00762939453125,0,-1.3876270757174965E-07,0,-0.0004,0,0,0
51.125,0,0.003814697265625,0,-0.030517578125,-0.003814697265625,0,2.900510438302464E-07,0,-0.0002,0,0,0
51.25,0,0.011444091796875,0,0.06103515625,-0.011444091796875,0,-5.78648943795448E-07,0,0,0,0,0
51.375,0,0.011444091796875,0,0,-0.011444091796875,0,-5.7435663473786849E-07,0,0,0,0,0
51.5,0,0.00762939453125,0,-0.030517578125,-0.00762939453125,0,-1.3958396641370177E-07,0,0.0002,0,0,0
51.625,0,0.011444091796875,0,0.030517578125,-0.011444091796875,0,-5.7187577099218588E-07,0,-0.0002,0,0,0
51.75,0,0.00762939453125,0,-0.030517578125,-0.00762939453125,0,-1.3714938700955128E-07,0,0.0004,0,0,0
51.875,0,0.011444091796875,0,0.030517578125,-0.011444091796875,0,-5.6948661242375242E-07,0,-0.0002,0,0,0
52,0,0.003814697265625,0,-0.06103515625,-0.003814697265625,0,2.9575563703469987E-07,0,-0.0004,0,0,0
52.125,0,0.00762939453125,0,0.030517578125,-0.00762939453125,0,-1.4249033966454024E-07,0,-0.0006,0,0,0
52.25,0,0.0152587890625,0,0.06103515625,-0.0152587890625,0,-1.0052883602807997E-06,0,0.0002,0,0,0
52.375,0,0.00762939453125,0,-0.06103515625,-0.00762939453125,0,-1.3408331668448781E-07,0,0.0004,0,0,0
52.5,0,0.00762939453125,0,0,-0.00762939453125,0,-1.3591730545627064E-07,0,-0.0002,0,0,0
52.625,0,0.00762939453125,0,0,-0.00762939453125,0,-1.3771707833738752E-07,0,0,0,0,0
52.75,0,0.011444091796875,0,0.030517578125,-0.011444091796875,0,-5.7004371259383236E-07,0,0.0004,0,0,0
52.875,0,0.011444091796875,0,0,-0.011444091796875,0,-5.6591194740352161E-07,0,0,0,0,0
53,0,0.00762939453125,0,-0.030517578125,-0.00762939453125,0,-1.3129682775303574E-07,0,0.0002,0,0,0
53.125,0,0.003814697265625,0,-0.030517578125,-0.003814697265625,0,2.9737763613993491E-07,0,-0.0004,0,0,0
53.25,0,0.00762939453125,0,0.030517578125,-0.00762939453125,0,-1.4089860145560886E-07,0,-0.0002,0,0,0
53.375,0,0.00762939453125,0,0,-0.00762939453125,0,-1.4260544057294794E-07,0,0.0006,0,0,0
53.5,0,0.00762939453125,0,0,-0.00762939453125,0,-1.4428043597263632E-07,0,0.0002,0,0,0
53.625,0,0.00762939453125,0,0,-0.00762939453125,0,-1.4592418174836655E-07,0,-0.0008,0,0,0
53.75,0,0.0152587890625,0,0.06103515625,-0.0152587890625,0,-1.0086581387416027E-06,0,0.0002,0,0,0
53.875,0,0.003814697265625,0,-0.091552734375,-0.003814697265625,0,2.93170212187738E-07,0,0.001,0,0,0
54,0,0.003814697265625,0,0,-0.003814697265625,0,2.8553290949448148E-07,0,0,0,0,0
54.125,0,0.00762939453125,0,0.030517578125,-0.00762939453125,0,-1.5252234644724619E-07,0,0.0004,0,0,0
54.25,0,0.003814697265625,0,-0.030517578125,-0.003814697265625,0,2.7654811225122315E-07,0,-0.0008,0,0,0
54.375,0,0.00762939453125,0,0.030517578125,-0.00762939453125,0,-1.6133951843299974E-07,0,0.0002,0,0,0
54.5,0,0.011444091796875,0,0.030517578125,-0.011444091796875,0,-5.9322543961638222E-07,0,0.0008,0,0,0
54.625,0,0.00762939453125,0,-0.030517578125,-0.00762939453125,0,-1.5810074461972252E-07,0,0,0,0,0
54.75,0,0.011444091796875,0,0.030517578125,-0.011444091796875,0,-5.9004709012652067E-07,0,0,0,0,0
54.875,0,0.003814697265625,0,-0.06103515625,-0.003814697265625,0,2.7557874677147384E-07,0,0,0,0,0
55,0,0.00762939453125,0,0.030517578125,-0.00762939453125,0,-1.6229079890384349E-07,0,0.0002,0,0,0
55.125,0,0.003814697265625,0,-0.030517578125,-0.003814697265625,0,2.6696190534943664E-07,0,-0.0008,0,0,0
55.25,0,0.00762939453125,0,0.030517578125,-0.00762939453125,0,-1.7074687985203354E-07,0,-0.0006,0,0,0
55.375,0,0.003814697265625,0,-0.030517578125,-0.003814697265625,0,2.5866358564037586E-07,0,0,0,0,0
55.5,0,0.003814697265625,0,0,-0.003814697265625,0,2.516700573144221E-07,0,0,0,0,0
55.625,0,0.00762939453125,0,0.030517578125,-0.00762939453125,0,-1.8575343486426826E-07,0,0,0,0,0
55.75,0,0.011444091796875,0,0.030517578125,-0.011444091796875,0,-6.171838767621765E-07,0,0.0008,0,0,0
55.875,0,0.011444091796875,0,0,-0.011444091796875,0,-6.1217263906474106E-07,0,0.0008,0,0,0
56,0,0.00762939453125,0,-0.030517578125,-0.00762939453125,0,-1.76694454823913E-07,0,-0.0002,0,0,0
56.125,0,0.00762939453125,0,0,-0.00762939453125,0,-1.7773346705812827E-07,0,0.0002,0,0,0
56.25,0,0.00762939453125,0,0,-0.00762939453125,0,-1.7875309491575766E-07,0,0,0,0,0
56.375,0,0.00762939453125,0,0,-0.00762939453125,0,-1.7975370004225951E-07,0,-0.0004,0,0,0
56.5,0,0.0152587890625,0,0.06103515625,-0.0152587890625,0,-1.0418565151675442E-06,0,0.0012,0,0,0
56.625,0,0.011444091796875,0,-0.030517578125,-0.011444091796875,0,-6.005296751272544E-07,0,-0.0002,0,0,0
56.75,0,0.00762939453125,0,-0.030517578125,-0.00762939453125,0,-1.6526870834557432E-07,0,0.0002,0,0,0
56.875,0,0.00762939453125,0,0,-0.00762939453125,0,-1.6652088551203697E-07,0,-0.0014,0,0,0
57,0,0.00762939453125,0,0,-0.00762939453125,0,-1.6774970138115623E-07,0,0.0002,0,0,0
57.125,0,0.00762939453125,0,0,-0.00762939453125,0,-1.6895559179398411E-07,0,0.0004,0,0,0
57.25,0,0.00762939453125,0,0,-0.00762939453125,0,-1.7013898446028528E-07,0,0,0,0,0
57.375,0,0.00762939453125,0,0,-0.00762939453125,0,-1.713002991102387E-07,0,0,0,0,0
57.5,0,0.00762939453125,0,0,-0.00762939453125,0,-1.724399476433091E-07,0,-0.0002,0,0,0
57.625,0,0.00762939453125,0,0,-0.00762939453125,0,-1.7355833427434113E-07,0,-0.0004,0,0,0
57.75,0,0.00762939453125,0,0,-0.00762939453125,0,-1.7465585567692772E-07,0,-0.0004,0,0,0
57.875,0,0.00762939453125,0,0,-0.00762939453125,0,-1.7573290112410379E-07,0,-0.0002,0,0,0
58,0,0.00762939453125,0,0,-0.00762939453125,0,-1.7678985262641507E-07,0,-0.0002,0,0,0
58.125,0,0.00762939453125,0,0,-0.00762939453125,0,-1.778270850674111E-07,0,0.0002,0,0,0
58.25,0,0.011444091796875,0,0.030517578125,-0.011444091796875,0,-6.0940540525236336E-07,0,0.0008,0,0,0
58.375,0,0.0152587890625,0,0.030517578125,-0.0152587890625,0,-1.0350997258600813E-06,0,0,0,0,0
58.5,0,0.00762939453125,0,-0.06103515625,-0.00762939453125,0,-1.6333850523533996E-07,0,0,0,0,0
58.625,0,0.003814697265625,0,-0.030517578125,-0.003814697265625,0,2.6593374559632716E-07,0,0,0,0,0
58.75,0,0.00762939453125,0,0.030517578125,-0.00762939453125,0,-1.7175585769833923E-07,0,-0.001,0,0,0
58.875,0,0.00762939453125,0,0,-0.00762939453125,0,-1.7288700708295126E-07,0,0,0,0,0
59,0,0.011444091796875,0,0.030517578125,-0.011444091796875,0,-6.0455749204600793E-07,0,-0.0004,0,0,0
59.125,0,0.00762939453125,0,-0.030517578125,-0.00762939453125,0,-1.6922138012416408E-07,0,0.0008,0,0,0
59.25,0,0.011444091796875,0,0.030517578125,-0.011444091796875,0,-6.0096025301476629E-07,0,-0.0002,0,0,0
59.375,0,0.003814697265625,0,-0.06103515625,-0.003814697265625,0,2.6486918577760666E-07,0,0,0,0,0
59.5,0,0.011444091796875,0,0.06103515625,-0.011444091796875,0,-6.0336099542661416E-07,0,-0.001,0,0,0
59.625,0,0.00762939453125,0,-0.030517578125,-0.00762939453125,0,-1.6804720599558437E-07,0,-0.0006,0,0,0
59.75,0,0.003814697265625,0,-0.030517578125,-0.003814697265625,0,2.6131289291501868E-07,0,0.0002,0,0,0
59.875,0,0.00762939453125,0,0.030517578125,-0.00762939453125,0,-1.7629050124218754E-07,0,-0.001,0,0,0
60,0,0.003814697265625,0,-0.030517578125,-0.003814697265625,0,2.5322338906192033E-07,0,-0.0008,0,0,0
60.125,0,0.011444091796875,0,0.06103515625,-0.011444091796875,0,-6.1478952183330384E-07,0,-0.0006,0,0,0
60.25,0,0.00762939453125,0,-0.030517578125,-0.00762939453125,0,-1.7926251560617341E-07,0,-0.0002,0,0,0
60.375,0,0.003814697265625,0,-0.030517578125,-0.003814697265625,0,2.5030682221217247E-07,0,0.0002,0,0,0
60.5,0,0.003814697265625,0,0,-0.003814697265625,0,2.4346920220375029E-07,0,0.0002,0,0,0
60.625,0,0.011444091796875,0,0.06103515625,-0.011444091796875,0,-6.2436172928341573E-07,0,0.0002,0,0,0
60.75,0,0.00762939453125,0,-0.030517578125,-0.00762939453125,0,-1.8865613875490691E-07,0,0.0004,0,0,0
60.875,0,0.011444091796875,0,0.030517578125,-0.011444091796875,0,-6.2003242623241418E-07,0,0.0002,0,0,0
61,0,0.00762939453125,0,-0.030517578125,-0.00762939453125,0,-1.8440760553310596E-07,0,0.0004,0,0,0
61.125,0,0.011444091796875,0,0.030517578125,-0.011444091796875,0,-6.1586315595400979E-07,0,0,0,0,0
61.25,0,0.003814697265625,0,-0.06103515625,-0.003814697265625,0,2.5024431949017891E-07,0,0.0006,0,0,0
61.375,0,0.003814697265625,0,0,-0.003814697265625,0,2.4340786556648692E-07,0,-0.0006,0,0,0
61.5,0,0.011444091796875,0,0.06103515625,-0.011444091796875,0,-6.2442192159105907E-07,0,0,0,0,0
61.625,0,0.011444091796875,0,0,-0.011444091796875,0,-6.1927564699791821E-07,0,0,0,0,0
61.75,0,0.003814697265625,0,-0.06103515625,-0.003814697265625,0,2.4689549373269608E-07,0,0.0002,0,0,0
61.875,0,0.00762939453125,0,0.030517578125,-0.00762939453125,0,-1.9043892159448712E-07,0,0,0,0,0
62,0,0.00762939453125,0,0,-0.00762939453125,0,-1.9122150959125931E-07,0,-0.0006,0,0,0
62.125,0,0.003814697265625,0,-0.030517578125,-0.003814697265625,0,2.3857094171445574E-07,0,0,0,0,0
62.25,0,0.00762939453125,0,0.030517578125,-0.00762939453125,0,-1.9860816624875589E-07,0,0.0002,0,0,0
62.375,0,0.011444091796875,0,0.030517578125,-0.011444091796875,0,-6.2979878329584777E-07,0,0.0006,0,0,0
62.5,0,0.003814697265625,0,-0.06103515625,-0.003814697265625,0,2.3656868278123129E-07,0,0.0002,0,0,0
62.625,0,0.0152587890625,0,0.091552734375,-0.0152587890625,0,-1.0616939477832921E-06,0,0.0004,0,0,0
62.75,0,0.00762939453125,0,-0.06103515625,-0.00762939453125,0,-1.8943657090957578E-07,0,0.0004,0,0,0
62.875,0,0.0152587890625,0,0.06103515625,-0.0152587890625,0,-1.0513587371366634E-06,0,-0.0008,0,0,0
63,0,0.011444091796875,0,-0.030517578125,-0.011444091796875,0,-6.0985461848214131E-07,0,0,0,0,0
63.125,0,0.003814697265625,0,-0.06103515625,-0.003814697265625,0,2.5614075842340711E-07,0,0,0,0,0
63.25,0,0.00762939453125,0,0.030517578125,-0.00762939453125,0,-1.8136614158345463E-07,0,0.0014,0,0,0
63.375,0,0.00762939453125,0,0,-0.00762939453125,0,-1.8231799629203543E-07,0,0.0006,0,0,0
63.5,0,0.011444091796875,0,0.030517578125,-0.011444091796875,0,-6.1381253159792171E-07,0,-0.0002,0,0,0
63.625,0,0.011444091796875,0,0,-0.011444091796875,0,-6.0886419154703243E-07,0,0,0,0,0
63.75,0,0.011444091796875,0,0,-0.011444091796875,0,-6.0400817041584654E-07,0,0,0,0,0
63.875,0,0.00762939453125,0,-0.030517578125,-0.00762939453125,0,-1.686823069367015E-07,0,0.0006,0,0,0
64,0,0.00762939453125,0,0,-0.00762939453125,0,-1.6987079815373606E-07,0,0,0,0,0
64.125,0,0.00762939453125,0,0,-0.00762939453125,0,-1.710371162330911E-07,0,-0.0008,0,0,0
64.25,0,0.003814697265625,0,-0.030517578125,-0.003814697265625,0,2.5837876406688652E-07,0,0,0,0,0
64.375,0,0.003814697265625,0,0,-0.003814697265625,0,2.5139054952690993E-07,0,0.0006,0,0,0
64.5,0,0.011444091796875,0,0.06103515625,-0.011444091796875,0,-6.165881669184337E-07,0,-0.0004,0,0,0
64.625,0,0.00762939453125,0,-0.030517578125,-0.00762939453125,0,-1.8102760419165266E-07,0,0,0,0,0
64.75,0,0.00762939453125,0,0,-0.00762939453125,0,-1.8198577483769309E-07,0,-0.0002,0,0,0
64.875,0,0.003814697265625,0,-0.030517578125,-0.003814697265625,0,2.47634369584027E-07,0,0.0002,0,0,0
65,0,0,0,-0.030517578125,0,0,6.7140704721914382E-07,0,0,0,0,0
65.125,0,0.003814697265625,0,0.030517578125,-0.003814697265625,0,2.2832047375260073E-07,0,0.0018,0,0,0
65.25,0,0.00762939453125,0,0.030517578125,-0.00762939453125,0,-2.0866739591272504E-07,0,-0.0002,0,0,0
65.375,0,0.011444091796875,0,0.030517578125,-0.011444091796875,0,-6.3967034250748834E-07,0,0,0,0,0
65.5,0,0.011444091796875,0,0,-0.011444091796875,0,-6.3423958509147958E-07,0,0.0004,0,0,0
65.625,0,0.00762939453125,0,-0.030517578125,-0.00762939453125,0,-1.983497079198121E-07,0,0,0,0,0
65.75,0,0.0152587890625,0,0.06103515625,-0.0152587890625,0,-1.0601055858216248E-06,0,0.0004,0,0,0
65.875,0,0.011444091796875,0,-0.030517578125,-0.011444091796875,0,-6.1843828120714438E-07,0,-0.0002,0,0,0
66,0,0.00762939453125,0,-0.030517578125,-0.00762939453125,0,-1.828432017432949E-07,0,-0.0002,0,0,0
66.125,0,0.011444091796875,0,0.030517578125,-0.011444091796875,0,-6.143279385310146E-07,0,-0.0006,0,0,0
66.25,0,0.00762939453125,0,-0.030517578125,-0.00762939453125,0,-1.7880954385268285E-07,0,-0.0004,0,0,0
66.375,0,0.011444091796875,0,0.030517578125,-0.011444091796875,0,-6.1036953475290994E-07,0,0,0,0,0
66.5,0,0.003814697265625,0,-0.06103515625,-0.003814697265625,0,2.5563544871026506E-07,0,0,0,0,0
66.625,0,0.00762939453125,0,0.030517578125,-0.00762939453125,0,-1.8186202396412694E-07,0,-0.0012,0,0,0
66.75,0,0.00762939453125,0,0,-0.00762939453125,0,-1.8280462722167307E-07,0,0,0,0,0
66.875,0,0.00762939453125,0,0,-0.00762939453125,0,-1.8372964476086709E-07,0,0.0004,0,0,0
67,0,0.0152587890625,0,0.06103515625,-0.0152587890625,0,-1.0457582825019285E-06,0,0.0004,0,0,0
67.125,0,0.003814697265625,0,-0.091552734375,-0.003814697265625,0,2.567622288605209E-07,0,0.0002,0,0,0
67.25,0,0.003814697265625,0,0,-0.003814697265625,0,2.4980417327938294E-07,0,0,0,0,0
67.375,0,0.011444091796875,0,0.06103515625,-0.011444091796875,0,-6.1814494686903912E-07,0,-0.0004,0,0,0
67.5,0,0.011444091796875,0,0,-0.011444091796875,0,-6.1311577892568034E-07,0,0.0008,0,0,0
67.625,0,0.00762939453125,0,-0.030517578125,-0.00762939453125,0,-1.7761999895533587E-07,0,0.0002,0,0,0
67.75,0,0.011444091796875,0,0.030517578125,-0.011444091796875,0,-6.0920218265127474E-07,0,0,0,0,0
67.875,0,0.0152587890625,0,0.030517578125,-0.0152587890625,0,-1.0349002946902199E-06,0,0.0004,0,0,0
68,0,0.00762939453125,0,-0.06103515625,-0.00762939453125,0,-1.6314279476170548E-07,0,0,0,0,0
68.125,0,0.00762939453125,0,0,-0.00762939453125,0,-1.6443463412668868E-07,0,0,0,0,0
68.25,0,0.011444091796875,0,0.030517578125,-0.011444091796875,0,-5.9626281115056328E-07,0,0.0004,0,0,0
68.375,0,0.00762939453125,0,-0.030517578125,-0.00762939453125,0,-1.6108144930079948E-07,0,0,0,0,0
68.5,0,0.011444091796875,0,0.030517578125,-0.011444091796875,0,-5.9297218516208376E-07,0,0,0,0,0
68.625,0,0.011444091796875,0,0,-0.011444091796875,0,-5.8841265393383286E-07,0,-0.0002,0,0,0
68.75,0,0.011444091796875,0,0,-0.011444091796875,0,-5.8393818779670687E-07,0,0,0,0,0
68.875,0,0.00762939453125,0,-0.030517578125,-0.00762939453125,0,-1.4898676081440927E-07,0,0,0,0,0
69,0,0.011444091796875,0,0.030517578125,-0.011444091796875,0,-5.8110314175338212E-07,0,0.0002,0,0,0
69.125,0,0.011444091796875,0,0,-0.011444091796875,0,-5.7676504584569026E-07,0,0.0002,0,0,0
69.25,0,0.00762939453125,0,-0.030517578125,-0.00762939453125,0,-1.4194744489575631E-07,0,-0.0006,0,0,0
69.375,0,0.00762939453125,0,0,-0.00762939453125,0,-1.436347162201918E-07,0,0,0,0,0
69.5,0,0.00762939453125,0,0,-0.00762939453125,0,-1.4529050889434934E-07,0,0.0006,0,0,0
69.625,0,0.003814697265625,0,-0.030517578125,-0.003814697265625,0,2.8364502871472682E-07,0,0.0008,0,0,0
69.75,0,0.011444091796875,0,0.06103515625,-0.011444091796875,0,-5.8493544481351557E-07,0,-0.0002,0,0,0
69.875,0,0.00762939453125,0,-0.030517578125,-0.00762939453125,0,-1.4996541246264754E-07,0,0,0,0,0
70,0,0,0,-0.06103515625,0,0,7.0961778160234765E-07,0,0,0,0,0
70.125,0,0.00762939453125,0,0.06103515625,-0.00762939453125,0,-1.6474211099494021E-07,0,-0.0002,0,0,0
70.25,0,0.00762939453125,0,0,-0.00762939453125,0,-1.6600411264760009E-07,0,0.0004,0,0,0
70.375,0,0.00762939453125,0,0,-0.00762939453125,0,-1.6724256971196588E-07,0,0,0,0,0
70.5,0,0.00762939453125,0,0,-0.00762939453125,0,-1.6845792144866511E-07,0,-0.0002,0,0,0
70.625,0,0.003814697265625,0,-0.030517578125,-0.003814697265625,0,2.6090983999251257E-07,0,0.0002,0,0,0
70.75,0,0.00762939453125,0,0.030517578125,-0.00762939453125,0,-1.766860345904513E-07,0,0.0006,0,0,0
70.875,0,0.00762939453125,0,0,-0.00762939453125,0,-1.7772520391711551E-07,0,0,0,0,0
71,0,0.003814697265625,0,-0.030517578125,-0.003814697265625,0,2.5181545297936131E-07,0,0.0002,0,0,0
71.125,0,0.00762939453125,0,0.030517578125,-0.00762939453125,0,-1.8561075177982645E-07,0,0.0006,0,0,0
71.25,0,0.00762939453125,0,0,-0.00762939453125,0,-1.8648341673510391E-07,0,0.0008,0,0,0
71.375,0,0.011444091796875,0,0.030517578125,-0.011444091796875,0,-6.179002396947367E-07,0,0.0002,0,0,0
71.5,0,0.011444091796875,0,0,-0.011444091796875,0,-6.1287563714133552E-07,0,-0.0004,0,0,0
71.625,0,0.011444091796875,0,0,-0.011444091796875,0,-6.07944776302307E-07,0,0.0002,0,0,0
71.75,0,0.00762939453125,0,-0.030517578125,-0.00762939453125,0,-1.7254546936555827E-07,0,0,0,0,0
71.875,0,0.003814697265625,0,-0.030517578125,-0.003814697265625,0,2.568985515897277E-07,0,0.0008,0,0,0
72,0,0.003814697265625,0,0,-0.003814697265625,0,2.4993795269770931E-07,0,0.0006,0,0,0
72.125,0,0.00762939453125,0,0.030517578125,-0.00762939453125,0,-1.8745322439645096E-07,0,-0.0002,0,0,0
72.25,0,0.00762939453125,0,0,-0.00762939453125,0,-1.8829151518184507E-07,0,-0.0002,0,0,0
72.375,0,0.00762939453125,0,0,-0.00762939453125,0,-1.8911416635902532E-07,0,0.0012,0,0,0
72.5,0,0.00762939453125,0,0,-0.00762939453125,0,-1.8992146970901727E-07,0,-0.0008,0,0,0
72.625,0,0.00762939453125,0,0,-0.00762939453125,0,-1.9071371156922118E-07,0,-0.0002,0,0,0
72.75,0,0,0,-0.06103515625,0,0,6.6962970489653491E-07,0,0.0002,0,0,0
72.875,0,0.00762939453125,0,0.06103515625,-0.00762939453125,0,-2.0398414842201888E-07,0,0.0008,0,0,0
73,0,0,0,-0.06103515625,0,0,6.5660684852156271E-07,0,0,0,0,0
73.125,0,0.00762939453125,0,0.06103515625,-0.00762939453125,0,-2.1676404331503442E-07,0,0.0006,0,0,0
73.25,0,0.00762939453125,0,0,-0.00762939453125,0,-2.1705549554237542E-07,0,0,0,0,0
73.375,0,0.011444091796875,0,0.030517578125,-0.011444091796875,0,-6.4790194919441254E-07,0,-0.001,0,0,0
73.5,0,0.00762939453125,0,-0.030517578125,-0.00762939453125,0,-2.1175717953726392E-07,0,-0.0002,0,0,0
73.625,0,0.00762939453125,0,0,-0.00762939453125,0,-2.1214204253474441E-07,0,0.0004,0,0,0
73.75,0,0.003814697265625,0,-0.030517578125,-0.003814697265625,0,2.1804071359664932E-07,0,0.0002,0,0,0
73.875,0,0.00762939453125,0,0.030517578125,-0.00762939453125,0,-2.1875537127970732E-07,0,0,0,0,0
74,0,0.00762939453125,0,0,-0.00762939453125,0,-2.1900967221094032E-07,0,0.0012,0,0,0
74.125,0,0.00762939453125,0,0,-0.00762939453125,0,-2.1925922876587549E-07,0,0.0006,0,0,0
74.25,0,0.003814697265625,0,-0.030517578125,-0.003814697265625,0,2.1105630945757913E-07,0,-0.0004,0,0,0
74.375,0,0.0152587890625,0,0.091552734375,-0.0152587890625,0,-1.0867303484130536E-06,0,0.0002,0,0,0
74.5,0,0.011444091796875,0,-0.030517578125,-0.011444091796875,0,-6.4456631776630355E-07,0,0.0008,0,0,0
74.625,0,0.00762939453125,0,-0.030517578125,-0.00762939453125,0,-2.0848377946084153E-07,0,-0.0006,0,0,0
74.75,0,0.00762939453125,0,0,-0.00762939453125,0,-2.0892971278811028E-07,0,0,0,0,0
74.875,0,0.003814697265625,0,-0.030517578125,-0.003814697265625,0,2.2119311237473836E-07,0,0,0,0,0
75,0,0.011444091796875,0,0.06103515625,-0.011444091796875,0,-6.4622222428121546E-07,0,0,0,0,0
75.125,0,0.003814697265625,0,-0.06103515625,-0.003814697265625,0,2.2045164643135522E-07,0,0,0,0,0
75.25,0,0,0,-0.030517578125,0,0,6.4473145971403112E-07,0,-0.0006,0,0,0
75.375,0,0.011444091796875,0,0.091552734375,-0.011444091796875,0,-6.58978317334553E-07,0,0.0002,0,0,0
75.5,0,0.00762939453125,0,-0.030517578125,-0.00762939453125,0,-2.2262690093720094E-07,0,0,0,0,0
75.625,0,0.011444091796875,0,0.030517578125,-0.011444091796875,0,-6.5336941142405737E-07,0,-0.0002,0,0,0
75.75,0,0.00762939453125,0,-0.030517578125,-0.00762939453125,0,-2.1712263782187486E-07,0,0.001,0,0,0
75.875,0,0.00762939453125,0,0,-0.00762939453125,0,-2.1740739991532397E-07,0,-0.0004,0,0,0
76,0,0.003814697265625,0,-0.030517578125,-0.003814697265625,0,2.1287358958326527E-07,0,0.0002,0,0,0
76.125,0,0.003814697265625,0,0,-0.003814697265625,0,2.0673434429480292E-07,0,0,0,0,0
76.25,0,0.011444091796875,0,0.06103515625,-0.011444091796875,0,-6.6041124173050437E-07,0,-0.0002,0,0,0
76.375,0,0.00762939453125,0,-0.030517578125,-0.00762939453125,0,-2.2403309191732182E-07,0,0.0002,0,0,0
76.5,0,0.003814697265625,0,-0.030517578125,-0.003814697265625,0,2.0637151009003223E-07,0,-0.001,0,0,0
76.625,0,0.00762939453125,0,0.030517578125,-0.00762939453125,0,-2.3020686778752267E-07,0,-0.0002,0,0,0
76.75,0,0.011444091796875,0,0.030517578125,-0.011444091796875,0,-6.6080796229572521E-07,0,0,0,0,0
76.875,0,0.00762939453125,0,-0.030517578125,-0.00762939453125,0,-2.2442241104819724E-07,0,-0.0002,0,0,0
77,0,0.003814697265625,0,-0.030517578125,-0.003814697265625,0,2.0598945430832292E-07,0,0.0006,0,0,0
77.125,0,0.00762939453125,0,0.030517578125,-0.00762939453125,0,-2.3058179572905303E-07,0,-0.0006,0,0,0
77.25,0,0.00762939453125,0,0,-0.00762939453125,0,-2.3061545646218143E-07,0,0.0008,0,0,0
77.375,0,0.011444091796875,0,0.030517578125,-0.011444091796875,0,-6.6120892811814268E-07,0,0.0002,0,0,0
77.5,0,0.003814697265625,0,-0.06103515625,-0.003814697265625,0,2.0574454268130778E-07,0,0.0004,0,0,0
77.625,0,0.00762939453125,0,0.030517578125,-0.00762939453125,0,-2.3082213815172967E-07,0,0.0012,0,0,0
77.75,0,0.011444091796875,0,0.030517578125,-0.011444091796875,0,-6.6141175384183057E-07,0,0.0004,0,0,0
77.875,0,0.00762939453125,0,-0.030517578125,-0.00762939453125,0,-2.2501493793126629E-07,0,0,0,0,0
78,0,0.011444091796875,0,0.030517578125,-0.011444091796875,0,-6.55712895902888E-07,0,-0.0004,0,0,0
78.125,0,0.00762939453125,0,-0.030517578125,-0.00762939453125,0,-2.1942240098139388E-07,0,0.0004,0,0,0
78.25,0,0.00762939453125,0,0,-0.00762939453125,0,-2.196642574442119E-07,0,-0.0002,0,0,0
78.375,0,0.00762939453125,0,0,-0.00762939453125,0,-2.1990160170149415E-07,0,0.0004,0,0,0
78.5,0,0.011444091796875,0,0.030517578125,-0.011444091796875,0,-6.5069495685115089E-07,0,-0.0002,0,0,0
78.625,0,0.003814697265625,0,-0.06103515625,-0.003814697265625,0,2.1606235958962998E-07,0,0.001,0,0,0
78.75,0,0.0152587890625,0,0.091552734375,-0.0152587890625,0,-1.0818176938713259E-06,0,-0.0002,0,0,0
78.875,0,0.00762939453125,0,-0.06103515625,-0.00762939453125,0,-2.0918487746028451E-07,0,0.0008,0,0,0
79,0,0.00762939453125,0,0,-0.00762939453125,0,-2.0961773072247103E-07,0,-0.0004,0,0,0
79.125,0,0.00762939453125,0,0,-0.00762939453125,0,-2.1004250843909191E-07,0,0,0,0,0
79.25,0,0.00762939453125,0,0,-0.00762939453125,0,-2.1045936127191153E-07,0,-0.0008,0,0,0
79.375,0,0.003814697265625,0,-0.030517578125,-0.003814697265625,0,2.1969200184388663E-07,0,0.0002,0,0,0
79.5,0,0.011444091796875,0,0.06103515625,-0.011444091796875,0,-6.476953292786685E-07,0,-0.0002,0,0,0
79.625,0,0.00762939453125,0,-0.030517578125,-0.00762939453125,0,-2.115544144348946E-07,0,0,0,0,0
79.75,0,0.011444091796875,0,0.030517578125,-0.011444091796875,0,-6.4250349924401079E-07,0,-0.0002,0,0,0
79.875,0,0.00762939453125,0,-0.030517578125,-0.00762939453125,0,-2.0645944600133017E-07,0,0.0002,0,0,0
80,0,0.00762939453125,0,0,-0.00762939453125,0,-2.0694314639314574E-07,0,0.0006,0,0,0
80.125,0,0.00762939453125,0,0,-0.00762939453125,0,-2.0741782260772748E-07,0,0,0,0,0
80.25,0,0.00762939453125,0,0,-0.00762939453125,0,-2.0788364300502737E-07,0,-0.0004,0,0,0
80.375,0,0.00762939453125,0,0,-0.00762939453125,0,-2.083407728039827E-07,0,0.0008,0,0,0
80.5,0,0.00762939453125,0,0,-0.00762939453125,0,-2.0878937414111655E-07,0,0.0004,0,0,0
80.625,0,0.00762939453125,0,0,-0.00762939453125,0,-2.0922960612804491E-07,0,0.0004,0,0,0
80.75,0,0.003814697265625,0,-0.030517578125,-0.003814697265625,0,2.2089881400784203E-07,0,-0.0004,0,0,0
80.875,0,0.00762939453125,0,0.030517578125,-0.00762939453125,0,-2.1595059314217642E-07,0,0,0,0,0
81,0,0.00762939453125,0,0,-0.00762939453125,0,-2.1625722153777151E-07,0,0,0,0,0
81.125,0,0.003814697265625,0,-0.030517578125,-0.003814697265625,0,2.1400230960828138E-07,0,0,0,0,0
81.25,0,0.011444091796875,0,0.06103515625,-0.011444091796875,0,-6.5327887152554336E-07,0,0,0,0,0
81.375,0,0.011444091796875,0,0,-0.011444091796875,0,-6.4759422600063778E-07,0,0,0,0,0
81.5,0,0.00762939453125,0,-0.030517578125,-0.00762939453125,0,-2.1145519739453356E-07,0,-0.0006,0,0,0
81.625,0,0.00762939453125,0,0,-0.00762939453125,0,-2.1184569433489185E-07,0,0.0002,0,0,0
81.75,0,0.00762939453125,0,0,-0.00762939453125,0,-2.1222890595223059E-07,0,0.002,0,0,0
81.875,0,0.003814697265625,0,-0.030517578125,-0.003814697265625,0,2.1795547075026005E-07,0,0.0008,0,0,0
82,0,0.00762939453125,0,0.030517578125,-0.00762939453125,0,-2.1883902378925434E-07,0,-0.0006,0,0,0
82.125,0,0.00762939453125,0,0,-0.00762939453125,0,-2.1909176405383297E-07,0,-0.0002,0,0,0
82.25,0,0.00762939453125,0,0,-0.00762939453125,0,-2.1933978905875858E-07,0,0,0,0,0
82.375,0,0.00762939453125,0,0,-0.00762939453125,0,-2.1958318677447635E-07,0,-0.0006,0,0,0
82.5,0,0.00762939453125,0,0,-0.00762939453125,0,-2.1982204353020707E-07,0,0.0002,0,0,0
82.625,0,0,0,-0.06103515625,0,0,6.4106443378693949E-07,0,0.0002,0,0,0
82.75,0,0.00762939453125,0,0.06103515625,-0.00762939453125,0,-2.3201649031843342E-07,0,0,0,0,0
82.875,0,0.011444091796875,0,0.030517578125,-0.011444091796875,0,-6.6258382352579432E-07,0,-0.0004,0,0,0
83,0,0.00762939453125,0,-0.030517578125,-0.00762939453125,0,-2.2616514084659092E-07,0,0.0004,0,0,0
83.125,0,0.011444091796875,0,0.030517578125,-0.011444091796875,0,-6.5684164000788626E-07,0,0,0,0,0
83.25,0,0.003814697265625,0,-0.06103515625,-0.003814697265625,0,2.1003035229246638E-07,0,0.0002,0,0,0
83.375,0,0.003814697265625,0,0,-0.003814697265625,0,2.0394415198321878E-07,0,0.0004,0,0,0
83.5,0,0.003814697265625,0,0,-0.003814697265625,0,1.9797149913268859E-07,0,-0.0004,0,0,0
83.625,0,0.00762939453125,0,0.030517578125,-0.00762939453125,0,-2.3845016357794093E-07,0,-0.0002,0,0,0
83.75,0,0.00762939453125,0,0,-0.00762939453125,0,-2.3833702776673977E-07,0,0,0,0,0
83.875,0,0.011444091796875,0,0.030517578125,-0.011444091796875,0,-6.6878644159443565E-07,0,0.0002,0,0,0
84,0,0,0,-0.091552734375,0,0,6.2886883832794348E-07,0,0.0002,0,0,0
84.125,0,0.00762939453125,0,0.06103515625,-0.00762939453125,0,-2.4398455812445191E-07,0,0,0,0,0
84.25,0,0.003814697265625,0,-0.030517578125,-0.003814697265625,0,1.867922692731943E-07,0,-0.0008,0,0,0
84.375,0,0.011444091796875,0,0.06103515625,-0.011444091796875,0,-6.7998126656887873E-07,0,0.0004,0,0,0
84.5,0,0.003814697265625,0,-0.06103515625,-0.003814697265625,0,1.8732243117299191E-07,0,0.0008,0,0,0
84.625,0,0.003814697265625,0,0,-0.003814697265625,0,1.8165988217406251E-07,0,-0.0002,0,0,0
84.75,0,0.00762939453125,0,0.030517578125,-0.00762939453125,0,-2.5445746215085606E-07,0,0,0,0,0
84.875,0,0.003814697265625,0,-0.030517578125,-0.003814697265625,0,1.7651475343271342E-07,0,-0.0002,0,0,0
85,0,0.011444091796875,0,0.06103515625,-0.011444091796875,0,-6.90067039491559E-07,0,0,0,0,0
85.125,0,0,0,-0.091552734375,0,0,6.0798526282384494E-07,0,-0.0002,0,0,0
85.25,0,0.00762939453125,0,0.06103515625,-0.00762939453125,0,-2.6447851830093447E-07,0,0.0008,0,0,0
85.375,0,0.00762939453125,0,0,-0.00762939453125,0,-2.6387978336659884E-07,0,0.0004,0,0,0
85.5,0,0.003814697265625,0,-0.030517578125,-0.003814697265625,0,1.6726822015934923E-07,0,-0.001,0,0,0
85.625,0,0.011444091796875,0,0.06103515625,-0.011444091796875,0,-6.9914106441787756E-07,0,0,0,0,0
85.75,0,0.00762939453125,0,-0.030517578125,-0.00762939453125,0,-2.6204034999635557E-07,0,-0.0002,0,0,0
85.875,0,0.011444091796875,0,0.030517578125,-0.011444091796875,0,-6.9204754176996574E-07,0,-0.0002,0,0,0
86,0,0.011444091796875,0,0,-0.011444091796875,0,-6.8563960687559611E-07,0,0.0002,0,0,0
86.125,0,0.00762939453125,0,-0.030517578125,-0.00762939453125,0,-2.4879078297936255E-07,0,0,0,0,0
86.25,0,0.003814697265625,0,-0.030517578125,-0.003814697265625,0,1.820757119597003E-07,0,0.0012,0,0,0
86.375,0,0.00762939453125,0,0.030517578125,-0.00762939453125,0,-2.5404939031155903E-07,0,0,0,0,0
86.5,0,0.00762939453125,0,0,-0.00762939453125,0,-2.5364522685362275E-07,0,0,0,0,0
86.625,0,0.00762939453125,0,0,-0.00762939453125,0,-2.5324860368868097E-07,0,0,0,0,0
86.75,0,0.00762939453125,0,0,-0.00762939453125,0,-2.5285938014093207E-07,0,0.0006,0,0,0
86.875,0,0.011444091796875,0,0.030517578125,-0.011444091796875,0,-6.8303785707485163E-07,0,-0.0004,0,0,0
87,0,0.00762939453125,0,-0.030517578125,-0.00762939453125,0,-2.4623757283605328E-07,0,0.0002,0,0,0
87.125,0,0.00762939453125,0,0,-0.00762939453125,0,-2.459791508879651E-07,0,0.0006,0,0,0
87.25,0,0.00762939453125,0,0,-0.00762939453125,0,-2.4572555020010356E-07,0,-0.0006,0,0,0
87.375,0,0.011444091796875,0,0.030517578125,-0.011444091796875,0,-6.7603711974017216E-07,0,-0.0004,0,0,0
87.5,0,0.011444091796875,0,0,-0.011444091796875,0,-6.6992788397532579E-07,0,0,0,0,0
87.625,0,0.00762939453125,0,-0.030517578125,-0.00762939453125,0,-2.3337218651541528E-07,0,0,0,0,0
87.75,0,0.011444091796875,0,0.030517578125,-0.011444091796875,0,-6.6391422711817259E-07,0,0,0,0,0
87.875,0,0.00762939453125,0,-0.030517578125,-0.00762939453125,0,-2.274707237069349E-07,0,0,0,0,0
88,0,0.00762939453125,0,0,-0.00762939453125,0,-2.2756242628950122E-07,0,0,0,0,0
88.125,0,0.00762939453125,0,0,-0.00762939453125,0,-2.2765241801887847E-07,0,0.0002,0,0,0
88.25,0,0.00762939453125,0,0,-0.00762939453125,0,-2.2774073081367306E-07,0,-0.0002,0,0,0
88.375,0,0.003814697265625,0,-0.030517578125,-0.003814697265625,0,2.0273304291875267E-07,0,0.0004,0,0,0
88.5,0,0.00762939453125,0,0.030517578125,-0.00762939453125,0,-2.3377745373900442E-07,0,-0.0002,0,0,0
88.625,0,0.00762939453125,0,0,-0.00762939453125,0,-2.3375149454056262E-07,0,0,0,0,0
88.75,0,0.003814697265625,0,-0.030517578125,-0.003814697265625,0,1.9683441926472632E-07,0,-0.0008,0,0,0
88.875,0,0.00762939453125,0,0.030517578125,-0.00762939453125,0,-2.395660294662763E-07,0,0,0,0,0
89,0,0.00762939453125,0,0,-0.00762939453125,0,-2.3943207545497462E-07,0,-0.0006,0,0,0
89.125,0,0.003814697265625,0,-0.030517578125,-0.003814697265625,0,1.912598183532876E-07,0,-0.0004,0,0,0
89.25,0,0.003814697265625,0,0,-0.003814697265625,0,1.8552381132051239E-07,0,-0.0006,0,0,0
89.375,0,0.00762939453125,0,0.030517578125,-0.00762939453125,0,-2.5066562056527347E-07,0,0.001,0,0,0
89.5,0,0.00762939453125,0,0,-0.00762939453125,0,-2.5032458655363417E-07,0,-0.0002,0,0,0
89.625,0,0.00762939453125,0,0,-0.00762939453125,0,-2.4998991505775027E-07,0,0.0002,0,0,0
89.75,0,0.011444091796875,0,0.030517578125,-0.011444091796875,0,-6.8022192629082494E-07,0,-0.0002,0,0,0
89.875,0,0.003814697265625,0,-0.06103515625,-0.003814697265625,0,1.8708626132953373E-07,0,-0.0008,0,0,0
90,0,0.011444091796875,0,0.06103515625,-0.011444091796875,0,-6.796927593880255E-07,0,0.0008,0,0,0
90.125,0,0.011444091796875,0,0,-0.011444091796875,0,-6.73515322024331E-07,0,0,0,0,0
90.25,0,0.011444091796875,0,0,-0.011444091796875,0,-6.6745313428739754E-07,0,0.0002,0,0,0
90.375,0,0.011444091796875,0,0,-0.011444091796875,0,-6.6150404601758991E-07,0,0,0,0,0
90.5,0,0.00762939453125,0,-0.030517578125,-0.00762939453125,0,-2.2510550825406578E-07,0,-0.0004,0,0,0
90.625,0,0.003814697265625,0,-0.030517578125,-0.003814697265625,0,2.053191013349545E-07,0,-0.0006,0,0,0
90.75,0,0.011444091796875,0,0.06103515625,-0.011444091796875,0,-6.61800081148998E-07,0,0,0,0,0
90.875,0,0.00762939453125,0,-0.030517578125,-0.00762939453125,0,-2.2539602039326941E-07,0,0.0006,0,0,0
91,0,0.003814697265625,0,-0.030517578125,-0.003814697265625,0,2.0503400914801285E-07,0,-0.0002,0,0,0
91.125,0,0.00762939453125,0,0.030517578125,-0.00762939453125,0,-2.3151941558549786E-07,0,0.0006,0,0,0
91.25,0,0.011444091796875,0,0.030517578125,-0.011444091796875,0,-6.6209602248906491E-07,0,-0.0006,0,0,0
91.375,0,0.003814697265625,0,-0.06103515625,-0.003814697265625,0,2.0487399842479894E-07,0,0.0006,0,0,0
91.5,0,0.003814697265625,0,0,-0.003814697265625,0,1.988839978540042E-07,0,-0.0002,0,0,0
91.625,0,0.011444091796875,0,0.06103515625,-0.011444091796875,0,-6.6811512784415127E-07,0,0.0004,0,0,0
91.75,0,0.00762939453125,0,-0.030517578125,-0.00762939453125,0,-2.3159325014723085E-07,0,0.0004,0,0,0
91.875,0,0.00762939453125,0,0,-0.00762939453125,0,-2.3160804063735754E-07,0,-0.0006,0,0,0
92,0,0.0152587890625,0,0.06103515625,-0.0152587890625,0,-1.0927434330195731E-06,0,0.0008,0,0,0
92.125,0,0.011444091796875,0,-0.030517578125,-0.011444091796875,0,-6.5046721900036883E-07,0,-0.0004,0,0,0
92.25,0,0.011444091796875,0,0,-0.011444091796875,0,-6.4483502919213509E-07,0,0.0002,0,0,0
92.375,0,0.00762939453125,0,-0.030517578125,-0.00762939453125,0,-2.0874747766036083E-07,0,-0.0002,0,0,0
92.5,0,0.00762939453125,0,0,-0.00762939453125,0,-2.0918849129079045E-07,0,0,0,0,0
92.625,0,0.0152587890625,0,0.06103515625,-0.0152587890625,0,-1.0707421549628984E-06,0,0.0012,0,0,0
92.75,0,0.00762939453125,0,-0.06103515625,-0.00762939453125,0,-1.9831596982146333E-07,0,0.0006,0,0,0
92.875,0,0.011444091796875,0,0.030517578125,-0.011444091796875,0,-6.2951203824381061E-07,0,0,0,0,0
93,0,0.00762939453125,0,-0.030517578125,-0.00762939453125,0,-1.9371036075392236E-07,0,-0.0002,0,0,0
93.125,0,0.003814697265625,0,-0.030517578125,-0.003814697265625,0,2.3612852391091443E-07,0,-0.0004,0,0,0
93.25,0,0.011444091796875,0,0.06103515625,-0.011444091796875,0,-6.3156545589489683E-07,0,0.0002,0,0,0
93.375,0,0.003814697265625,0,-0.06103515625,-0.003814697265625,0,2.3483497018576658E-07,0,0.0002,0,0,0
93.5,0,0.0152587890625,0,0.091552734375,-0.0152587890625,0,-1.0633953152949018E-06,0,0.001,0,0,0
93.625,0,0.011444091796875,0,-0.030517578125,-0.011444091796875,0,-6.2166663570053617E-07,0,-0.0008,0,0,0
93.75,0,0.003814697265625,0,-0.06103515625,-0.003814697265625,0,2.445491126139908E-07,0,-0.0004,0,0,0
93.875,0,0.00762939453125,0,0.030517578125,-0.00762939453125,0,-1.9274152735259398E-07,0,-0.0008,0,0,0
94,0,0.011444091796875,0,0.030517578125,-0.011444091796875,0,-6.2404159560142493E-07,0,-0.0002,0,0,0
94.125,0,0.00762939453125,0,-0.030517578125,-0.00762939453125,0,-1.8834197766076943E-07,0,-0.0004,0,0,0
94.25,0,0.00762939453125,0,0,-0.00762939453125,0,-1.8916368738253394E-07,0,0,0,0,0
94.375,0,0.011444091796875,0,0.030517578125,-0.011444091796875,0,-6.2053050575716682E-07,0,-0.0004,0,0,0
94.5,0,0.00762939453125,0,-0.030517578125,-0.00762939453125,0,-1.8489639261571064E-07,0,-0.0008,0,0,0
94.625,0,0.00762939453125,0,0,-0.00762939453125,0,-1.8578238504356135E-07,0,0,0,0,0
94.75,0,0.00762939453125,0,0,-0.00762939453125,0,-1.8665184791544716E-07,0,0.0002,0,0,0
94.875,0,0.019073486328125,0,0.091552734375,-0.019073486328125,0,-1.4791864063630015E-06,0,-0.0004,0,0,0
95,0,0.00762939453125,0,-0.091552734375,-0.00762939453125,0,-1.7074738448120625E-07,0,0.0002,0,0,0
95.125,0,0.011444091796875,0,0.030517578125,-0.011444091796875,0,-6.0245778740566708E-07,0,-0.0002,0,0,0
95.25,0,0.011444091796875,0,0,-0.011444091796875,0,-5.9772128762981086E-07,0,-0.0002,0,0,0
95.375,0,0.00762939453125,0,-0.030517578125,-0.00762939453125,0,-1.6251271565067186E-07,0,-0.0002,0,0,0
95.5,0,0.003814697265625,0,-0.030517578125,-0.003814697265625,0,2.6674412880197218E-07,0,0,0,0,0
95.625,0,0.00762939453125,0,0.030517578125,-0.00762939453125,0,-1.7096059344194216E-07,0,0,0,0,0
95.75,0,0.003814697265625,0,-0.030517578125,-0.003814697265625,0,2.5845385920728009E-07,0,0,0,0,0
95.875,0,0.00762939453125,0,0.030517578125,-0.00762939453125,0,-1.7909619526417705E-07,0,-0.0006,0,0,0
96,0,0.011444091796875,0,0.030517578125,-0.011444091796875,0,-6.1065083823997534E-07,0,0.001,0,0,0
96.125,0,0.00762939453125,0,-0.030517578125,-0.00762939453125,0,-1.7520104554190734E-07,0,-0.0002,0,0,0
96.25,0,0.00762939453125,0,0,-0.00762939453125,0,-1.7626791963083991E-07,0,0.0016,0,0,0
96.375,0,0.0152587890625,0,0.06103515625,-0.0152587890625,0,-1.0384357673687981E-06,0,-0.0004,0,0,0
96.5,0,0.011444091796875,0,-0.030517578125,-0.011444091796875,0,-5.9717274665743669E-07,0,-0.0004,0,0,0
96.625,0,0.011444091796875,0,0,-0.011444091796875,0,-5.92534847472374E-07,0,0,0,0,0
96.75,0,0.003814697265625,0,-0.06103515625,-0.003814697265625,0,2.7313740237790176E-07,0,0.0008,0,0,0
96.875,0,0.011444091796875,0,0.06103515625,-0.011444091796875,0,-5.9524703516613458E-07,0,-0.0002,0,0,0
97,0,0.00762939453125,0,-0.030517578125,-0.00762939453125,0,-1.6008462418485973E-07,0,-0.0016,0,0,0
97.125,0,0.011444091796875,0,0.030517578125,-0.011444091796875,0,-5.9199395735693725E-07,0,-0.0002,0,0,0
97.25,0,0.003814697265625,0,-0.06103515625,-0.003814697265625,0,2.7366820135355788E-07,0,0.0002,0,0,0
97.375,0,0.011444091796875,0,0.06103515625,-0.011444091796875,0,-5.9472613906447419E-07,0,0.0002,0,0,0
97.5,0,0.003814697265625,0,-0.06103515625,-0.003814697265625,0,2.70986992711954E-07,0,0.0004,0,0,0
97.625,0,0.00762939453125,0,0.030517578125,-0.00762939453125,0,-1.6679688670559625E-07,0,0,0,0,0
97.75,0,0.003814697265625,0,-0.030517578125,-0.003814697265625,0,2.6253988556921596E-07,0,0.0012,0,0,0
97.875,0,0.003814697265625,0,0,-0.003814697265625,0,2.554740388863594E-07,0,0.001,0,0,0
98,0,0.011444091796875,0,0.06103515625,-0.011444091796875,0,-6.125808613544404E-07,0,-0.0002,0,0,0
98.125,0,0.00762939453125,0,-0.030517578125,-0.00762939453125,0,-1.7709506109684789E-07,0,0,0,0,0
98.25,0,0.011444091796875,0,0.030517578125,-0.011444091796875,0,-6.0868703831859724E-07,0,0.0002,0,0,0
98.375,0,0.0152587890625,0,0.030517578125,-0.0152587890625,0,-1.0343947611700158E-06,0,-0.0002,0,0,0
98.5,0,0.00762939453125,0,-0.06103515625,-0.00762939453125,0,-1.6264669274943718E-07,0,0.0018,0,0,0
98.625,0,0.00762939453125,0,0,-0.00762939453125,0,-1.6394778766302137E-07,0,0.0002,0,0,0
98.75,0,0.011444091796875,0,0.030517578125,-0.011444091796875,0,-5.9578504755895508E-07,0,-0.0008,0,0,0
98.875,0,0.011444091796875,0,0,-0.011444091796875,0,-5.9117303804200889E-07,0,0,0,0,0
99,0,0.0152587890625,0,0.030517578125,-0.0152587890625,0,-1.0172075115953985E-06,0,-0.0002,0,0,0
99.125,0,0.00762939453125,0,-0.06103515625,-0.00762939453125,0,-1.4578009783821868E-07,0,0,0,0,0
99.25,0,0.00762939453125,0,0,-0.00762939453125,0,-1.4739586510763625E-07,0,0.0012,0,0,0
99.375,0,0.00762939453125,0,0,-0.00762939453125,0,-1.4898148774526405E-07,0,0,0,0,0
99.5,0,0.003814697265625,0,-0.030517578125,-0.003814697265625,0,2.8002291077002718E-07,0,-0.0002,0,0,0
99.625,0,0.00762939453125,0,0.030517578125,-0.00762939453125,0,-1.5792954764271556E-07,0,-0.0006,0,0,0
99.75,0,0.00762939453125,0,0,-0.00762939453125,0,-1.5931864817755012E-07,0,0.0002,0,0,0
99.875,0,0.003814697265625,0,-0.030517578125,-0.003814697265625,0,2.6987860601744274E-07,0,0,0,0,0
100,0,0.00762939453125,0,0.030517578125,-0.00762939453125,0,-1.678845947359093E-07,0,0,0,0,0
100.125,0,0.00762939453125,0,0,-0.00762939453125,0,-1.6908796850504297E-07,0,0,0,0,0
100.25,0,0.00762939453125,0,0,-0.00762939453125,0,-1.7026889147952161E-07,0,-0.0002,0,0,0
100.375,0,0.00762939453125,0,0,-0.00762939453125,0,-1.7142778251356454E-07,0,0,0,0,0
100.5,0,0.003814697265625,0,-0.030517578125,-0.003814697265625,0,2.579953862687338E-07,0,-0.0002,0,0,0
100.625,0,0.011444091796875,0,0.06103515625,-0.011444091796875,0,-6.101065535983132E-07,0,0.0004,0,0,0
100.75,0,0.00762939453125,0,-0.030517578125,-0.00762939453125,0,-1.746669153701508E-07,0,0.0002,0,0,0
100.875,0,0.003814697265625,0,-0.030517578125,-0.003814697265625,0,2.5481668443407012E-07,0,-0.0008,0,0,0
101,0,0.011444091796875,0,0.06103515625,-0.011444091796875,0,-6.1322595184502264E-07,0,0.0006,0,0,0
101.125,0,0.011444091796875,0,0,-0.011444091796875,0,-6.08288555344607E-07,0,-0.0008,0,0,0
101.25,0,0.003814697265625,0,-0.06103515625,-0.003814697265625,0,2.57677604236433E-07,0,0.0004,0,0,0
101.375,0,0.011444091796875,0,0.06103515625,-0.011444091796875,0,-6.1041840691641455E-07,0,0.0002,0,0,0
101.5,0,0.00762939453125,0,-0.030517578125,-0.00762939453125,0,-1.7497295058336508E-07,0,0,0,0,0
101.625,0,0.003814697265625,0,-0.030517578125,-0.003814697265625,0,2.5451635878001803E-07,0,-0.0012,0,0,0
101.75,0,0.011444091796875,0,0.06103515625,-0.011444091796875,0,-6.1352067446054946E-07,0,0.0006,0,0,0
101.875,0,0.003814697265625,0,-0.06103515625,-0.003814697265625,0,2.5254309837656753E-07,0,-0.0008,0,0,0
102,0,0.011444091796875,0,0.06103515625,-0.011444091796875,0,-6.154571206461276E-07,0,-0.0004,0,0,0
102.125,0,0.003814697265625,0,-0.06103515625,-0.003814697265625,0,2.5064277958281727E-07,0,-0.0006,0,0,0
102.25,0,0.00762939453125,0,0.030517578125,-0.00762939453125,0,-1.8676154714454158E-07,0,0.0004,0,0,0
102.375,0,0.0152587890625,0,0.06103515625,-0.0152587890625,0,-1.0487336200679414E-06,0,0,0,0,0
102.5,0,0.011444091796875,0,-0.030517578125,-0.011444091796875,0,-6.0727847702329791E-07,0,0.0006,0,0,0
102.625,0,0.00762939453125,0,-0.030517578125,-0.00762939453125,0,-1.71891600927802E-07,0,0.0004,0,0,0
102.75,0,0.011444091796875,0,0.030517578125,-0.011444091796875,0,-6.0358065672874867E-07,0,0.0004,0,0,0
102.875,0,0.011444091796875,0,0,-0.011444091796875,0,-5.9882320809290925E-07,0,0.0002,0,0,0
103,0,0.00762939453125,0,-0.030517578125,-0.00762939453125,0,-1.6359407808709745E-07,0,0,0,0,0
103.125,0,0.011444091796875,0,0.030517578125,-0.011444091796875,0,-5.9543793698099853E-07,0,-0.0002,0,0,0
103.25,0,0.00762939453125,0,-0.030517578125,-0.00762939453125,0,-1.6027196443177634E-07,0,-0.0008,0,0,0
103.375,0,0.00762939453125,0,0,-0.00762939453125,0,-1.6161736356669956E-07,0,0.0004,0,0,0
103.5,0,0.00762939453125,0,0,-0.00762939453125,0,-1.6293766220460186E-07,0,0.001,0,0,0
103.625,0,0.00762939453125,0,0,-0.00762939453125,0,-1.6423332863398908E-07,0,0.0004,0,0,0
103.75,0,0.003814697265625,0,-0.030517578125,-0.003814697265625,0,2.6505561650903075E-07,0,0,0,0,0
103.875,0,0.00762939453125,0,0.030517578125,-0.00762939453125,0,-1.7261760393242314E-07,0,0,0,0,0
104,0,0.00762939453125,0,0,-0.00762939453125,0,-1.7373267611123062E-07,0,-0.0002,0,0,0
104.125,0,0,0,-0.06103515625,0,0,6.8629393293369258E-07,0,0.0004,0,0,0
104.25,0,0.00762939453125,0,0.06103515625,-0.00762939453125,0,-1.8763081727437567E-07,0,0.0002,0,0,0
104.375,0,0.00762939453125,0,0,-0.00762939453125,0,-1.8846579479057882E-07,0,0.0004,0,0,0
104.5,0,0.003814697265625,0,-0.030517578125,-0.003814697265625,0,2.4127524440303533E-07,0,-0.0008,0,0,0
104.625,0,0.011444091796875,0,0.06103515625,-0.011444091796875,0,-6.2651475541574209E-07,0,0.0002,0,0,0
104.75,0,0.011444091796875,0,0,-0.011444091796875,0,-6.2132943577803548E-07,0,-0.0004,0,0,0
104.875,0,0.011444091796875,0,0,-0.011444091796875,0,-6.1624085627992046E-07,0,0,0,0,0
105,0,0.00762939453125,0,-0.030517578125,-0.00762939453125,0,-1.8068677316905487E-07,0,-0.0002,0,0,0
105.125,0,0.00762939453125,0,0,-0.00762939453125,0,-1.8165130254377684E-07,0,0.001,0,0,0
105.25,0,0.00762939453125,0,0,-0.00762939453125,0,-1.8259783713459536E-07,0,0.0006,0,0,0
105.375,0,0.011444091796875,0,0.030517578125,-0.011444091796875,0,-6.14087151577726E-07,0,0,0,0,0
105.5,0,0.00762939453125,0,-0.030517578125,-0.00762939453125,0,-1.7857324915157932E-07,0,-0.0004,0,0,0
105.625,0,0.00762939453125,0,0,-0.00762939453125,0,-1.7957720957834175E-07,0,0.0002,0,0,0
105.75,0,0.00762939453125,0,0,-0.00762939453125,0,-1.8056243957407669E-07,0,0,0,0,0
105.875,0,0.003814697265625,0,-0.030517578125,-0.003814697265625,0,2.4903115033187417E-07,0,-0.001,0,0,0
106,0,0.00762939453125,0,0.030517578125,-0.00762939453125,0,-1.883431089648151E-07,0,0.0008,0,0,0
106.125,0,0.00762939453125,0,0,-0.00762939453125,0,-1.8916479758035687E-07,0,0.0006,0,0,0
106.25,0,0.00762939453125,0,0,-0.00762939453125,0,-1.8997115632678307E-07,0,-0.0006,0,0,0
106.375,0,0.00762939453125,0,0,-0.00762939453125,0,-1.9076247120645844E-07,0,0.0002,0,0,0
106.5,0,0.00762939453125,0,0,-0.00762939453125,0,-1.9153902288593223E-07,0,0.0012,0,0,0
106.625,0,0.00762939453125,0,0,-0.00762939453125,0,-1.9230108679548606E-07,0,-0.0002,0,0,0
106.75,0,0.003814697265625,0,-0.030517578125,-0.003814697265625,0,2.3751150568892842E-07,0,-0.001,0,0,0
106.875,0,0.003814697265625,0,0,-0.003814697265625,0,2.3091260205539975E-07,0,0.001,0,0,0
107,0,0.011444091796875,0,0.06103515625,-0.011444091796875,0,-6.3668406667922268E-07,0,0,0,0,0
107.125,0,0.011444091796875,0,0,-0.011444091796875,0,-6.3130902284707573E-07,0,0,0,0,0
107.25,0,0.00762939453125,0,-0.030517578125,-0.00762939453125,0,-1.9547381983638836E-07,0,0,0,0,0
107.375,0,0.00762939453125,0,0,-0.00762939453125,0,-1.9616247403683117E-07,0,-0.0002,0,0,0
107.5,0,0.00762939453125,0,0,-0.00762939453125,0,-1.9683828033046478E-07,0,0,0,0,0
107.625,0,0.00762939453125,0,0,-0.00762939453125,0,-1.9750147841481703E-07,0,0.0004,0,0,0
107.75,0,0.011444091796875,0,0.030517578125,-0.011444091796875,0,-6.2871274243124148E-07,0,0,0,0,0
107.875,0,0.003814697265625,0,-0.06103515625,-0.003814697265625,0,2.3763446187757931E-07,0,0.0002,0,0,0
108,0,0.00762939453125,0,0.030517578125,-0.00762939453125,0,-1.9952717460914216E-07,0,0.0002,0,0,0
108.125,0,0.011444091796875,0,0.030517578125,-0.011444091796875,0,-6.30700646137099E-07,0,0.0008,0,0,0
108.25,0,0.00762939453125,0,-0.030517578125,-0.00762939453125,0,-1.9487679333275565E-07,0,-0.0004,0,0,0
108.375,0,0.00762939453125,0,0,-0.00762939453125,0,-1.9557658598392796E-07,0,0,0,0,0
108.5,0,0.011444091796875,0,0.030517578125,-0.011444091796875,0,-6.2682376183905748E-07,0,0.0002,0,0,0
108.625,0,0.003814697265625,0,-0.06103515625,-0.003814697265625,0,2.3948820062182686E-07,0,0.0002,0,0,0
108.75,0,0.00762939453125,0,0.030517578125,-0.00762939453125,0,-1.9770802022177414E-07,0,0.0002,0,0,0
108.875,0,0.00762939453125,0,0,-0.00762939453125,0,-1.9835499196631083E-07,0,0.0002,0,0,0
109,0,0.00762939453125,0,0,-0.00762939453125,0,-1.9898989345457574E-07,0,0,0,0,0
109.125,0,0.011444091796875,0,0.030517578125,-0.011444091796875,0,-6.3017338879157891E-07,0,0.0004,0,0,0
109.25,0,0.011444091796875,0,0,-0.011444091796875,0,-6.2491981170240886E-07,0,0,0,0,0
109.375,0,0.00762939453125,0,-0.030517578125,-0.00762939453125,0,-1.8920380928516622E-07,0,0.0008,0,0,0
109.5,0,0.011444091796875,0,0.030517578125,-0.011444091796875,0,-6.2056987912379115E-07,0,-0.0004,0,0,0
109.625,0,0.011444091796875,0,0,-0.011444091796875,0,-6.1549547032717447E-07,0,-0.0008,0,0,0
109.75,0,0.00762939453125,0,-0.030517578125,-0.00762939453125,0,-1.7995529354150319E-07,0,0.0004,0,0,0
109.875,0,0.00762939453125,0,0,-0.00762939453125,0,-1.8093346979746334E-07,0,0,0,0,0
110,0,0.003814697265625,0,-0.030517578125,-0.003814697265625,0,2.4866704224986183E-07,0,0,0,0,0
110.125,0,0.011444091796875,0,0.06103515625,-0.011444091796875,0,-6.1926086296443548E-07,0,0.0006,0,0,0
110.25,0,0.003814697265625,0,-0.06103515625,-0.003814697265625,0,2.469100019472202E-07,0,0,0,0,0
110.375,0,0.00762939453125,0,0.030517578125,-0.00762939453125,0,-1.9042468405309333E-07,0,0.0002,0,0,0
110.5,0,0.00762939453125,0,0,-0.00762939453125,0,-1.9120753767317095E-07,0,-0.0014,0,0,0
110.625,0,0.00762939453125,0,0,-0.00762939453125,0,-1.919757859509018E-07,0,0.0004,0,0,0
110.75,0,0.00762939453125,0,0,-0.00762939453125,0,-1.9272970137148568E-07,0,-0.0002,0,0,0
110.875,0,0.011444091796875,0,0.030517578125,-0.011444091796875,0,-6.2402999025224347E-07,0,-0.0002,0,0,0
111,0,0.003814697265625,0,-0.06103515625,-0.003814697265625,0,2.4222985008846725E-07,0,-0.0006,0,0,0
111.125,0,0.00762939453125,0,0.030517578125,-0.00762939453125,0,-1.9501752045672309E-07,0,-0.0002,0,0,0
111.25,0,0.011444091796875,0,0.030517578125,-0.011444091796875,0,-6.2627512654198718E-07,0,-0.0002,0,0,0
111.375,0,0.011444091796875,0,0,-0.011444091796875,0,-6.2109427755070489E-07,0,-0.0002,0,0,0
111.5,0,0.011444091796875,0,0,-0.011444091796875,0,-6.1601008529220621E-07,0,-0.001,0,0,0
111.625,0,0.003814697265625,0,-0.06103515625,-0.003814697265625,0,2.5010013134552125E-07,0,0.0004,0,0,0
111.75,0,0.011444091796875,0,0.06103515625,-0.011444091796875,0,-6.1785451035733376E-07,0,0.0004,0,0,0
111.875,0,0.00762939453125,0,-0.030517578125,-0.00762939453125,0,-1.8227032203953628E-07,0,-0.0006,0,0,0
112,0,0.003814697265625,0,-0.030517578125,-0.003814697265625,0,2.4735513104933451E-07,0,0.0004,0,0,0
112.125,0,0.011444091796875,0,0.06103515625,-0.011444091796875,0,-6.20548298437035E-07,0,-0.0002,0,0,0
112.25,0,0.00762939453125,0,-0.030517578125,-0.00762939453125,0,-1.84913853345679E-07,0,-0.0002,0,0,0
112.375,0,0.0152587890625,0,0.06103515625,-0.0152587890625,0,-1.0469203978481738E-06,0,-0.0008,0,0,0
112.5,0,0.00762939453125,0,-0.06103515625,-0.00762939453125,0,-1.7493864434636946E-07,0,-0.0012,0,0,0
112.625,0,0.00762939453125,0,0,-0.00762939453125,0,-1.7601041393453043E-07,0,-0.0002,0,0,0
112.75,0,0.00762939453125,0,0,-0.00762939453125,0,-1.77062188007118E-07,0,0.0002,0,0,0
112.875,0,0.00762939453125,0,0,-0.00762939453125,0,-1.7809433961133141E-07,0,0.0002,0,0,0
113,0,0.00762939453125,0,0,-0.00762939453125,0,-1.7910723483459866E-07,0,0.0002,0,0,0
113.125,0,0,0,-0.06103515625,0,0,6.8101964489708436E-07,0,0,0,0,0
113.25,0,0.00762939453125,0,0.06103515625,-0.00762939453125,0,-1.9280670532861877E-07,0,-0.0008,0,0,0
113.375,0,0.011444091796875,0,0.030517578125,-0.011444091796875,0,-6.2410555758172722E-07,0,0,0,0,0
113.5,0,0.00762939453125,0,-0.030517578125,-0.00762939453125,0,-1.8840474633162592E-07,0,0.0004,0,0,0
113.625,0,0.003814697265625,0,-0.030517578125,-0.003814697265625,0,2.4133515390877928E-07,0,0.0008,0,0,0
113.75,0,0.00762939453125,0,0.030517578125,-0.00762939453125,0,-1.958955246985244E-07,0,-0.0006,0,0,0
113.875,0,0.00762939453125,0,0,-0.00762939453125,0,-1.9657631134400823E-07,0,-0.0006,0,0,0
114,0,0.003814697265625,0,-0.030517578125,-0.003814697265625,0,2.3331604205169163E-07,0,0.0004,0,0,0
114.125,0,0.00762939453125,0,0.030517578125,-0.00762939453125,0,-2.037650276491882E-07,0,-0.0002,0,0,0
114.25,0,0.00762939453125,0,0,-0.00762939453125,0,-2.0429899657326722E-07,0,0.0004,0,0,0
114.375,0,0.003814697265625,0,-0.030517578125,-0.003814697265625,0,2.2573743543268221E-07,0,-0.0006,0,0,0
114.5,0,0.00762939453125,0,0.030517578125,-0.00762939453125,0,-2.1120224366675784E-07,0,-0.0004,0,0,0
114.625,0,0.003814697265625,0,-0.030517578125,-0.003814697265625,0,2.189629790664986E-07,0,-0.0006,0,0,0
114.75,0,0.011444091796875,0,0.06103515625,-0.011444091796875,0,-6.4841075101114943E-07,0,0,0,0,0
114.875,0,0.003814697265625,0,-0.06103515625,-0.003814697265625,0,2.1830395004480341E-07,0,0.0004,0,0,0
115,0,0.011444091796875,0,0.06103515625,-0.011444091796875,0,-6.4905748482946124E-07,0,-0.0004,0,0,0
115.125,0,0.00762939453125,0,-0.030517578125,-0.00762939453125,0,-2.1289115687187061E-07,0,0.0002,0,0,0
115.25,0,0.011444091796875,0,0.030517578125,-0.011444091796875,0,-6.4381530268802465E-07,0,0.0002,0,0,0
115.375,0,0.00762939453125,0,-0.030517578125,-0.00762939453125,0,-2.0774677572778034E-07,0,-0.0006,0,0,0
115.5,0,0.011444091796875,0,0.030517578125,-0.011444091796875,0,-6.3876689791275319E-07,0,0.0002,0,0,0
115.625,0,0.00762939453125,0,-0.030517578125,-0.00762939453125,0,-2.0279255673406097E-07,0,-0.0008,0,0,0
115.75,0,0.011444091796875,0,0.030517578125,-0.011444091796875,0,-6.3390510751948782E-07,0,0.0004,0,0,0
115.875,0,0.011444091796875,0,0,-0.011444091796875,0,-6.2858190945882951E-07,0,0.0006,0,0,0
116,0,0.00762939453125,0,-0.030517578125,-0.00762939453125,0,-1.927975849567576E-07,0,0.0002,0,0,0
116.125,0,0.0152587890625,0,0.06103515625,-0.0152587890625,0,-1.0546570462802306E-06,0,0.0006,0,0,0
116.25,0,0.00762939453125,0,-0.06103515625,-0.00762939453125,0,-1.8253095366308111E-07,0,0.0002,0,0,0
116.375,0,0.003814697265625,0,-0.030517578125,-0.003814697265625,0,2.4709936191092183E-07,0,0.0002,0,0,0
116.5,0,0.011444091796875,0,0.06103515625,-0.011444091796875,0,-6.207992958074794E-07,0,0.0004,0,0,0
116.625,0,0.00762939453125,0,-0.030517578125,-0.00762939453125,0,-1.8516016797285003E-07,0,0,0,0,0
116.75,0,0.00762939453125,0,0,-0.00762939453125,0,-1.8604123926436712E-07,0,-0.0006,0,0,0
116.875,0,0.011444091796875,0,0.030517578125,-0.011444091796875,0,-6.1746631172706481E-07,0,-0.0002,0,0,0
117,0,0.00762939453125,0,-0.030517578125,-0.00762939453125,0,-1.8188936585376545E-07,0,0,0,0,0
117.125,0,0.011444091796875,0,0.030517578125,-0.011444091796875,0,-6.1339189792192068E-07,0,0.0008,0,0,0
117.25,0,0,0,-0.091552734375,0,0,6.8322991130589923E-07,0,-0.001,0,0,0
117.375,0,0.003814697265625,0,0.030517578125,-0.003814697265625,0,2.3992276406530991E-07,0,0.0002,0,0,0
117.5,0,0.00762939453125,0,0.030517578125,-0.00762939453125,0,-1.9728156422992787E-07,0,0,0,0,0
117.625,0,0.00762939453125,0,0,-0.00762939453125,0,-1.9793649216908002E-07,0,0,0,0,0
117.75,0,0.011444091796875,0,0.030517578125,-0.011444091796875,0,-6.2913964033262523E-07,0,0.0002,0,0,0
117.875,0,0.011444091796875,0,0,-0.011444091796875,0,-6.239053494161908E-07,0,0.0004,0,0,0
118,0,0.011444091796875,0,0,-0.011444091796875,0,-6.1876871227412285E-07,0,0,0,0,0
118.125,0,0.011444091796875,0,0,-0.011444091796875,0,-6.1372790702456571E-07,0,0.0016,0,0,0
118.25,0,0.011444091796875,0,0,-0.011444091796875,0,-6.0878114577568122E-07,0,-0.0002,0,0,0
118.375,0,0.003814697265625,0,-0.06103515625,-0.003814697265625,0,2.5719420383999377E-07,0,0,0,0,0
118.5,0,0.011444091796875,0,0.06103515625,-0.011444091796875,0,-6.1089278873249666E-07,0,0.0008,0,0,0
118.625,0,0.00762939453125,0,-0.030517578125,-0.00762939453125,0,-1.754384820746237E-07,0,0.0004,0,0,0
118.75,0,0.00762939453125,0,0,-0.00762939453125,0,-1.7650092641863716E-07,0,0,0,0,0
118.875,0,0.00762939453125,0,0,-0.00762939453125,0,-1.7754354922389712E-07,0,0,0,0,0
119,0,0.00762939453125,0,0,-0.00762939453125,0,-1.7856672029179669E-07,0,0.0002,0,0,0
119.125,0,0.00762939453125,0,0,-0.00762939453125,0,-1.7957080252451338E-07,0,0.0008,0,0,0
119.25,0,0.011444091796875,0,0.030517578125,-0.011444091796875,0,-6.111165909694777E-07,0,0.0004,0,0,0
119.375,0,0.00762939453125,0,-0.030517578125,-0.00762939453125,0,-1.7565810893551236E-07,0,0.0014,0,0,0
119.5,0,0.003814697265625,0,-0.030517578125,-0.003814697265625,0,2.5384398311423541E-07,0,-0.001,0,0,0
119.625,0,0.00762939453125,0,0.030517578125,-0.00762939453125,0,-1.8362006700495417E-07,0,0.0002,0,0,0
119.75,0,0.011444091796875,0,0.030517578125,-0.011444091796875,0,-6.1509031017239444E-07,0,0.001,0,0,0
119.875,0,0.00762939453125,0,-0.030517578125,-0.00762939453125,0,-1.7955769227463539E-07,0,0.0002,0,0,0
120,0,0.00762939453125,0,0,-0.00762939453125,0,-1.805432863957892E-07,0,0.001,0,0,0
120.125,0,0.003814697265625,0,-0.030517578125,-0.003814697265625,0,2.4904994617806442E-07,0,-0.0002,0,0,0
120.25,0,0,0,-0.030517578125,0,0,6.7279621404736584E-07,0,-0.0008,0,0,0
120.375,0,0.011444091796875,0,0.091552734375,-0.011444091796875,0,-6.3143715430156321E-07,0,0,0,0,0
120.5,0,0.011444091796875,0,0,-0.011444091796875,0,-6.2615999971661876E-07,0,-0.0002,0,0,0
120.625,0,0.011444091796875,0,0,-0.011444091796875,0,-6.2098129859392223E-07,0,-0.0008,0,0,0
120.75,0,0.00762939453125,0,-0.030517578125,-0.00762939453125,0,-1.8533877521645333E-07,0,0.0002,0,0,0
120.875,0,0.003814697265625,0,-0.030517578125,-0.003814697265625,0,2.4434392460153069E-07,0,-0.0002,0,0,0
121,0,0.011444091796875,0,0.06103515625,-0.011444091796875,0,-6.2350332618179787E-07,0,0.001,0,0,0
121.125,0,0.00762939453125,0,-0.030517578125,-0.00762939453125,0,-1.8781375048779848E-07,0,0.0002,0,0,0
121.25,0,0.00762939453125,0,0,-0.00762939453125,0,-1.8864531510261099E-07,0,0,0,0,0
121.375,0,0.011444091796875,0,0.030517578125,-0.011444091796875,0,-6.2002180451205439E-07,0,0.0008,0,0,0
121.5,0,0.00762939453125,0,-0.030517578125,-0.00762939453125,0,-1.8439718197733047E-07,0,0.0002,0,0,0
121.625,0,0.0152587890625,0,0.06103515625,-0.0152587890625,0,-1.0464133657815056E-06,0,0.001,0,0,0
121.75,0,0.00762939453125,0,-0.06103515625,-0.00762939453125,0,-1.7444107174533382E-07,0,0.0004,0,0,0
121.875,0,0.003814697265625,0,-0.030517578125,-0.003814697265625,0,2.5503831459755449E-07,0,0,0,0,0
122,0,0.00762939453125,0,0.030517578125,-0.00762939453125,0,-1.8244801761849462E-07,0,-0.0006,0,0,0
122.125,0,0.011444091796875,0,0.030517578125,-0.011444091796875,0,-6.1394012717589279E-07,0,0.0006,0,0,0
122.25,0,0.003814697265625,0,-0.06103515625,-0.003814697265625,0,2.5213147119890929E-07,0,0,0,0,0
122.375,0,0.00762939453125,0,0.030517578125,-0.00762939453125,0,-1.8530062936782914E-07,0,-0.0006,0,0,0
122.5,0,0.00762939453125,0,0,-0.00762939453125,0,-1.8617908013526927E-07,0,-0.0002,0,0,0
122.625,0,0.00762939453125,0,0,-0.00762939453125,0,-1.8704114204805739E-07,0,0,0,0,0
122.75,0,0.003814697265625,0,-0.030517578125,-0.003814697265625,0,2.4267331805018554E-07,0,-0.0004,0,0,0
122.875,0,0.003814697265625,0,0,-0.003814697265625,0,2.3597811284158283E-07,0,0.0002,0,0,0
123,0,0.00762939453125,0,0.030517578125,-0.00762939453125,0,-2.0115262189786938E-07,0,0,0,0,0
123.125,0,0.011444091796875,0,0.030517578125,-0.011444091796875,0,-6.3229576819833845E-07,0,0,0,0,0
123.25,0,0.00762939453125,0,-0.030517578125,-0.00762939453125,0,-1.9644215593042256E-07,0,-0.0008,0,0,0
123.375,0,0.011444091796875,0,0.030517578125,-0.011444091796875,0,-6.2767318324249184E-07,0,0.0002,0,0,0
123.5,0,0.011444091796875,0,0,-0.011444091796875,0,-6.2246625134604392E-07,0,-0.0014,0,0,0
123.625,0,0.003814697265625,0,-0.06103515625,-0.003814697265625,0,2.4376441503228062E-07,0,0.0004,0,0,0
123.75,0,0.00762939453125,0,0.030517578125,-0.00762939453125,0,-1.9351158519000762E-07,0,0.0008,0,0,0
123.875,0,0.00762939453125,0,0,-0.00762939453125,0,-1.9423684790581023E-07,0,-0.0006,0,0,0
124,0,0.003814697265625,0,-0.030517578125,-0.003814697265625,0,2.3561185918929614E-07,0,0.0002,0,0,0
124.125,0,0.00762939453125,0,0.030517578125,-0.00762939453125,0,-2.0151204252308663E-07,0,0,0,0,0
124.25,0,0.011444091796875,0,0.030517578125,-0.011444091796875,0,-6.3264848327715066E-07,0,0,0,0,0
124.375,0,0.00762939453125,0,-0.030517578125,-0.00762939453125,0,-1.9678829056514562E-07,0,0.0002,0,0,0
124.5,0,0.011444091796875,0,0.030517578125,-0.011444091796875,0,-6.280128602014649E-07,0,0,0,0,0
124.625,0,0.011444091796875,0,0,-0.011444091796875,0,-6.2279959110717327E-07,0,0,0,0,0
124.75,0,0.00762939453125,0,-0.030517578125,-0.00762939453125,0,-1.871231446769631E-07,0,0.0002,0,0,0
124.875,0,0.011444091796875,0,0.030517578125,-0.011444091796875,0,-6.1852803252464133E-07,0,0,0,0,0
125,0,0.011444091796875,0,0,-0.011444091796875,0,-6.1349171752721687E-07,0,0.0014,0,0,0
125.125,0,0.011444091796875,0,0,-0.011444091796875,0,-6.0854936275788241E-07,0,0.0008,0,0,0
125.25,0,0.003814697265625,0,-0.06103515625,-0.003814697265625,0,2.5742166258791845E-07,0,0.0002,0,0,0
125.375,0,0.011444091796875,0,0.06103515625,-0.011444091796875,0,-6.1066957357851851E-07,0,0.0004,0,0,0
125.5,0,0.011444091796875,0,0,-0.011444091796875,0,-6.0577987025955156E-07,0,0,0,0,0
125.625,0,0.00762939453125,0,-0.030517578125,-0.00762939453125,0,-1.7042095298581535E-07,0,-0.0002,0,0,0
125.75,0,0.011444091796875,0,0.030517578125,-0.011444091796875,0,-6.0213744599355706E-07,0,-0.0004,0,0,0
125.875,0,0.003814697265625,0,-0.06103515625,-0.003814697265625,0,2.6371395515042609E-07,0,-0.0002,0,0,0
126,0,0.011444091796875,0,0.06103515625,-0.011444091796875,0,-6.04494673443745E-07,0,0.0008,0,0,0
126.125,0,0.0152587890625,0,0.030517578125,-0.0152587890625,0,-1.0302806113313713E-06,0,0.0004,0,0,0
126.25,0,0.0152587890625,0,0,-0.0152587890625,0,-1.0197301765563083E-06,0,0,0,0,0
126.375,0,0.011444091796875,0,-0.030517578125,-0.011444091796875,0,-5.7881613750717353E-07,0,0.0004,0,0,0
126.5,0,0.00762939453125,0,-0.030517578125,-0.00762939453125,0,-1.4396027027714293E-07,0,0.0002,0,0,0
126.625,0,0.00762939453125,0,0,-0.00762939453125,0,-1.4560998923798778E-07,0,0,0,0,0
126.75,0,0.003814697265625,0,-0.030517578125,-0.003814697265625,0,2.8333150876990657E-07,0,-0.0006,0,0,0
126.875,0,0.00762939453125,0,0.030517578125,-0.00762939453125,0,-1.5468267664420236E-07,0,0.0006,0,0,0
127,0,0.00762939453125,0,0,-0.00762939453125,0,-1.5613235256793831E-07,0,0.0002,0,0,0
127.125,0,0.011444091796875,0,0.030517578125,-0.011444091796875,0,-5.8811542146599588E-07,0,-0.0004,0,0,0
127.25,0,0.011444091796875,0,0,-0.011444091796875,0,-5.8364650065923306E-07,0,0.0004,0,0,0
127.375,0,0.011444091796875,0,0,-0.011444091796875,0,-5.7926095446635647E-07,0,0.0006,0,0,0
127.5,0,0.00762939453125,0,-0.030517578125,-0.00762939453125,0,-1.4439678848953098E-07,0,0,0,0,0
127.625,0,0.00762939453125,0,0,-0.00762939453125,0,-1.4603836352950861E-07,0,-0.0006,0,0,0
127.75,0,0.00762939453125,0,0,-0.00762939453125,0,-1.4764931245391127E-07,0,0.0004,0,0,0
127.875,0,0.00762939453125,0,0,-0.00762939453125,0,-1.4923020664018586E-07,0,0.0004,0,0,0
128,0,0.011444091796875,0,0.030517578125,-0.011444091796875,0,-5.813420457216043E-07,0,0,0,0,0
128.125,0,0.00762939453125,0,-0.030517578125,-0.00762939453125,0,-1.4643905377596645E-07,0,-0.0004,0,0,0
128.25,0,0.00762939453125,0,0,-0.00762939453125,0,-1.480425272054944E-07,0,0.0002,0,0,0
128.375,0,0.00762939453125,0,0,-0.00762939453125,0,-1.4961608536378702E-07,0,0,0,0,0
128.5,0,0.003814697265625,0,-0.030517578125,-0.003814697265625,0,2.7940015254936005E-07,0,0.0002,0,0,0
128.625,0,0.011444091796875,0,0.06103515625,-0.011444091796875,0,-5.8910112626351688E-07,0,0.0004,0,0,0
128.75,0,0.00762939453125,0,-0.030517578125,-0.00762939453125,0,-1.5405337669690832E-07,0,0.0002,0,0,0
128.875,0,0.00762939453125,0,0,-0.00762939453125,0,-1.5551479318226819E-07,0,0.0002,0,0,0
129,0,0.011444091796875,0,0.030517578125,-0.011444091796875,0,-5.8750938360365511E-07,0,-0.0004,0,0,0
129.125,0,0.00762939453125,0,-0.030517578125,-0.00762939453125,0,-1.5249133045267137E-07,0,0.0004,0,0,0
129.25,0,0.00762939453125,0,0,-0.00762939453125,0,-1.5398188932119641E-07,0,0,0,0,0
129.375,0,0.003814697265625,0,-0.030517578125,-0.003814697265625,0,2.7511579940188685E-07,0,0.0004,0,0,0
129.5,0,0.011444091796875,0,0.06103515625,-0.011444091796875,0,-5.9330554819160447E-07,0,0,0,0,0
129.625,0,0.011444091796875,0,0,-0.011444091796875,0,-5.8873979756160722E-07,0,-0.0006,0,0,0
129.75,0,0.011444091796875,0,0,-0.011444091796875,0,-5.8425922805527194E-07,0,0.0002,0,0,0
129.875,0,0.00762939453125,0,-0.030517578125,-0.00762939453125,0,-1.49301811571536E-07,0,-0.0002,0,0,0
130,0,0.003814697265625,0,-0.030517578125,-0.003814697265625,0,2.7970856307904351E-07,0,0,0,0,0
130.125,0,0.011444091796875,0,0.06103515625,-0.011444091796875,0,-5.8879846960818981E-07,0,0.0006,0,0,0
130.25,0,0.011444091796875,0,0,-0.011444091796875,0,-5.8431680548428551E-07,0,0,0,0,0
130.375,0,0.00762939453125,0,-0.030517578125,-0.00762939453125,0,-1.4935831480476048E-07,0,-0.0002,0,0,0
130.5,0,0.003814697265625,0,-0.030517578125,-0.003814697265625,0,2.7965311400082809E-07,0,0,0,0,0
130.625,0,0.003814697265625,0,0,-0.003814697265625,0,2.7226799363322152E-07,0,0.0004,0,0,0
130.75,0,0.003814697265625,0,0,-0.003814697265625,0,2.6502065408245555E-07,0,-0.0004,0,0,0
130.875,0,0.011444091796875,0,0.06103515625,-0.011444091796875,0,-6.0321235299673122E-07,0,0.0004,0,0,0
131,0,0.011444091796875,0,0,-0.011444091796875,0,-5.9846177563536228E-07,0,0.0006,0,0,0
131.125,0,0.0152587890625,0,0.030517578125,-0.0152587890625,0,-1.0243602665412985E-06,0,-0.0008,0,0,0
131.25,0,0.00762939453125,0,-0.06103515625,-0.00762939453125,0,-1.5279940710279572E-07,0,0,0,0,0
131.375,0,0.011444091796875,0,0.030517578125,-0.011444091796875,0,-5.848446572417559E-07,0,0.0008,0,0,0
131.5,0,0.00762939453125,0,-0.030517578125,-0.00762939453125,0,-1.4987631867313835E-07,0,0,0,0,0
131.625,0,0.00762939453125,0,0,-0.00762939453125,0,-1.5141566462177823E-07,0,0,0,0,0
131.75,0,0.00762939453125,0,0,-0.00762939453125,0,-1.5292629169629735E-07,0,0.0002,0,0,0
131.875,0,0.011444091796875,0,0.030517578125,-0.011444091796875,0,-5.8496917460736317E-07,0,0,0,0,0
132,0,0.00762939453125,0,-0.030517578125,-0.00762939453125,0,-1.4999851297514059E-07,0,0,0,0,0
132.125,0,0.00762939453125,0,0,-0.00762939453125,0,-1.5153557920051189E-07,0,-0.0002,0,0,0
132.25,0,0.003814697265625,0,-0.030517578125,-0.003814697265625,0,2.7751646983223514E-07,0,-0.0006,0,0,0
132.375,0,0.003814697265625,0,0,-0.003814697265625,0,2.7017121185876609E-07,0,-0.0006,0,0,0
132.5,0,0.00762939453125,0,0.030517578125,-0.00762939453125,0,-1.6759744790809195E-07,0,0.0004,0,0,0
132.625,0,0.011444091796875,0,0.030517578125,-0.011444091796875,0,-5.9936661776016353E-07,0,0.0002,0,0,0
132.75,0,0.0152587890625,0,0.030517578125,-0.0152587890625,0,-1.0252482274399503E-06,0,0.0002,0,0,0
132.875,0,0.011444091796875,0,-0.030517578125,-0.011444091796875,0,-5.8423124063637531E-07,0,0,0,0,0
133,0,0.00762939453125,0,-0.030517578125,-0.00762939453125,0,-1.4927434630112784E-07,0,-0.0002,0,0,0
133.125,0,0.0152587890625,0,0.06103515625,-0.0152587890625,0,-1.0119458008048102E-06,0,0.0004,0,0,0
133.25,0,0.011444091796875,0,-0.030517578125,-0.011444091796875,0,-5.7117699129781551E-07,0,0,0,0,0
133.375,0,0.00762939453125,0,-0.030517578125,-0.00762939453125,0,-1.3646364412870457E-07,0,0.0004,0,0,0
133.5,0,0.011444091796875,0,0.030517578125,-0.011444091796875,0,-5.6881366313455518E-07,0,-0.0012,0,0,0
133.625,0,0.011444091796875,0,0,-0.011444091796875,0,-5.647048464150638E-07,0,0,0,0,0
133.75,0,0.011444091796875,0,0,-0.011444091796875,0,-5.6067268601201422E-07,0,0.0002,0,0,0
133.875,0,0.00762939453125,0,-0.030517578125,-0.00762939453125,0,-1.2615531286777758E-07,0,0.0016,0,0,0
134,0,0.011444091796875,0,0.030517578125,-0.011444091796875,0,-5.5869764970065029E-07,0,0,0,0,0
134.125,0,0.003814697265625,0,-0.06103515625,-0.003814697265625,0,3.063433150091644E-07,0,0.0002,0,0,0
134.25,0,0.00762939453125,0,0.030517578125,-0.00762939453125,0,-1.32100191161114E-07,0,0.0002,0,0,0
134.375,0,0.00762939453125,0,0,-0.00762939453125,0,-1.3397117819980479E-07,0,0,0,0,0
134.5,0,0.003814697265625,0,-0.030517578125,-0.003814697265625,0,2.9475317982768672E-07,0,0.0012,0,0,0
134.625,0,0.003814697265625,0,0,-0.003814697265625,0,2.8708634443034307E-07,0,-0.0002,0,0,0
134.75,0,0.00762939453125,0,0.030517578125,-0.00762939453125,0,-1.5099789323730342E-07,0,0.0008,0,0,0
134.875,0,0.011444091796875,0,0.030517578125,-0.011444091796875,0,-5.830767533974388E-07,0,-0.0004,0,0,0
135,0,0.003814697265625,0,-0.06103515625,-0.003814697265625,0,2.8241904111256705E-07,0,0,0,0,0
135.125,0,0.003814697265625,0,0,-0.003814697265625,0,2.7498231810643767E-07,0,0,0,0,0
135.25,0,0.003814697265625,0,0,-0.003814697265625,0,2.6768433864400141E-07,0,0.0008,0,0,0
135.375,0,0.003814697265625,0,0,-0.003814697265625,0,2.6052251425034797E-07,0,-0.0004,0,0,0
135.5,0,0.003814697265625,0,0,-0.003814697265625,0,2.5349430474256083E-07,0,0.0004,0,0,0
135.625,0,0.00762939453125,0,0.030517578125,-0.00762939453125,0,-1.8396322158699738E-07,0,-0.0002,0,0,0
135.75,0,0.011444091796875,0,0.030517578125,-0.011444091796875,0,-6.15427062676169E-07,0,-0.0002,0,0,0
135.875,0,0.00762939453125,0,-0.030517578125,-0.00762939453125,0,-1.7988816214079086E-07,0,0.0006,0,0,0
136,0,0.00762939453125,0,0,-0.00762939453125,0,-1.8086759083662542E-07,0,0,0,0,0
136.125,0,0.011444091796875,0,0.030517578125,-0.011444091796875,0,-6.1238918569448231E-07,0,0.0006,0,0,0
136.25,0,0.00762939453125,0,-0.030517578125,-0.00762939453125,0,-1.769069614421116E-07,0,0,0,0,0
136.375,0,0.003814697265625,0,-0.030517578125,-0.003814697265625,0,2.5261842987831934E-07,0,0.0006,0,0,0
136.5,0,0.011444091796875,0,0.06103515625,-0.011444091796875,0,-6.153831945697891E-07,0,0.0008,0,0,0
136.625,0,0.00762939453125,0,-0.030517578125,-0.00762939453125,0,-1.7984511246163075E-07,0,0.0006,0,0,0
136.75,0,0.00762939453125,0,0,-0.00762939453125,0,-1.8082534431566235E-07,0,-0.0004,0,0,0
136.875,0,0.011444091796875,0,0.030517578125,-0.011444091796875,0,-6.1234772734756077E-07,0,0,0,0,0
137,0,0.00762939453125,0,-0.030517578125,-0.00762939453125,0,-1.7686627656462847E-07,0,0.0008,0,0,0
137.125,0,0.003814697265625,0,-0.030517578125,-0.003814697265625,0,2.5265835571662995E-07,0,-0.0006,0,0,0
137.25,0,0.003814697265625,0,0,-0.003814697265625,0,2.4577686422190222E-07,0,0.0018,0,0,0
137.375,0,0.011444091796875,0,0.06103515625,-0.011444091796875,0,-6.2209712026129174E-07,0,0,0,0,0
137.5,0,0.003814697265625,0,-0.06103515625,-0.003814697265625,0,2.4412665940702046E-07,0,-0.0004,0,0,0
137.625,0,0.003814697265625,0,0,-0.003814697265625,0,2.3740433987267551E-07,0,0.0004,0,0,0
137.75,0,0.00762939453125,0,0.030517578125,-0.00762939453125,0,-1.9975300333293063E-07,0,0,0,0,0
137.875,0,0.003814697265625,0,-0.030517578125,-0.003814697265625,0,2.3019861615394963E-07,0,-0.0006,0,0,0
138,0,0.00762939453125,0,0.030517578125,-0.00762939453125,0,-2.068242931561375E-07,0,0.0008,0,0,0
138.125,0,0.00762939453125,0,0,-0.00762939453125,0,-2.0730118676126456E-07,0,0,0,0,0
138.25,0,0.011444091796875,0,0.030517578125,-0.011444091796875,0,-6.3832962209602048E-07,0,0,0,0,0
138.375,0,-0.003814697265625,0,-0.1220703125,0.003814697265625,0,1.089317877774786E-06,0,0,0,0,0
138.5,0,0.00762939453125,0,0.091552734375,-0.00762939453125,0,-2.2051858499041267E-07,0,0.0012,0,0,0
138.625,0,0.011444091796875,0,0.030517578125,-0.011444091796875,0,-6.5130042936471405E-07,0,0.0002,0,0,0
138.75,0,0.0152587890625,0,0.030517578125,-0.0152587890625,0,-1.0762131336471142E-06,0,0.0004,0,0,0
138.875,0,0.003814697265625,0,-0.091552734375,-0.003814697265625,0,2.2687555995999439E-07,0,0,0,0,0
139,0,0.011444091796875,0,0.06103515625,-0.011444091796875,0,-6.4064579152455791E-07,0,0.0004,0,0,0
139.125,0,0.00762939453125,0,-0.030517578125,-0.00762939453125,0,-2.0463639668611396E-07,0,0.0008,0,0,0
139.25,0,0.003814697265625,0,-0.030517578125,-0.003814697265625,0,2.2540633003960118E-07,0,-0.0004,0,0,0
139.375,0,0.003814697265625,0,0,-0.003814697265625,0,2.19033267137969E-07,0,-0.0002,0,0,0
139.5,0,0.011444091796875,0,0.06103515625,-0.011444091796875,0,-6.4834177427211772E-07,0,0,0,0,0
139.625,0,0.00762939453125,0,-0.030517578125,-0.00762939453125,0,-2.1218879899942643E-07,0,-0.0004,0,0,0
139.75,0,0.003814697265625,0,-0.030517578125,-0.003814697265625,0,2.1799482944596841E-07,0,-0.0008,0,0,0
139.875,0,0.00762939453125,0,0.030517578125,-0.00762939453125,0,-2.1880039939075096E-07,0,0.0004,0,0,0
140,0,0.00762939453125,0,0,-0.00762939453125,0,-2.1905386025308708E-07,0,0,0,0,0
140.125,0,0.003814697265625,0,-0.030517578125,-0.003814697265625,0,2.1125784650384608E-07,0,0.0002,0,0,0
140.25,0,0.00762939453125,0,0.030517578125,-0.00762939453125,0,-2.2541169351988135E-07,0,0.0002,0,0,0
140.375,0,0.00762939453125,0,0,-0.00762939453125,0,-2.2554181048798918E-07,0,0.0002,0,0,0
140.5,0,0,0,-0.06103515625,0,0,6.3545137790823987E-07,0,-0.001,0,0,0
140.625,0,0.00762939453125,0,0.06103515625,-0.00762939453125,0,-2.3752482597790261E-07,0,0.001,0,0,0
140.75,0,0.00762939453125,0,0,-0.00762939453125,0,-2.374289537675692E-07,0,0,0,0,0
140.875,0,0.011444091796875,0,0.030517578125,-0.011444091796875,0,-6.6789530911701826E-07,0,0.0002,0,0,0
141,0,0.011444091796875,0,0,-0.011444091796875,0,-6.6193797139341987E-07,0,0.0004,0,0,0
141.125,0,0.011444091796875,0,0,-0.011444091796875,0,-6.5609177699814869E-07,0,-0.0004,0,0,0
141.25,0,0,0,-0.091552734375,0,0,6.4132666436635579E-07,0,0.0006,0,0,0
141.375,0,0.0152587890625,0,0.1220703125,-0.0152587890625,0,-1.0928800298866449E-06,0,0.0002,0,0,0
141.5,0,0.003814697265625,0,-0.091552734375,-0.003814697265625,0,2.1051961038941082E-07,0,0,0,0,0
141.625,0,0.0152587890625,0,0.091552734375,-0.0152587890625,0,-1.0872570345318956E-06,0,-0.0004,0,0,0
141.75,0,0.011444091796875,0,-0.030517578125,-0.011444091796875,0,-6.4508317774284031E-07,0,0.0002,0,0,0
141.875,0,0.00762939453125,0,-0.030517578125,-0.00762939453125,0,-2.0899099661692108E-07,0,-0.0008,0,0,0
142,0,0.011444091796875,0,0.030517578125,-0.011444091796875,0,-6.3998790594118169E-07,0,-0.0002,0,0,0
142.125,0,0.00762939453125,0,-0.030517578125,-0.00762939453125,0,-2.0399078497351487E-07,0,0.0006,0,0,0
142.25,0,0.011444091796875,0,0.030517578125,-0.011444091796875,0,-6.3508098096208321E-07,0,-0.0004,0,0,0
142.375,0,0.00762939453125,0,-0.030517578125,-0.00762939453125,0,-1.9917540625204564E-07,0,0,0,0,0
142.5,0,0.011444091796875,0,0.030517578125,-0.011444091796875,0,-6.3035544056153707E-07,0,-0.0004,0,0,0
142.625,0,0.011444091796875,0,0,-0.011444091796875,0,-6.250984670156645E-07,0,0.0006,0,0,0
142.75,0,0.0152587890625,0,0.030517578125,-0.0152587890625,0,-1.0505000093393666E-06,0,0,0,0,0
142.875,0,0.00762939453125,0,-0.06103515625,-0.00762939453125,0,-1.7845147266129991E-07,0,0,0,0,0
143,0,0.011444091796875,0,0.030517578125,-0.011444091796875,0,-6.100181439321615E-07,0,0,0,0,0
143.125,0,0.011444091796875,0,0,-0.011444091796875,0,-6.05140594038504E-07,0,0.0002,0,0,0
143.25,0,0.00762939453125,0,-0.030517578125,-0.00762939453125,0,-1.6979360344917356E-07,0,-0.0002,0,0,0
143.375,0,0.0152587890625,0,0.06103515625,-0.0152587890625,0,-1.0320822395463717E-06,0,-0.0004,0,0,0
143.5,0,0.011444091796875,0,-0.030517578125,-0.011444091796875,0,-5.9093775370101376E-07,0,0,0,0,0
143.625,0,0.00762939453125,0,-0.030517578125,-0.00762939453125,0,-1.5585573901535853E-07,0,0.0004,0,0,0
143.75,0,0.00762939453125,0,0,-0.00762939453125,0,-1.5728352965034388E-07,0,-0.0006,0,0,0
143.875,0,0.011444091796875,0,0.030517578125,-0.011444091796875,0,-5.8924512156348485E-07,0,0,0,0,0
144,0,0.00762939453125,0,-0.030517578125,-0.00762939453125,0,-1.5419468554234835E-07,0,0.0004,0,0,0
144.125,0,0.00762939453125,0,0,-0.00762939453125,0,-1.5565346569313512E-07,0,-0.0008,0,0,0
144.25,0,0.00762939453125,0,0,-0.00762939453125,0,-1.5708503004908557E-07,0,0.0002,0,0,0
144.375,0,0.003814697265625,0,-0.030517578125,-0.003814697265625,0,2.7207055255290257E-07,0,0.0002,0,0,0
144.5,0,0.003814697265625,0,0,-0.003814697265625,0,2.6482689657017212E-07,0,-0.0002,0,0,0
144.625,0,0.003814697265625,0,0,-0.003814697265625,0,2.57718382167881E-07,0,0.0002,0,0,0
144.75,0,0.003814697265625,0,0,-0.003814697265625,0,2.5074248807130176E-07,0,-0.0006,0,0,0
144.875,0,0.0152587890625,0,0.091552734375,-0.0152587890625,0,-1.0477845767032816E-06,0,0,0,0,0
145,0,0.0152587890625,0,0,-0.0152587890625,0,-1.0369075784428798E-06,0,0.0002,0,0,0
145.125,0,0.003814697265625,0,-0.091552734375,-0.003814697265625,0,2.6544780937734294E-07,0,-0.0006,0,0,0
145.25,0,0.0152587890625,0,0.091552734375,-0.0152587890625,0,-1.0333536058587898E-06,0,-0.0002,0,0,0
145.375,0,0.00762939453125,0,-0.06103515625,-0.00762939453125,0,-1.616249617972058E-07,0,-0.0004,0,0,0
145.5,0,0.003814697265625,0,-0.030517578125,-0.003814697265625,0,2.6761532023736036E-07,0,0.0002,0,0,0
145.625,0,0.00762939453125,0,0.030517578125,-0.00762939453125,0,-1.7010565542716427E-07,0,-0.0002,0,0,0
145.75,0,0.00762939453125,0,0,-0.00762939453125,0,-1.712675918816624E-07,0,0.0004,0,0,0
145.875,0,0.011444091796875,0,0.030517578125,-0.011444091796875,0,-6.0296828953430726E-07,0,-0.0002,0,0,0
146,0,0.003814697265625,0,-0.06103515625,-0.003814697265625,0,2.6289861227804862E-07,0,-0.0008,0,0,0
146.125,0,0.003814697265625,0,0,-0.003814697265625,0,2.5582607299486796E-07,0,-0.0002,0,0,0
146.25,0,0.003814697265625,0,0,-0.003814697265625,0,2.48885482846037E-07,0,0.0008,0,0,0
146.375,0,0.003814697265625,0,0,-0.003814697265625,0,2.420743801168366E-07,0,0.0002,0,0,0
146.5,0,0.0152587890625,0,0.091552734375,-0.0152587890625,0,-1.0562909677276251E-06,0,-0.001,0,0,0
146.625,0,0.011444091796875,0,-0.030517578125,-0.011444091796875,0,-6.14694830700234E-07,0,-0.0002,0,0,0
146.75,0,0.0152587890625,0,0.030517578125,-0.0152587890625,0,-1.0402904689138204E-06,0,0.0002,0,0,0
146.875,0,0.011444091796875,0,-0.030517578125,-0.011444091796875,0,-5.9899284588304528E-07,0,0.0006,0,0,0
147,0,0.011444091796875,0,0,-0.011444091796875,0,-5.9432098993823423E-07,0,0,0,0,0
147.125,0,0.00762939453125,0,-0.030517578125,-0.00762939453125,0,-1.5917585575971685E-07,0,0.0004,0,0,0
147.25,0,0.0152587890625,0,0.06103515625,-0.0152587890625,0,-1.0216625823248887E-06,0,0.0012,0,0,0
147.375,0,0.011444091796875,0,-0.030517578125,-0.011444091796875,0,-5.8071249126414013E-07,0,-0.0002,0,0,0
147.5,0,0.003814697265625,0,-0.06103515625,-0.003814697265625,0,2.8473919428734691E-07,0,0.0006,0,0,0
147.625,0,0.00762939453125,0,0.030517578125,-0.00762939453125,0,-1.5330125367236631E-07,0,-0.0008,0,0,0
147.75,0,0.003814697265625,0,-0.030517578125,-0.003814697265625,0,2.7578373674236196E-07,0,-0.0008,0,0,0
147.875,0,0.00762939453125,0,0.030517578125,-0.00762939453125,0,-1.6208963333719348E-07,0,0,0,0,0
148,0,0.011444091796875,0,0.030517578125,-0.011444091796875,0,-5.93961559969495E-07,0,-0.0008,0,0,0
148.125,0,0.003814697265625,0,-0.06103515625,-0.003814697265625,0,2.717373074040526E-07,0,-0.0004,0,0,0
148.25,0,0.00762939453125,0,0.030517578125,-0.00762939453125,0,-1.6606057029193038E-07,0,0.0002,0,0,0
148.375,0,0.00762939453125,0,0,-0.00762939453125,0,-1.6729797405181831E-07,0,0,0,0,0
148.5,0,0.00762939453125,0,0,-0.00762939453125,0,-1.6851229213506014E-07,0,-0.0004,0,0,0
148.625,0,0.00762939453125,0,0,-0.00762939453125,0,-1.6970395524057847E-07,0,0.0002,0,0,0
148.75,0,0.00762939453125,0,0,-0.00762939453125,0,-1.7087338603194288E-07,0,0,0,0,0
148.875,0,0.011444091796875,0,0.030517578125,-0.011444091796875,0,-6.0258143820303482E-07,0,0.0002,0,0,0
149,0,0.00762939453125,0,-0.030517578125,-0.00762939453125,0,-1.6728219261498834E-07,0,-0.0002,0,0,0
149.125,0,0.011444091796875,0,0.030517578125,-0.011444091796875,0,-5.9905724404104047E-07,0,0.0002,0,0,0
149.25,0,0.011444091796875,0,0,-0.011444091796875,0,-5.943841866492157E-07,0,0.0004,0,0,0
149.375,0,0.003814697265625,0,-0.06103515625,-0.003814697265625,0,2.7132256547722044E-07,0,0.0012,0,0,0
149.5,0,0.011444091796875,0,0.06103515625,-0.011444091796875,0,-5.9702801348385956E-07,0,-0.0002,0,0,0
149.625,0,0.011444091796875,0,0,-0.011444091796875,0,-5.9239281451949559E-07,0,0.0004,0,0,0
149.75,0,0.011444091796875,0,0,-0.011444091796875,0,-5.8784409234464073E-07,0,0,0,0,0
149.875,0,0.011444091796875,0,0,-0.011444091796875,0,-5.8338023360133958E-07,0,0.0008,0,0,0
150,0,0,0,-0.091552734375,0,0,7.1268166171594014E-07,0,-0.0002,0,0,0
150.125,0,0.011444091796875,0,0.091552734375,-0.011444091796875,0,-5.9229583120866068E-07,0,0.0006,0,0,0
150.25,0,0.00762939453125,0,-0.030517578125,-0.00762939453125,0,-1.5718847949137661E-07,0,0.0008,0,0,0
150.375,0,0.00762939453125,0,0,-0.00762939453125,0,-1.5859140579615716E-07,0,0,0,0,0
150.5,0,0.011444091796875,0,0.030517578125,-0.011444091796875,0,-5.9052859726154278E-07,0,0.0006,0,0,0
150.625,0,0.00762939453125,0,-0.030517578125,-0.00762939453125,0,-1.5545421602065752E-07,0,-0.0004,0,0,0
150.75,0,0.003814697265625,0,-0.030517578125,-0.003814697265625,0,2.73670941229032E-07,0,0.0006,0,0,0
150.875,0,0.003814697265625,0,0,-0.003814697265625,0,2.6639742752590109E-07,0,0.0002,0,0,0
151,0,0.003814697265625,0,0,-0.003814697265625,0,2.5925961244505867E-07,0,-0.001,0,0,0
151.125,0,0.00762939453125,0,0.030517578125,-0.00762939453125,0,-1.7830547459645112E-07,0,-0.0006,0,0,0
151.25,0,0.003814697265625,0,-0.030517578125,-0.003814697265625,0,2.5124600814499611E-07,0,0.0008,0,0,0
151.375,0,0.0152587890625,0,0.091552734375,-0.0152587890625,0,-1.0472904505735715E-06,0,0.0014,0,0,0
151.5,0,0.011444091796875,0,-0.030517578125,-0.011444091796875,0,-6.0586223208287942E-07,0,-0.0006,0,0,0
151.625,0,0.011444091796875,0,0,-0.011444091796875,0,-6.0106221713798506E-07,0,-0.0008,0,0,0
151.75,0,0.00762939453125,0,-0.030517578125,-0.00762939453125,0,-1.6579131496330008E-07,0,0.0006,0,0,0
151.875,0,0.00762939453125,0,0,-0.00762939453125,0,-1.6703374209684623E-07,0,0.0002,0,0,0
152,0,0.00762939453125,0,0,-0.00762939453125,0,-1.6825298983495884E-07,0,0.0004,0,0,0
152.125,0,0.003814697265625,0,-0.030517578125,-0.003814697265625,0,2.61110948290724E-07,0,0.0002,0,0,0
152.25,0,0.003814697265625,0,0,-0.003814697265625,0,2.5407176063786888E-07,0,-0.0008,0,0,0
152.375,0,0.0152587890625,0,0.091552734375,-0.0152587890625,0,-1.0445174168540265E-06,0,0.0002,0,0,0
152.5,0,0.00762939453125,0,-0.06103515625,-0.00762939453125,0,-1.7258049467083921E-07,0,0.0002,0,0,0
152.625,0,0.011444091796875,0,0.030517578125,-0.011444091796875,0,-6.0425669809594E-07,0,0.0004,0,0,0
152.75,0,0.011444091796875,0,0,-0.011444091796875,0,-5.9948663686515919E-07,0,0,0,0,0
152.875,0,0.00762939453125,0,-0.030517578125,-0.00762939453125,0,-1.6424512957182788E-07,0,0.0004,0,0,0
153,0,0.011444091796875,0,0.030517578125,-0.011444091796875,0,-5.9607684209560816E-07,0,0,0,0,0
153.125,0,0.00762939453125,0,-0.030517578125,-0.00762939453125,0,-1.6089894978554356E-07,0,-0.0006,0,0,0
153.25,0,0.00762939453125,0,0,-0.00762939453125,0,-1.6223265154115688E-07,0,-0.0002,0,0,0
153.375,0,0.011444091796875,0,0.030517578125,-0.011444091796875,0,-5.9410190994816423E-07,0,0.0006,0,0,0
153.5,0,0.011444091796875,0,0,-0.011444091796875,0,-5.89521301960689E-07,0,0,0,0,0
153.625,0,0.00762939453125,0,-0.030517578125,-0.00762939453125,0,-1.544657133680536E-07,0,0.0004,0,0,0
153.75,0,0.00762939453125,0,0,-0.00762939453125,0,-1.5591943707651397E-07,0,-0.0002,0,0,0
153.875,0,0.011444091796875,0,0.030517578125,-0.011444091796875,0,-5.8790647824162558E-07,0,-0.0002,0,0,0
154,0,0.011444091796875,0,0,-0.011444091796875,0,-5.8344145559314512E-07,0,-0.0002,0,0,0
154.125,0,0.011444091796875,0,0,-0.011444091796875,0,-5.7905973483239255E-07,0,0,0,0,0
154.25,0,0.00762939453125,0,-0.030517578125,-0.00762939453125,0,-1.4419932291835165E-07,0,0,0,0,0
154.375,0,0.00762939453125,0,0,-0.00762939453125,0,-1.4584458198327953E-07,0,0,0,0,0
154.5,0,0.00762939453125,0,0,-0.00762939453125,0,-1.47459146201462E-07,0,0.0004,0,0,0
154.625,0,0.011444091796875,0,0.030517578125,-0.011444091796875,0,-5.79604027148385E-07,0,0.0006,0,0,0
154.75,0,0.00762939453125,0,-0.030517578125,-0.00762939453125,0,-1.4473346062126193E-07,0,-0.0004,0,0,0
154.875,0,0.00762939453125,0,0,-0.00762939453125,0,-1.4636875452308495E-07,0,0.0002,0,0,0
155,0,0.011444091796875,0,0.030517578125,-0.011444091796875,0,-5.7853397840941111E-07,0,0.0002,0,0,0
155.125,0,0.00762939453125,0,-0.030517578125,-0.00762939453125,0,-1.4368337529276438E-07,0,0.0018,0,0,0
155.25,0,0.011444091796875,0,0.030517578125,-0.011444091796875,0,-5.7589869907258766E-07,0,-0.0002,0,0,0
155.375,0,0.00762939453125,0,-0.030517578125,-0.00762939453125,0,-1.4109726115861298E-07,0,0.0004,0,0,0
155.5,0,0.0152587890625,0,0.06103515625,-0.0152587890625,0,-1.003921271804136E-06,0,0,0,0,0
155.625,0,0.003814697265625,0,-0.091552734375,-0.003814697265625,0,2.9781870556276797E-07,0,0,0,0,0
155.75,0,0.0152587890625,0,0.091552734375,-0.0152587890625,0,-1.0015866386950033E-06,0,-0.0002,0,0,0
155.875,0,0.003814697265625,0,-0.091552734375,-0.003814697265625,0,3.0010978248854977E-07,0,0.0002,0,0,0
156,0,0.011444091796875,0,0.06103515625,-0.011444091796875,0,-5.6877786642900485E-07,0,0,0,0,0
156.125,0,0.003814697265625,0,-0.06103515625,-0.003814697265625,0,2.9645116027921076E-07,0,-0.0002,0,0,0
156.25,0,0.003814697265625,0,0,-0.003814697265625,0,2.8875264643629746E-07,0,-0.0002,0,0,0
156.375,0,0.011444091796875,0,0.06103515625,-0.011444091796875,0,-5.79923117582385E-07,0,0.0008,0,0,0
156.5,0,0,0,-0.091552734375,0,0,7.1607427990069639E-07,0,-0.0008,0,0,0
156.625,0,0.00762939453125,0,0.06103515625,-0.00762939453125,0,-1.5840606863572261E-07,0,0,0,0,0
156.75,0,0.011444091796875,0,0.030517578125,-0.011444091796875,0,-5.9034671785184012E-07,0,0,0,0,0
156.875,0,0.00762939453125,0,-0.030517578125,-0.00762939453125,0,-1.5527572985201092E-07,0,-0.0002,0,0,0
157,0,0.00762939453125,0,0,-0.00762939453125,0,-1.5671434145298237E-07,0,-0.0004,0,0,0
157.125,0,0.003814697265625,0,-0.030517578125,-0.003814697265625,0,2.7243432538121563E-07,0,0.0008,0,0,0
157.25,0,0.0152587890625,0,0.091552734375,-0.0152587890625,0,-1.0264974340922443E-06,0,0,0,0,0
157.375,0,0.011444091796875,0,-0.030517578125,-0.011444091796875,0,-5.8545714141085164E-07,0,-0.0008,0,0,0
157.5,0,0.011444091796875,0,0,-0.011444091796875,0,-5.8103781492065481E-07,0,0,0,0,0
157.625,0,0.00762939453125,0,-0.030517578125,-0.00762939453125,0,-1.461404988700838E-07,0,0.0004,0,0,0
157.75,0,0.00762939453125,0,0,-0.00762939453125,0,-1.4774954230209741E-07,0,0,0,0,0
157.875,0,0.00762939453125,0,0,-0.00762939453125,0,-1.4932856654588392E-07,0,0,0,0,0
158,0,0.00762939453125,0,0,-0.00762939453125,0,-1.5087813165572397E-07,0,-0.001,0,0,0
158.125,0,0.011444091796875,0,0.030517578125,-0.011444091796875,0,-5.8295922615297444E-07,0,-0.0004,0,0,0
158.25,0,0.003814697265625,0,-0.06103515625,-0.003814697265625,0,2.8253437570492318E-07,0,0,0,0,0
158.375,0,0.003814697265625,0,0,-0.003814697265625,0,2.7509550095399426E-07,0,0.0008,0,0,0
158.5,0,0.011444091796875,0,0.06103515625,-0.011444091796875,0,-5.93325467940628E-07,0,0.0002,0,0,0
158.625,0,0.00762939453125,0,-0.030517578125,-0.00762939453125,0,-1.5819890676122044E-07,0,0,0,0,0
158.75,0,0.00762939453125,0,0,-0.00762939453125,0,-1.595829819860365E-07,0,0.0002,0,0,0
158.875,0,0.003814697265625,0,-0.030517578125,-0.003814697265625,0,2.6961920376406165E-07,0,-0.0008,0,0,0
159,0,0.00762939453125,0,0.030517578125,-0.00762939453125,0,-1.6813915743995578E-07,0,0.0002,0,0,0
159.125,0,0.003814697265625,0,-0.030517578125,-0.003814697265625,0,2.6122265696673729E-07,0,-0.001,0,0,0
159.25,0,0.00762939453125,0,0.030517578125,-0.00762939453125,0,-1.763790536996057E-07,0,-0.0002,0,0,0
159.375,0,0.003814697265625,0,-0.030517578125,-0.003814697265625,0,2.5313648868724544E-07,0,0.0006,0,0,0
159.5,0,0.00762939453125,0,0.030517578125,-0.00762939453125,0,-1.8431436203163534E-07,0,0,0,0,0
159.625,0,0.00762939453125,0,0,-0.00762939453125,0,-1.8521121313819518E-07,0,0,0,0,0
159.75,0,0.011444091796875,0,0.030517578125,-0.011444091796875,0,-6.1665177101913524E-07,0,0.0004,0,0,0
159.875,0,0.011444091796875,0,0,-0.011444091796875,0,-6.1165046057545775E-07,0,0.0012,0,0,0
160,0,0.011444091796875,0,0,-0.011444091796875,0,-6.0674245729590261E-07,0,0.0002,0,0,0
160.125,0,0.00762939453125,0,-0.030517578125,-0.00762939453125,0,-1.7136558147558257E-07,0,0.0004,0,0,0
160.25,0,0.003814697265625,0,-0.030517578125,-0.003814697265625,0,2.5805642685036642E-07,0,0,0,0,0
160.375,0,0.011444091796875,0,0.06103515625,-0.011444091796875,0,-6.10046651822926E-07,0,0,0,0,0
160.5,0,0.011444091796875,0,0,-0.011444091796875,0,-6.0516857007057422E-07,0,0,0,0,0
160.625,0,0.011444091796875,0,0,-0.011444091796875,0,-6.0038149646094718E-07,0,0,0,0,0
160.75,0,0.00762939453125,0,-0.030517578125,-0.00762939453125,0,-1.6512329418094966E-07,0,-0.0006,0,0,0
160.875,0,0.00762939453125,0,0,-0.00762939453125,0,-1.6637818427304993E-07,0,-0.0002,0,0,0
161,0,0.003814697265625,0,-0.030517578125,-0.003814697265625,0,2.6295077646176056E-07,0,0.0004,0,0,0
161.125,0,0.011444091796875,0,0.06103515625,-0.011444091796875,0,-6.0524361385627076E-07,0,-0.0004,0,0,0
161.25,0,0.003814697265625,0,-0.06103515625,-0.003814697265625,0,2.6066573764248869E-07,0,-0.0002,0,0,0
161.375,0,0.0152587890625,0,0.091552734375,-0.0152587890625,0,-1.0380464606659541E-06,0,-0.001,0,0,0
161.5,0,0.003814697265625,0,-0.091552734375,-0.003814697265625,0,2.6433017475961145E-07,0,0.0002,0,0,0
161.625,0,0.003814697265625,0,0,-0.003814697265625,0,2.5723092746921492E-07,0,0.0004,0,0,0
161.75,0,0.003814697265625,0,0,-0.003814697265625,0,2.502641275922573E-07,0,0.0002,0,0,0
161.875,0,0.00762939453125,0,0.030517578125,-0.00762939453125,0,-1.8713313479789905E-07,0,0,0,0,0
162,0,0.003814697265625,0,-0.030517578125,-0.003814697265625,0,2.425830415670512E-07,0,0.0002,0,0,0
162.125,0,0.003814697265625,0,0,-0.003814697265625,0,2.3588952060555191E-07,0,0.0008,0,0,0
162.25,0,0.011444091796875,0,0.06103515625,-0.011444091796875,0,-6.3180000022477865E-07,0,0,0,0,0
162.375,0,0,0,-0.091552734375,0,0,6.6516524055805E-07,0,0,0,0,0
162.5,0,0.003814697265625,0,0.030517578125,-0.003814697265625,0,2.221951176268427E-07,0,0.0006,0,0,0
162.625,0,0.00762939453125,0,0.030517578125,-0.00762939453125,0,-2.1467847406758519E-07,0,-0.0002,0,0,0
162.75,0,0.00762939453125,0,0,-0.00762939453125,0,-2.1500883580759327E-07,0,-0.0008,0,0,0
162.875,0,0.011444091796875,0,0.030517578125,-0.011444091796875,0,-6.4589347305529534E-07,0,0,0,0,0
163,0,0.003814697265625,0,-0.06103515625,-0.003814697265625,0,2.2077426429584182E-07,0,0.0002,0,0,0
163.125,0,0.00762939453125,0,0.030517578125,-0.00762939453125,0,-2.160728191870998E-07,0,0,0,0,0
163.25,0,0.011444091796875,0,0.030517578125,-0.011444091796875,0,-6.4693760618296626E-07,0,0,0,0,0
163.375,0,0.00762939453125,0,-0.030517578125,-0.00762939453125,0,-2.1081082783282657E-07,0,-0.0008,0,0,0
163.5,0,0.011444091796875,0,0.030517578125,-0.011444091796875,0,-6.4177378539747341E-07,0,-0.0004,0,0,0
163.625,0,0.011444091796875,0,0,-0.011444091796875,0,-6.3630378500841434E-07,0,0.0004,0,0,0
163.75,0,0.00762939453125,0,-0.030517578125,-0.00762939453125,0,-2.0037539700191665E-07,0,0,0,0,0
163.875,0,0.00762939453125,0,0,-0.00762939453125,0,-2.0097260471644487E-07,0,0,0,0,0
164,0,0.00762939453125,0,0,-0.00762939453125,0,-2.0155867059947471E-07,0,0.0004,0,0,0
164.125,0,0.011444091796875,0,0.030517578125,-0.011444091796875,0,-6.3269424143481935E-07,0,0,0,0,0
164.25,0,0.00762939453125,0,-0.030517578125,-0.00762939453125,0,-1.9683319503377109E-07,0,0,0,0,0
164.375,0,0.003814697265625,0,-0.030517578125,-0.003814697265625,0,2.3306395092357257E-07,0,0,0,0,0
164.5,0,0.00762939453125,0,0.030517578125,-0.00762939453125,0,-2.040124156282966E-07,0,-0.0002,0,0,0
164.625,0,0.003814697265625,0,-0.030517578125,-0.003814697265625,0,2.2601866976788568E-07,0,0,0,0,0
164.75,0,0.003814697265625,0,0,-0.003814697265625,0,2.1963418272368745E-07,0,0,0,0,0
164.875,0,0.011444091796875,0,0.06103515625,-0.011444091796875,0,-6.4775206969395647E-07,0,-0.0006,0,0,0
165,0,0.00762939453125,0,-0.030517578125,-0.00762939453125,0,-2.1161009627017609E-07,0,-0.0002,0,0,0
165.125,0,0.003814697265625,0,-0.030517578125,-0.003814697265625,0,2.1856273558277676E-07,0,0.0002,0,0,0
165.25,0,0.00762939453125,0,0.030517578125,-0.00762939453125,0,-2.1824308841929177E-07,0,-0.0002,0,0,0
165.375,0,0,0,-0.06103515625,0,0,6.4261393105368879E-07,0,0.0002,0,0,0
165.5,0,0.011444091796875,0,0.091552734375,-0.011444091796875,0,-6.6105634023006233E-07,0,0.0006,0,0,0
165.625,0,0.011444091796875,0,0,-0.011444091796875,0,-6.552265940246368E-07,0,0.0004,0,0,0
165.75,0,0.0152587890625,0,0.030517578125,-0.0152587890625,0,-1.0800660496466267E-06,0,-0.001,0,0,0
165.875,0,0.011444091796875,0,-0.030517578125,-0.011444091796875,0,-6.3802635177740816E-07,0,-0.0004,0,0,0
166,0,0.00762939453125,0,-0.030517578125,-0.00762939453125,0,-2.0206582662964804E-07,0,-0.0004,0,0,0
166.125,0,0.00762939453125,0,0,-0.00762939453125,0,-2.0263149677087657E-07,0,-0.0004,0,0,0
166.25,0,0.011444091796875,0,0.030517578125,-0.011444091796875,0,-6.33747052378457E-07,0,-0.0002,0,0,0
166.375,0,0.00762939453125,0,-0.030517578125,-0.00762939453125,0,-1.9786636416460508E-07,0,-0.0002,0,0,0
166.5,0,0.00762939453125,0,0,-0.00762939453125,0,-1.9851038175853908E-07,0,-0.0004,0,0,0
166.625,0,0.011444091796875,0,0.030517578125,-0.011444091796875,0,-6.2970282312619251E-07,0,0.0002,0,0,0
166.75,0,0.003814697265625,0,-0.06103515625,-0.003814697265625,0,2.3666285266584024E-07,0,0.0004,0,0,0
166.875,0,0.00762939453125,0,0.030517578125,-0.00762939453125,0,-2.0048065695169295E-07,0,0.0002,0,0,0
167,0,0.003814697265625,0,-0.030517578125,-0.003814697265625,0,2.294845380363274E-07,0,0,0,0,0
167.125,0,0.011444091796875,0,0.06103515625,-0.011444091796875,0,-6.380854879602956E-07,0,0,0,0,0
167.25,0,0.003814697265625,0,-0.06103515625,-0.003814697265625,0,2.2843657937996567E-07,0,0.0004,0,0,0
167.375,0,0.00762939453125,0,0.030517578125,-0.00762939453125,0,-2.0855345641500754E-07,0,-0.001,0,0,0
167.5,0,0.00762939453125,0,0,-0.00762939453125,0,-2.0899808981117403E-07,0,0,0,0,0
167.625,0,0.003814697265625,0,-0.030517578125,-0.003814697265625,0,2.2112601103055619E-07,0,-0.0008,0,0,0
167.75,0,0.003814697265625,0,0,-0.003814697265625,0,2.1483280408523198E-07,0,0.0004,0,0,0
167.875,0,0.00762939453125,0,0.030517578125,-0.00762939453125,0,-2.2190343228888866E-07,0,-0.0006,0,0,0
168,0,0.011444091796875,0,0.030517578125,-0.011444091796875,0,-6.5265944019980338E-07,0,0.0002,0,0,0
168.125,0,0.011444091796875,0,0,-0.011444091796875,0,-6.4698635112215776E-07,0,0,0,0,0
168.25,0,0.00762939453125,0,-0.030517578125,-0.00762939453125,0,-2.1085866335995654E-07,0,0.0004,0,0,0
168.375,0,0.003814697265625,0,-0.030517578125,-0.003814697265625,0,2.1930014935247897E-07,0,0.0004,0,0,0
168.5,0,0.003814697265625,0,0,-0.003814697265625,0,2.1304100667434625E-07,0,0.0016,0,0,0
168.625,0,0.00762939453125,0,0.030517578125,-0.00762939453125,0,-2.2366180095405378E-07,0,0.0002,0,0,0
168.75,0,0.011444091796875,0,0.030517578125,-0.011444091796875,0,-6.54385003784085E-07,0,0,0,0,0
168.875,0,0.011444091796875,0,0,-0.011444091796875,0,-6.486797216549632E-07,0,-0.0002,0,0,0
169,0,0.011444091796875,0,0,-0.011444091796875,0,-6.4308088036809291E-07,0,0,0,0,0
169.125,0,0.011444091796875,0,0,-0.011444091796875,0,-6.3758649410530723E-07,0,0.0004,0,0,0
169.25,0,0.0152587890625,0,0.030517578125,-0.0152587890625,0,-1.0627550530126946E-06,0,-0.0006,0,0,0
169.375,0,0.011444091796875,0,-0.030517578125,-0.011444091796875,0,-6.2103831849922718E-07,0,-0.0006,0,0,0
169.5,0,0.003814697265625,0,-0.06103515625,-0.003814697265625,0,2.4516570758831881E-07,0,0.001,0,0,0
169.625,0,0.011444091796875,0,0.06103515625,-0.011444091796875,0,-6.2269687482476644E-07,0,0.0008,0,0,0
169.75,0,0.011444091796875,0,0,-0.011444091796875,0,-6.1758278364106475E-07,0,0.0008,0,0,0
169.875,0,0.0152587890625,0,0.030517578125,-0.0152587890625,0,-1.0431245426359817E-06,0,-0.0014,0,0,0
170,0,0.00762939453125,0,-0.06103515625,-0.00762939453125,0,-1.7121360667075254E-07,0,-0.0002,0,0,0
170.125,0,0.011444091796875,0,0.030517578125,-0.011444091796875,0,-6.0291531150081452E-07,0,-0.0004,0,0,0
170.25,0,0.00762939453125,0,-0.030517578125,-0.00762939453125,0,-1.6760983699117973E-07,0,0,0,0,0
170.375,0,0.011444091796875,0,0.030517578125,-0.011444091796875,0,-5.993787757057881E-07,0,0.0004,0,0,0
170.5,0,0.003814697265625,0,-0.06103515625,-0.003814697265625,0,2.6642115818692174E-07,0,-0.0014,0,0,0
170.625,0,0.011444091796875,0,0.06103515625,-0.011444091796875,0,-6.0183797745752825E-07,0,0,0,0,0
170.75,0,0.003814697265625,0,-0.06103515625,-0.003814697265625,0,2.6400783663878903E-07,0,-0.0004,0,0,0
170.875,0,0.00762939453125,0,0.030517578125,-0.00762939453125,0,-1.7364583585229911E-07,0,0.0004,0,0,0
171,0,0.011444091796875,0,0.030517578125,-0.011444091796875,0,-6.0530216369367346E-07,0,0,0,0,0
171.125,0,0.00762939453125,0,-0.030517578125,-0.00762939453125,0,-1.6995215877309889E-07,0,0.001,0,0,0
171.25,0,0.00762939453125,0,0,-0.00762939453125,0,-1.7111695894454768E-07,0,0,0,0,0
171.375,0,0,0,-0.06103515625,0,0,6.8886084986017493E-07,0,0,0,0,0
171.5,0,0.003814697265625,0,0.030517578125,-0.003814697265625,0,2.4544864877144641E-07,0,0.001,0,0,0
171.625,0,0.011444091796875,0,0.06103515625,-0.011444091796875,0,-6.2241921234603221E-07,0,0.0004,0,0,0
171.75,0,0.00762939453125,0,-0.030517578125,-0.00762939453125,0,-1.8674986246859438E-07,0,-0.0004,0,0,0
171.875,0,0.003814697265625,0,-0.030517578125,-0.003814697265625,0,2.4295916335960422E-07,0,0.0002,0,0,0
172,0,0.00762939453125,0,0.030517578125,-0.00762939453125,0,-1.9430181365010234E-07,0,0,0,0,0
172.125,0,0.011444091796875,0,0.030517578125,-0.011444091796875,0,-6.2557277235029016E-07,0,0.0006,0,0,0
172.25,0,0.011444091796875,0,0,-0.011444091796875,0,-6.2040502686029509E-07,0,0.0004,0,0,0
172.375,0,0.011444091796875,0,0,-0.011444091796875,0,-6.1533369363704649E-07,0,0.0002,0,0,0
172.5,0,0.00762939453125,0,-0.030517578125,-0.00762939453125,0,-1.7979653504517607E-07,0,0.0004,0,0,0
172.625,0,0.00762939453125,0,0,-0.00762939453125,0,-1.8077767318587411E-07,0,0,0,0,0
172.75,0,0.00762939453125,0,0,-0.00762939453125,0,-1.8174050668050952E-07,0,0.0004,0,0,0
172.875,0,0.003814697265625,0,-0.030517578125,-0.003814697265625,0,2.478750618852516E-07,0,0.0008,0,0,0
173,0,0.00762939453125,0,0.030517578125,-0.00762939453125,0,-1.8947762879744266E-07,0,-0.001,0,0,0
173.125,0,0.00762939453125,0,0,-0.00762939453125,0,-1.9027815119476718E-07,0,-0.0004,0,0,0
173.25,0,0.011444091796875,0,0.030517578125,-0.011444091796875,0,-6.2162417752719282E-07,0,-0.0004,0,0,0
173.375,0,0.00762939453125,0,-0.030517578125,-0.00762939453125,0,-1.8596966025116216E-07,0,0.0002,0,0,0
173.5,0,0.00762939453125,0,0,-0.00762939453125,0,-1.8683562921505557E-07,0,0.0004,0,0,0
173.625,0,0.003814697265625,0,-0.030517578125,-0.003814697265625,0,2.4287499672414961E-07,0,-0.0002,0,0,0
173.75,0,0.00762939453125,0,0.030517578125,-0.00762939453125,0,-1.9438441002709042E-07,0,0,0,0,0
173.875,0,0.00762939453125,0,0,-0.00762939453125,0,-1.9509338884865352E-07,0,0.0004,0,0,0
174,0,0,0,-0.06103515625,0,0,6.6533173725526983E-07,0,0.0002,0,0,0
174.125,0,0.003814697265625,0,0.030517578125,-0.003814697265625,0,2.2235850807124572E-07,0,-0.0002,0,0,0
174.25,0,0.003814697265625,0,0,-0.003814697265625,0,2.1604230699169389E-07,0,0,0,0,0
174.375,0,0.00762939453125,0,0.030517578125,-0.00762939453125,0,-2.2071649452559686E-07,0,0.0002,0,0,0
174.5,0,0.003814697265625,0,-0.030517578125,-0.003814697265625,0,2.0962623123939183E-07,0,-0.0006,0,0,0
174.625,0,0.00762939453125,0,0.030517578125,-0.00762939453125,0,-2.270128684837425E-07,0,0.0006,0,0,0
174.75,0,0,0,-0.06103515625,0,0,6.3400776476946737E-07,0,0.0002,0,0,0
174.875,0,0.00762939453125,0,0.06103515625,-0.00762939453125,0,-2.3894150628585292E-07,0,0.0008,0,0,0
175,0,0.003814697265625,0,-0.030517578125,-0.003814697265625,0,1.9174123519753523E-07,0,-0.0004,0,0,0
175.125,0,0.011444091796875,0,0.06103515625,-0.011444091796875,0,-6.7512463124087626E-07,0,-0.0004,0,0,0
175.25,0,0.003814697265625,0,-0.06103515625,-0.003814697265625,0,1.9208845847441096E-07,0,-0.0002,0,0,0
175.375,0,0.00762939453125,0,0.030517578125,-0.00762939453125,0,-2.442234470342968E-07,0,-0.0004,0,0,0
175.5,0,0.00762939453125,0,0,-0.00762939453125,0,-2.4400260171114803E-07,0,0.0008,0,0,0
175.625,0,0.00762939453125,0,0,-0.00762939453125,0,-2.437858765983011E-07,0,0.0004,0,0,0
175.75,0,0.00762939453125,0,0,-0.00762939453125,0,-2.4357319482687467E-07,0,-0.0002,0,0,0
175.875,0,0.00762939453125,0,0,-0.00762939453125,0,-2.433644809620951E-07,0,0.0004,0,0,0
176,0,0.011444091796875,0,0.030517578125,-0.011444091796875,0,-6.737200998922938E-07,0,-0.0002,0,0,0
176.125,0,0.011444091796875,0,0,-0.011444091796875,0,-6.6765409170822954E-07,0,0,0,0,0
176.25,0,0.00762939453125,0,-0.030517578125,-0.00762939453125,0,-2.3114081535187478E-07,0,-0.0002,0,0,0
176.375,0,0.00762939453125,0,0,-0.00762939453125,0,-2.311640467112857E-07,0,-0.0002,0,0,0
176.5,0,0.00762939453125,0,0,-0.00762939453125,0,-2.3118684465383723E-07,0,0,0,0,0
176.625,0,0.00762939453125,0,0,-0.00762939453125,0,-2.312092172655897E-07,0,0,0,0,0
176.75,0,0.00762939453125,0,0,-0.00762939453125,0,-2.3123117248174555E-07,0,0.0002,0,0,0
176.875,0,0.011444091796875,0,0.030517578125,-0.011444091796875,0,-6.6181315700521681E-07,0,-0.0002,0,0,0
177,0,0.003814697265625,0,-0.06103515625,-0.003814697265625,0,2.0515158661654066E-07,0,0,0,0,0
177.125,0,0.003814697265625,0,0,-0.003814697265625,0,1.9915640720966748E-07,0,0.0004,0,0,0
177.25,0,0.00762939453125,0,0.030517578125,-0.00762939453125,0,-2.3728736178963454E-07,0,0.0002,0,0,0
177.375,0,0.011444091796875,0,0.030517578125,-0.011444091796875,0,-6.6775635875593028E-07,0,0.0002,0,0,0
177.5,0,0.00762939453125,0,-0.030517578125,-0.00762939453125,0,-2.3124117444998686E-07,0,0.0002,0,0,0
177.625,0,0.00762939453125,0,0,-0.00762939453125,0,-2.3126253345555287E-07,0,0,0,0,0
177.75,0,0.011444091796875,0,0.030517578125,-0.011444091796875,0,-6.6184393289166287E-07,0,-0.0002,0,0,0
177.875,0,0.003814697265625,0,-0.06103515625,-0.003814697265625,0,2.0512138490174822E-07,0,0.0002,0,0,0
178,0,0.003814697265625,0,0,-0.003814697265625,0,1.9912676895447041E-07,0,0.001,0,0,0
178.125,0,0.00762939453125,0,0.030517578125,-0.00762939453125,0,-2.3731644709744451E-07,0,-0.0002,0,0,0
178.25,0,0.00762939453125,0,0,-0.00762939453125,0,-2.3722446251668688E-07,0,-0.0004,0,0,0
178.375,0,0,0,-0.06103515625,0,0,6.2398668378127646E-07,0,-0.0002,0,0,0
178.5,0,0.0152587890625,0,0.1220703125,-0.0152587890625,0,-1.1098965063756375E-06,0,-0.0002,0,0,0
178.625,0,0.003814697265625,0,-0.091552734375,-0.003814697265625,0,1.9382060252837527E-07,0,0,0,0,0
178.75,0,0.00762939453125,0,0.030517578125,-0.00762939453125,0,-2.4252361880062536E-07,0,0.0002,0,0,0
178.875,0,0.00762939453125,0,0,-0.00762939453125,0,-2.4233448639627361E-07,0,0.0002,0,0,0
179,0,0.011444091796875,0,0.030517578125,-0.011444091796875,0,-6.7270932146453867E-07,0,0,0,0,0
179.125,0,0.00762939453125,0,-0.030517578125,-0.00762939453125,0,-2.3610173199607865E-07,0,-0.0004,0,0,0
179.25,0,0.00762939453125,0,0,-0.00762939453125,0,-2.3603240980003028E-07,0,-0.0002,0,0,0
179.375,0,0.003814697265625,0,-0.030517578125,-0.003814697265625,0,1.9459605799922904E-07,0,0,0,0,0
179.5,0,0.00762939453125,0,0.030517578125,-0.00762939453125,0,-2.4176263064822809E-07,0,0,0,0,0
179.625,0,0.00762939453125,0,0,-0.00762939453125,0,-2.4158769565218168E-07,0,0,0,0,0
179.75,0,0.011444091796875,0,0.030517578125,-0.011444091796875,0,-6.7197646325419135E-07,0,0.0004,0,0,0
179.875,0,0.00762939453125,0,-0.030517578125,-0.00762939453125,0,-2.3538254638655884E-07,0,0,0,0,0
180,0,0.00762939453125,0,0,-0.00762939453125,0,-2.353266417078707E-07,0,0.0004,0,0,0
180.125,0,0.011444091796875,0,0.030517578125,-0.011444091796875,0,-6.6583221893298607E-07,0,0.0002,0,0,0
180.25,0,0.00762939453125,0,-0.030517578125,-0.00762939453125,0,-2.2935293242468498E-07,0,0.0012,0,0,0
180.375,0,0.00762939453125,0,0,-0.00762939453125,0,-2.294095194990825E-07,0,0,0,0,0
180.5,0,0.003814697265625,0,-0.030517578125,-0.003814697265625,0,2.0109538806146859E-07,0,-0.0006,0,0,0
180.625,0,0.011444091796875,0,0.06103515625,-0.011444091796875,0,-6.6594499453352425E-07,0,0.0016,0,0,0
180.75,0,0.00762939453125,0,-0.030517578125,-0.00762939453125,0,-2.2946360402236494E-07,0,-0.0004,0,0,0
180.875,0,0.003814697265625,0,-0.030517578125,-0.003814697265625,0,2.0104231256842878E-07,0,0.0002,0,0,0
181,0,0.00762939453125,0,0.030517578125,-0.00762939453125,0,-2.3543664090558459E-07,0,0.0002,0,0,0
181.125,0,0.011444091796875,0,0.030517578125,-0.011444091796875,0,-6.6594016592592089E-07,0,-0.0004,0,0,0
181.25,0,0.00762939453125,0,-0.030517578125,-0.00762939453125,0,-2.2945886549988767E-07,0,0.0006,0,0,0
181.375,0,0.011444091796875,0,0.030517578125,-0.011444091796875,0,-6.6007391514504928E-07,0,0,0,0,0
181.5,0,0.011444091796875,0,0,-0.011444091796875,0,-6.5426249759561858E-07,0,0.0004,0,0,0
181.625,0,0.011444091796875,0,0,-0.011444091796875,0,-6.4855950100848862E-07,0,-0.0002,0,0,0
181.75,0,0.0152587890625,0,0.030517578125,-0.0152587890625,0,-1.0735233415390505E-06,0,0,0,0,0
181.875,0,0.003814697265625,0,-0.091552734375,-0.003814697265625,0,2.2951516984551671E-07,0,-0.0004,0,0,0
182,0,0.00762939453125,0,0.030517578125,-0.00762939453125,0,-2.0749498871902327E-07,0,-0.0006,0,0,0
182.125,0,0.00762939453125,0,0,-0.00762939453125,0,-2.079593694634377E-07,0,0.0006,0,0,0
182.25,0,0.00762939453125,0,0,-0.00762939453125,0,-2.0841508646845377E-07,0,0.0006,0,0,0
182.375,0,0.011444091796875,0,0.030517578125,-0.011444091796875,0,-6.3942274028525251E-07,0,-0.0006,0,0,0
182.5,0,0.011444091796875,0,0,-0.011444091796875,0,-6.3399660227078812E-07,0,-0.0002,0,0,0
182.625,0,0,0,-0.091552734375,0,0,6.6300961951290555E-07,0,0,0,0,0
182.75,0,0.003814697265625,0,0.030517578125,-0.003814697265625,0,2.2007971301875211E-07,0,-0.0006,0,0,0
182.875,0,0.00762939453125,0,0.030517578125,-0.00762939453125,0,-2.1675441253831535E-07,0,0.0012,0,0,0
183,0,0.00762939453125,0,0,-0.00762939453125,0,-2.1704604444265783E-07,0,0.0004,0,0,0
183.125,0,0.003814697265625,0,-0.030517578125,-0.003814697265625,0,2.1322820341196147E-07,0,0.0002,0,0,0
183.25,0,0.003814697265625,0,0,-0.003814697265625,0,2.0708234225530081E-07,0,-0.0006,0,0,0
183.375,0,0.00762939453125,0,0.030517578125,-0.00762939453125,0,-2.2950929729322114E-07,0,0,0,0,0
183.5,0,0.00762939453125,0,0,-0.00762939453125,0,-2.2956296713970095E-07,0,0,0,0,0
183.625,0,0.00762939453125,0,0,-0.00762939453125,0,-2.2961563569237379E-07,0,0.0004,0,0,0
183.75,0,0.003814697265625,0,-0.030517578125,-0.003814697265625,0,2.0089311728383232E-07,0,0,0,0,0
183.875,0,0.003814697265625,0,0,-0.003814697265625,0,1.9497738619383762E-07,0,0.0008,0,0,0
184,0,0.00762939453125,0,0.030517578125,-0.00762939453125,0,-2.4138841671953833E-07,0,0,0,0,0
184.125,0,0.00762939453125,0,0,-0.00762939453125,0,-2.412204632618016E-07,0,-0.0006,0,0,0
184.25,0,0.00762939453125,0,0,-0.00762939453125,0,-2.4105564323499715E-07,0,0.0006,0,0,0
184.375,0,0.00762939453125,0,0,-0.00762939453125,0,-2.4089389818013552E-07,0,0,0,0,0
184.5,0,0.00762939453125,0,0,-0.00762939453125,0,-2.4073517072886997E-07,0,-0.0002,0,0,0
184.625,0,0.00762939453125,0,0,-0.00762939453125,0,-2.4057940458314879E-07,0,0,0,0,0
184.75,0,0.00762939453125,0,0,-0.00762939453125,0,-2.4042654449524725E-07,0,-0.0002,0,0,0
184.875,0,0.00762939453125,0,0,-0.00762939453125,0,-2.402765362481723E-07,0,-0.0006,0,0,0
185,0,0.00762939453125,0,0,-0.00762939453125,0,-2.4012932663643246E-07,0,0.0006,0,0,0
185.125,0,0.011444091796875,0,0.030517578125,-0.011444091796875,0,-6.7054530236291993E-07,0,0.0002,0,0,0
185.25,0,0.003814697265625,0,-0.06103515625,-0.003814697265625,0,1.9658235290553633E-07,0,0.0014,0,0,0
185.375,0,0.011444091796875,0,0.06103515625,-0.011444091796875,0,-6.7037383205431124E-07,0,0,0,0,0
185.5,0,0.00762939453125,0,-0.030517578125,-0.00762939453125,0,-2.3380981474482033E-07,0,0.0004,0,0,0
185.625,0,0.003814697265625,0,-0.030517578125,-0.003814697265625,0,1.9677718711387612E-07,0,0.0002,0,0,0
185.75,0,0.00762939453125,0,0.030517578125,-0.00762939453125,0,-2.3962219386303434E-07,0,0,0,0,0
185.875,0,0.00762939453125,0,0,-0.00762939453125,0,-2.3948719201824076E-07,0,0.0002,0,0,0
186,0,0.003814697265625,0,-0.030517578125,-0.003814697265625,0,1.9120573007456259E-07,0,0.0008,0,0,0
186.125,0,0.011444091796875,0,0.06103515625,-0.011444091796875,0,-6.7565014568941265E-07,0,0,0,0,0
186.25,0,0.00762939453125,0,-0.030517578125,-0.00762939453125,0,-2.3898769060689094E-07,0,-0.0006,0,0,0
186.375,0,0.011444091796875,0,0.030517578125,-0.011444091796875,0,-6.6942496531523044E-07,0,0.0004,0,0,0
186.5,0,0.003814697265625,0,-0.06103515625,-0.003814697265625,0,1.9768178833674783E-07,0,0.0002,0,0,0
186.625,0,0.011444091796875,0,0.06103515625,-0.011444091796875,0,-6.692949082876679E-07,0,0.0004,0,0,0
186.75,0,0.003814697265625,0,-0.06103515625,-0.003814697265625,0,1.9780941894976312E-07,0,0,0,0,0
186.875,0,0.003814697265625,0,0,-0.003814697265625,0,1.9195121901081393E-07,0,-0.001,0,0,0
187,0,0.00762939453125,0,0.030517578125,-0.00762939453125,0,-2.4435812608391871E-07,0,-0.0006,0,0,0
187.125,0,0.011444091796875,0,0.030517578125,-0.011444091796875,0,-6.7469520703102169E-07,0,0,0,0,0
187.25,0,0.003814697265625,0,-0.06103515625,-0.003814697265625,0,1.9250987111296273E-07,0,-0.0002,0,0,0
187.375,0,0.011444091796875,0,0.06103515625,-0.011444091796875,0,-6.7437033541457511E-07,0,0,0,0,0
187.5,0,0.003814697265625,0,-0.06103515625,-0.003814697265625,0,1.9282868174807731E-07,0,0.0002,0,0,0
187.625,0,0.00762939453125,0,0.030517578125,-0.00762939453125,0,-2.434970337680797E-07,0,-0.001,0,0,0
187.75,0,0.003814697265625,0,-0.030517578125,-0.003814697265625,0,1.8727069811037289E-07,0,0.0008,0,0,0
187.875,0,0.011444091796875,0,0.06103515625,-0.011444091796875,0,-6.7951176355994745E-07,0,0,0,0,0
188,0,0.003814697265625,0,-0.06103515625,-0.003814697265625,0,1.877831748787758E-07,0,-0.0002,0,0,0
188.125,0,0.00762939453125,0,0.030517578125,-0.00762939453125,0,-2.4844840892073691E-07,0,0.0002,0,0,0
188.25,0,0.003814697265625,0,-0.030517578125,-0.003814697265625,0,1.8241169850192618E-07,0,-0.0008,0,0,0
188.375,0,0.011444091796875,0,0.06103515625,-0.011444091796875,0,-6.8428011103251062E-07,0,-0.001,0,0,0
188.5,0,0.00762939453125,0,-0.030517578125,-0.00762939453125,0,-2.4745665062914213E-07,0,-0.0014,0,0,0
188.625,0,0.003814697265625,0,-0.030517578125,-0.003814697265625,0,1.8338495401215483E-07,0,0.001,0,0,0
188.75,0,0.00762939453125,0,0.030517578125,-0.00762939453125,0,-2.52764574189956E-07,0,0.001,0,0,0
188.875,0,0.00762939453125,0,0,-0.00762939453125,0,-2.5238438095943818E-07,0,0.0004,0,0,0
189,0,0.011444091796875,0,0.030517578125,-0.011444091796875,0,-6.8257171973608565E-07,0,-0.0002,0,0,0
189.125,0,0.011444091796875,0,0,-0.011444091796875,0,-6.76340570924417E-07,0,-0.0002,0,0,0
189.25,0,0.00762939453125,0,-0.030517578125,-0.00762939453125,0,-2.396652348937034E-07,0,0,0,0,0
189.375,0,0.011444091796875,0,0.030517578125,-0.011444091796875,0,-6.7008986896781681E-07,0,-0.001,0,0,0
189.5,0,0.011444091796875,0,0,-0.011444091796875,0,-6.6409158834365652E-07,0,0,0,0,0
189.625,0,0.00762939453125,0,-0.030517578125,-0.00762939453125,0,-2.2764477598506157E-07,0,0.0004,0,0,0
189.75,0,0.00762939453125,0,0,-0.00762939453125,0,-2.2773323135378984E-07,0,0,0,0,0
189.875,0,0.00762939453125,0,0,-0.00762939453125,0,-2.2782003645111417E-07,0,-0.001,0,0,0
190,0,0.003814697265625,0,-0.030517578125,-0.003814697265625,0,2.026552168503589E-07,0,-0.0008,0,0,0
190.125,0,0.011444091796875,0,0.06103515625,-0.011444091796875,0,-6.6441426675774765E-07,0,0.0004,0,0,0
190.25,0,0.011444091796875,0,0,-0.011444091796875,0,-6.585218732511482E-07,0,-0.0002,0,0,0
190.375,0,0.003814697265625,0,-0.06103515625,-0.003814697265625,0,2.0838146639321725E-07,0,0.0008,0,0,0
190.5,0,0.00762939453125,0,0.030517578125,-0.00762939453125,0,-2.28234410320847E-07,0,0.0004,0,0,0
190.625,0,0.003814697265625,0,-0.030517578125,-0.003814697265625,0,2.022485737646089E-07,0,-0.0008,0,0,0
190.75,0,0.00762939453125,0,0.030517578125,-0.00762939453125,0,-2.3425288437346681E-07,0,0,0,0,0
190.875,0,0.00762939453125,0,0,-0.00762939453125,0,-2.342180552828761E-07,0,-0.0002,0,0,0
191,0,0.003814697265625,0,-0.030517578125,-0.003814697265625,0,1.9637656293303608E-07,0,0.0004,0,0,0
191.125,0,0.00762939453125,0,0.030517578125,-0.00762939453125,0,-2.4001534378155571E-07,0,-0.0002,0,0,0
191.25,0,0.003814697265625,0,-0.030517578125,-0.003814697265625,0,1.9068743179741214E-07,0,0.0004,0,0,0
191.375,0,0.00762939453125,0,0.030517578125,-0.00762939453125,0,-2.4559833539663538E-07,0,-0.0004,0,0,0
191.5,0,0.011444091796875,0,0.030517578125,-0.011444091796875,0,-6.7591227832517492E-07,0,-0.0002,0,0,0
191.625,0,0.00762939453125,0,-0.030517578125,-0.00762939453125,0,-2.3924493275382186E-07,0,0.0002,0,0,0
191.75,0,0.00762939453125,0,0,-0.00762939453125,0,-2.3911696929719284E-07,0,0.0006,0,0,0
191.875,0,0.003814697265625,0,-0.030517578125,-0.003814697265625,0,1.9156904571943844E-07,0,-0.0002,0,0,0
192,0,0.00762939453125,0,0.030517578125,-0.00762939453125,0,-2.4473316934279106E-07,0,-0.0002,0,0,0
192.125,0,0.00762939453125,0,0,-0.00762939453125,0,-2.44502814363397E-07,0,-0.0012,0,0,0
192.25,0,0.00762939453125,0,0,-0.00762939453125,0,-2.4427675701161685E-07,0,0.0002,0,0,0
192.375,0,0.00762939453125,0,0,-0.00762939453125,0,-2.4405491710857561E-07,0,-0.0002,0,0,0
192.5,0,0.011444091796875,0,0.030517578125,-0.011444091796875,0,-6.74397654887012E-07,0,0.0006,0,0,0
192.625,0,0.00762939453125,0,-0.030517578125,-0.00762939453125,0,-2.3775856695319605E-07,0,0,0,0,0
192.75,0,0.00762939453125,0,0,-0.00762939453125,0,-2.3765833394427007E-07,0,0,0,0,0
192.875,0,0.00762939453125,0,0,-0.00762939453125,0,-2.3755997093680064E-07,0,0.0002,0,0,0
193,0,0.0152587890625,0,0.06103515625,-0.0152587890625,0,-1.0985843208745311E-06,0,0.0002,0,0,0
193.125,0,0.00762939453125,0,-0.06103515625,-0.00762939453125,0,-2.2563869716324632E-07,0,0.0008,0,0,0
193.25,0,0.011444091796875,0,0.030517578125,-0.011444091796875,0,-6.5632501794383852E-07,0,0.0004,0,0,0
193.375,0,0.00762939453125,0,-0.030517578125,-0.00762939453125,0,-2.2002310294107156E-07,0,0,0,0,0
193.5,0,0.0152587890625,0,0.06103515625,-0.0152587890625,0,-1.0813746302133621E-06,0,-0.001,0,0,0
193.625,0,0.0152587890625,0,0,-0.0152587890625,0,-1.069870957670082E-06,0,0.0002,0,0,0
193.75,0,0,0,-0.1220703125,0,0,6.636598517729697E-07,0,-0.0002,0,0,0
193.875,0,0.0152587890625,0,0.1220703125,-0.0152587890625,0,-1.0709635025546634E-06,0,-0.0002,0,0,0
194,0,0.011444091796875,0,-0.030517578125,-0.011444091796875,0,-6.2909362674808341E-07,0,-0.001,0,0,0
194.125,0,0.011444091796875,0,0,-0.011444091796875,0,-6.2386019428607468E-07,0,0.0014,0,0,0
194.25,0,0.00762939453125,0,-0.030517578125,-0.00762939453125,0,-1.8816396066688733E-07,0,0,0,0,0
194.375,0,0.003814697265625,0,-0.030517578125,-0.003814697265625,0,2.4157144734537262E-07,0,0.001,0,0,0
194.5,0,0,0,-0.030517578125,0,0,6.6545723815087818E-07,0,0,0,0,0
194.625,0,0.00762939453125,0,0.06103515625,-0.00762939453125,0,-2.0807877136177384E-07,0,0.0004,0,0,0
194.75,0,0.00762939453125,0,0,-0.00762939453125,0,-2.0853226074012084E-07,0,-0.0002,0,0,0
194.875,0,0.00762939453125,0,0,-0.00762939453125,0,-2.0897728957431054E-07,0,0,0,0,0
195,0,0.00762939453125,0,0,-0.00762939453125,0,-2.0941401570885011E-07,0,0.0002,0,0,0
195.125,0,0.011444091796875,0,0.030517578125,-0.011444091796875,0,-6.4040303295916691E-07,0,0.0004,0,0,0
195.25,0,0.011444091796875,0,0,-0.011444091796875,0,-6.3495860607212744E-07,0,0.0002,0,0,0
195.375,0,0.00762939453125,0,-0.030517578125,-0.00762939453125,0,-1.9905531445450542E-07,0,-0.0014,0,0,0
195.5,0,0.003814697265625,0,-0.030517578125,-0.003814697265625,0,2.3088328856970597E-07,0,0.0004,0,0,0
195.625,0,0.00762939453125,0,0.030517578125,-0.00762939453125,0,-2.0615239436085253E-07,0,0,0,0,0
195.75,0,0.00762939453125,0,0,-0.00762939453125,0,-2.0664182327484938E-07,0,0,0,0,0
195.875,0,0.00762939453125,0,0,-0.00762939453125,0,-2.071221211371911E-07,0,-0.0004,0,0,0
196,0,0.003814697265625,0,-0.030517578125,-0.003814697265625,0,2.2296698061401616E-07,0,0.0002,0,0,0
196.125,0,0.00762939453125,0,0.030517578125,-0.00762939453125,0,-2.1392101137554142E-07,0,-0.0004,0,0,0
196.25,0,0.00762939453125,0,0,-0.00762939453125,0,-2.1426550475095167E-07,0,0.0002,0,0,0
196.375,0,0.011444091796875,0,0.030517578125,-0.011444091796875,0,-6.4516400998659007E-07,0,0.0002,0,0,0
196.5,0,0.00762939453125,0,-0.030517578125,-0.00762939453125,0,-2.09070320810427E-07,0,0.0004,0,0,0
196.625,0,0.00762939453125,0,0,-0.00762939453125,0,-2.0950531130369521E-07,0,0.0008,0,0,0
196.75,0,0.003814697265625,0,-0.030517578125,-0.003814697265625,0,2.2062825253769921E-07,0,-0.0004,0,0,0
196.875,0,0.00762939453125,0,0.030517578125,-0.00762939453125,0,-2.1621610687057551E-07,0,0.0002,0,0,0
197,0,0.00762939453125,0,0,-0.00762939453125,0,-2.1651778169783858E-07,0,0.0008,0,0,0
197.125,0,0.00762939453125,0,0,-0.00762939453125,0,-2.1681382831566815E-07,0,-0.0004,0,0,0
197.25,0,0.00762939453125,0,0,-0.00762939453125,0,-2.1710435172699637E-07,0,-0.0014,0,0,0
197.375,0,0.00762939453125,0,0,-0.00762939453125,0,-2.1738945497576371E-07,0,0,0,0,0
197.5,0,0.00762939453125,0,0,-0.00762939453125,0,-2.176692391834669E-07,0,0.0002,0,0,0
197.625,0,0,0,-0.06103515625,0,0,6.4317707424648118E-07,0,0,0,0,0
197.75,0,0.00762939453125,0,0.06103515625,-0.00762939453125,0,-2.2994326442679549E-07,0,0.0006,0,0,0
197.875,0,0.003814697265625,0,-0.030517578125,-0.003814697265625,0,2.0057160096903307E-07,0,0,0,0,0
198,0,0.011444091796875,0,0.06103515625,-0.011444091796875,0,-6.6645900956946581E-07,0,-0.0004,0,0,0
198.125,0,0.011444091796875,0,0,-0.011444091796875,0,-6.605284682303594E-07,0,0.0004,0,0,0
198.25,0,0.00762939453125,0,-0.030517578125,-0.00762939453125,0,-2.2414813137592349E-07,0,-0.0006,0,0,0
198.375,0,0.00762939453125,0,0,-0.00762939453125,0,-2.2430182204569868E-07,0,-0.0004,0,0,0
198.5,0,0.00762939453125,0,0,-0.00762939453125,0,-2.2445264537886073E-07,0,0.0002,0,0,0
198.625,0,0.00762939453125,0,0,-0.00762939453125,0,-2.246006548699989E-07,0,-0.0002,0,0,0
198.75,0,0.003814697265625,0,-0.030517578125,-0.003814697265625,0,2.0581453590007476E-07,0,-0.0002,0,0,0
198.875,0,0.0152587890625,0,0.091552734375,-0.0152587890625,0,-1.0918743285959755E-06,0,-0.0006,0,0,0
199,0,0.00762939453125,0,-0.06103515625,-0.00762939453125,0,-2.1905389014520291E-07,0,-0.001,0,0,0
199.125,0,0.00762939453125,0,0,-0.00762939453125,0,-2.193026217463393E-07,0,-0.0004,0,0,0
199.25,0,0.011444091796875,0,0.030517578125,-0.011444091796875,0,-6.5010715179137825E-07,0,0.0004,0,0,0
199.375,0,0.00762939453125,0,-0.030517578125,-0.00762939453125,0,-2.1392124067681453E-07,0,-0.0002,0,0,0
199.5,0,0.011444091796875,0,0.030517578125,-0.011444091796875,0,-6.4482616869000872E-07,0,-0.0004,0,0,0
199.625,0,0.00762939453125,0,-0.030517578125,-0.00762939453125,0,-2.0873878246457479E-07,0,-0.0006,0,0,0
199.75,0,0.00762939453125,0,0,-0.00762939453125,0,-2.0917995831729982E-07,0,-0.0008,0,0,0
199.875,0,0.00762939453125,0,0,-0.00762939453125,0,-2.096129033536897E-07,0,-0.0004,0,0,0
200,0,0.00762939453125,0,0,-0.00762939453125,0,-2.1003777113232458E-07,0,0.0002,0,0,0
200.125,0,0.011444091796875,0,0.030517578125,-0.011444091796875,0,-6.4101515126266544E-07,0,0.0006,0,0,0
200.25,0,0.00762939453125,0,-0.030517578125,-0.00762939453125,0,-2.0499886544832793E-07,0,0,0,0,0
200.375,0,0.003814697265625,0,-0.030517578125,-0.003814697265625,0,2.2505062369149166E-07,0,0.0004,0,0,0
200.5,0,0.00762939453125,0,0.030517578125,-0.00762939453125,0,-2.1187624187505974E-07,0,-0.0002,0,0,0
200.625,0,0.00762939453125,0,0,-0.00762939453125,0,-2.1225888358089707E-07,0,0.0002,0,0,0
200.75,0,0.011444091796875,0,0.030517578125,-0.011444091796875,0,-6.4319482543098975E-07,0,0.0006,0,0,0
200.875,0,0.00762939453125,0,-0.030517578125,-0.00762939453125,0,-2.0713787443146774E-07,0,0.0002,0,0,0
201,0,0.00762939453125,0,0,-0.00762939453125,0,-2.0760891769399909E-07,0,0.0004,0,0,0
201.125,0,0.00762939453125,0,0,-0.00762939453125,0,-2.0807117291757531E-07,0,-0.0002,0,0,0
201.25,0,0.00762939453125,0,0,-0.00762939453125,0,-2.0852480405662442E-07,0,-0.0004,0,0,0
201.375,0,0.00762939453125,0,0,-0.00762939453125,0,-2.0896997200675154E-07,0,0,0,0,0
201.5,0,0.00762939453125,0,0,-0.00762939453125,0,-2.0940683466180606E-07,0,0.0006,0,0,0
201.625,0,0,0,-0.06103515625,0,0,6.5128533086162241E-07,0,0.0002,0,0,0
201.75,0,0.00762939453125,0,0.06103515625,-0.00762939453125,0,-2.2198627985110373E-07,0,0.0004,0,0,0
201.875,0,0.00762939453125,0,0,-0.00762939453125,0,-2.2218030319714568E-07,0,-0.0008,0,0,0
202,0,0.00762939453125,0,0,-0.00762939453125,0,-2.2237070673825919E-07,0,0,0,0,0
202.125,0,0.011444091796875,0,0.030517578125,-0.011444091796875,0,-6.531179969232442E-07,0,0,0,0,0
202.25,0,0.00762939453125,0,-0.030517578125,-0.00762939453125,0,-2.1687591384654587E-07,0,-0.0004,0,0,0
202.375,0,0.00762939453125,0,0,-0.00762939453125,0,-2.17165278956488E-07,0,-0.0006,0,0,0
202.5,0,0.0152587890625,0,0.06103515625,-0.0152587890625,0,-1.0785701233452753E-06,0,-0.0002,0,0,0
202.625,0,0.003814697265625,0,-0.091552734375,-0.003814697265625,0,2.2456254354185217E-07,0,-0.0002,0,0,0
202.75,0,0.011444091796875,0,0.06103515625,-0.011444091796875,0,-6.4291565505207765E-07,0,-0.0006,0,0,0
202.875,0,0.00762939453125,0,-0.030517578125,-0.00762939453125,0,-2.0686391240677735E-07,0,-0.0002,0,0,0
203,0,0.0152587890625,0,0.06103515625,-0.0152587890625,0,-1.0684609446851512E-06,0,0.0002,0,0,0
203.125,0,0.00762939453125,0,-0.06103515625,-0.00762939453125,0,-1.960773190417077E-07,0,0,0,0,0
203.25,0,0.011444091796875,0,0.030517578125,-0.011444091796875,0,-6.2731515294893569E-07,0,-0.0002,0,0,0
203.375,0,0.003814697265625,0,-0.06103515625,-0.003814697265625,0,2.39005977171396E-07,0,0,0,0,0
203.5,0,0.00762939453125,0,0.030517578125,-0.00762939453125,0,-1.9818124704959186E-07,0,0,0,0,0
203.625,0,0.00762939453125,0,0,-0.00762939453125,0,-1.9881939001739344E-07,0,0.0006,0,0,0
203.75,0,0.00762939453125,0,0,-0.00762939453125,0,-1.9944562744337738E-07,0,0.0002,0,0,0
203.875,0,0.00762939453125,0,0,-0.00762939453125,0,-2.0006018144379839E-07,0,0.0004,0,0,0
204,0,0.003814697265625,0,-0.030517578125,-0.003814697265625,0,2.2989716892476345E-07,0,-0.0004,0,0,0
204.125,0,0.00762939453125,0,0.030517578125,-0.00762939453125,0,-2.0712011642208352E-07,0,0,0,0,0
204.25,0,0.011444091796875,0,0.030517578125,-0.011444091796875,0,-6.3815192990343633E-07,0,0.0002,0,0,0
204.375,0,0,0,-0.091552734375,0,0,6.5893181592955762E-07,0,-0.0002,0,0,0
204.5,0,0.003814697265625,0,0.030517578125,-0.003814697265625,0,2.1607798715393317E-07,0,0.0006,0,0,0
204.625,0,0.011444091796875,0,0.06103515625,-0.011444091796875,0,-6.5124191894759717E-07,0,0.0002,0,0,0
204.75,0,0.003814697265625,0,-0.06103515625,-0.003814697265625,0,2.1552560191514012E-07,0,0.0002,0,0,0
204.875,0,0.00762939453125,0,0.030517578125,-0.00762939453125,0,-2.2122355967159166E-07,0,-0.0008,0,0,0
205,0,0.011444091796875,0,0.030517578125,-0.011444091796875,0,-6.5199225165533067E-07,0,-0.0002,0,0,0
205.125,0,0.011444091796875,0,0,-0.011444091796875,0,-6.4633161000955735E-07,0,0,0,0,0
205.25,0,0.003814697265625,0,-0.06103515625,-0.003814697265625,0,2.2034430146257466E-07,0,0.0004,0,0,0
205.375,0,0.003814697265625,0,0,-0.003814697265625,0,2.1406567851553991E-07,0,0.0002,0,0,0
205.5,0,0.00762939453125,0,0.030517578125,-0.00762939453125,0,-2.2265624594728472E-07,0,0.0004,0,0,0
205.625,0,0.00762939453125,0,0,-0.00762939453125,0,-2.2283777004194111E-07,0,0,0,0,0
205.75,0,0.00762939453125,0,0,-0.00762939453125,0,-2.2301590752449193E-07,0,-0.0004,0,0,0
205.875,0,0.011444091796875,0,0.030517578125,-0.011444091796875,0,-6.5375116049316509E-07,0,0,0,0,0
206,0,0.00762939453125,0,-0.030517578125,-0.00762939453125,0,-2.1749726477300053E-07,0,0.0004,0,0,0
206.125,0,0,0,-0.06103515625,0,0,6.4334584020893719E-07,0,-0.0002,0,0,0
206.25,0,0.011444091796875,0,0.091552734375,-0.011444091796875,0,-6.6033808596955418E-07,0,0.001,0,0,0
206.375,0,0.00762939453125,0,-0.030517578125,-0.00762939453125,0,-2.2396130098998279E-07,0,0,0,0,0
206.5,0,0.011444091796875,0,0.030517578125,-0.011444091796875,0,-6.5467891618466887E-07,0,0,0,0,0
206.625,0,0.00762939453125,0,-0.030517578125,-0.00762939453125,0,-2.1840771175040885E-07,0,0.0006,0,0,0
206.75,0,0.003814697265625,0,-0.030517578125,-0.003814697265625,0,2.118919401090998E-07,0,-0.0004,0,0,0
206.875,0,0.00762939453125,0,0.030517578125,-0.00762939453125,0,-2.2478942990933813E-07,0,-0.0004,0,0,0
207,0,0.003814697265625,0,-0.030517578125,-0.003814697265625,0,2.0562928275040347E-07,0,-0.0002,0,0,0
207.125,0,0.003814697265625,0,0,-0.003814697265625,0,1.9962519118499405E-07,0,-0.0002,0,0,0
207.25,0,0.00762939453125,0,0.030517578125,-0.00762939453125,0,-2.3682732370277385E-07,0,-0.0002,0,0,0
207.375,0,0.00762939453125,0,0,-0.00762939453125,0,-2.3674446447373685E-07,0,0.0002,0,0,0
207.5,0,0.0152587890625,0,0.06103515625,-0.0152587890625,0,-1.0977840289429884E-06,0,-0.0002,0,0,0
207.625,0,0.00762939453125,0,-0.06103515625,-0.00762939453125,0,-2.2485333591266072E-07,0,-0.0002,0,0,0
207.75,0,0.003814697265625,0,-0.030517578125,-0.003814697265625,0,2.0556656901218971E-07,0,0.0006,0,0,0
207.875,0,0.00762939453125,0,0.030517578125,-0.00762939453125,0,-2.3099679144740947E-07,0,0.0012,0,0,0
208,0,0.00762939453125,0,0,-0.00762939453125,0,-2.3102270979500934E-07,0,-0.0002,0,0,0
208.125,0,0.00762939453125,0,0,-0.00762939453125,0,-2.3104814459583872E-07,0,-0.0004,0,0,0
208.25,0,0.00762939453125,0,0,-0.00762939453125,0,-2.310731048712088E-07,0,-0.0004,0,0,0
208.375,0,0.011444091796875,0,0.030517578125,-0.011444091796875,0,-6.6165803838987739E-07,0,0,0,0,0
208.5,0,0.003814697265625,0,-0.06103515625,-0.003814697265625,0,2.0530381125473894E-07,0,0.0002,0,0,0
208.625,0,0.003814697265625,0,0,-0.003814697265625,0,1.99305791862334E-07,0,0.0006,0,0,0
208.75,0,0.011444091796875,0,0.06103515625,-0.011444091796875,0,-6.6770120305394022E-07,0,0,0,0,0
208.875,0,0.00762939453125,0,-0.030517578125,-0.00762939453125,0,-2.3118704776273118E-07,0,-0.0004,0,0,0
209,0,0.00762939453125,0,0,-0.00762939453125,0,-2.3120941658517381E-07,0,0,0,0,0
209.125,0,0.00762939453125,0,0,-0.00762939453125,0,-2.3123136808271523E-07,0,0.0004,0,0,0
209.25,0,0.00762939453125,0,0,-0.00762939453125,0,-2.3125291004119545E-07,0,-0.0004,0,0,0
209.375,0,0.003814697265625,0,-0.030517578125,-0.003814697265625,0,1.9928638881455546E-07,0,-0.0004,0,0,0
209.5,0,0.00762939453125,0,0.030517578125,-0.00762939453125,0,-2.3715980519216747E-07,0,0,0,0,0
209.625,0,0.00762939453125,0,0,-0.00762939453125,0,-2.3707074300787549E-07,0,0.0006,0,0,0
209.75,0,0.011444091796875,0,0.030517578125,-0.011444091796875,0,-6.675437813318212E-07,0,0.0002,0,0,0
209.875,0,0.00762939453125,0,-0.030517578125,-0.00762939453125,0,-2.3103256298576429E-07,0,0.0012,0,0,0
210,0,0.00762939453125,0,0,-0.00762939453125,0,-2.3105781396011514E-07,0,-0.0008,0,0,0
210.125,0,0.00762939453125,0,0,-0.00762939453125,0,-2.3108259383857332E-07,0,0.0002,0,0,0
210.25,0,0.003814697265625,0,-0.030517578125,-0.003814697265625,0,1.9945352750559345E-07,0,0,0,0,0
210.375,0,0.00762939453125,0,0.030517578125,-0.00762939453125,0,-2.3699578473133163E-07,0,-0.0004,0,0,0
210.5,0,0.0152587890625,0,0.06103515625,-0.0152587890625,0,-1.0980306604333518E-06,0,0.0004,0,0,0
210.625,0,0.00762939453125,0,-0.06103515625,-0.00762939453125,0,-2.2509536611198072E-07,0,-0.0002,0,0,0
210.75,0,0.003814697265625,0,-0.030517578125,-0.003814697265625,0,2.0532905425972808E-07,0,0.0006,0,0,0
210.875,0,0.00762939453125,0,0.030517578125,-0.00762939453125,0,-2.3122987499564192E-07,0,0,0,0,0
211,0,0.011444091796875,0,0.030517578125,-0.011444091796875,0,-6.6181188372571863E-07,0,0.0004,0,0,0
211.125,0,0.011444091796875,0,0,-0.011444091796875,0,-6.5596804169046119E-07,0,-0.0002,0,0,0
211.25,0,0.00762939453125,0,-0.030517578125,-0.00762939453125,0,-2.1967278663057056E-07,0,0.0006,0,0,0
211.375,0,0.00762939453125,0,0,-0.00762939453125,0,-2.1990997176271941E-07,0,0,0,0,0
211.5,0,0.00762939453125,0,0,-0.00762939453125,0,-2.2014273184021469E-07,0,0.0004,0,0,0
211.625,0,0.011444091796875,0,0.030517578125,-0.011444091796875,0,-6.5093158833503256E-07,0,-0.0014,0,0,0
211.75,0,0.011444091796875,0,0,-0.011444091796875,0,-6.45290735000267E-07,0,0,0,0,0
211.875,0,0.00762939453125,0,-0.030517578125,-0.00762939453125,0,-2.0919468157341751E-07,0,0.0002,0,0,0
212,0,0.00762939453125,0,0,-0.00762939453125,0,-2.0962735192474425E-07,0,-0.0004,0,0,0
212.125,0,0.011444091796875,0,0.030517578125,-0.011444091796875,0,-6.4061238905874279E-07,0,-0.0016,0,0,0
212.25,0,0.011444091796875,0,0,-0.011444091796875,0,-6.3516405631059684E-07,0,0.0006,0,0,0
212.375,0,0.00762939453125,0,-0.030517578125,-0.00762939453125,0,-1.9925693170173459E-07,0,0,0,0,0
212.5,0,0.00762939453125,0,0,-0.00762939453125,0,-1.9987500611240265E-07,0,0.0002,0,0,0
212.625,0,0.003814697265625,0,-0.030517578125,-0.003814697265625,0,2.3007888952459781E-07,0,0.0002,0,0,0
212.75,0,0.00762939453125,0,0.030517578125,-0.00762939453125,0,-2.0694178610046207E-07,0,0,0,0,0
212.875,0,0.00762939453125,0,0,-0.00762939453125,0,-2.0741648769340296E-07,0,-0.0004,0,0,0
213,0,0,0,-0.06103515625,0,0,6.532385448359167E-07,0,0.0002,0,0,0
213.125,0,0.003814697265625,0,0.030517578125,-0.003814697265625,0,2.1049093281814194E-07,0,0,0,0,0
213.25,0,0.011444091796875,0,0.06103515625,-0.011444091796875,0,-6.5672473816306533E-07,0,0.0004,0,0,0
213.375,0,0.00762939453125,0,-0.030517578125,-0.00762939453125,0,-2.2041536576277856E-07,0,0.0002,0,0,0
213.5,0,0.003814697265625,0,-0.030517578125,-0.003814697265625,0,2.0992174198045149E-07,0,-0.0002,0,0,0
213.625,0,0.00762939453125,0,0.030517578125,-0.00762939453125,0,-2.2672287095157607E-07,0,0.0008,0,0,0
213.75,0,0.011444091796875,0,0.030517578125,-0.011444091796875,0,-6.5738896479709912E-07,0,0.0006,0,0,0
213.875,0,0.011444091796875,0,0,-0.011444091796875,0,-6.5162763913970308E-07,0,0.0008,0,0,0
214,0,0.00762939453125,0,-0.030517578125,-0.00762939453125,0,-2.1541336098730929E-07,0,0.0002,0,0,0
214.125,0,0.00762939453125,0,0,-0.00762939453125,0,-2.1573001227778573E-07,0,0.0004,0,0,0
214.25,0,0.00762939453125,0,0,-0.00762939453125,0,-2.1604075594979642E-07,0,-0.0008,0,0,0
214.375,0,0.011444091796875,0,0.030517578125,-0.011444091796875,0,-6.4690614113483329E-07,0,-0.0004,0,0,0
214.5,0,0.011444091796875,0,0,-0.011444091796875,0,-6.41340388729475E-07,0,0.0002,0,0,0
214.625,0,0.011444091796875,0,0,-0.011444091796875,0,-6.3587847402405549E-07,0,0.0004,0,0,0
214.75,0,0.00762939453125,0,-0.030517578125,-0.00762939453125,0,-1.9995802085029166E-07,0,-0.0002,0,0,0
214.875,0,0.00762939453125,0,0,-0.00762939453125,0,-2.0056301536100441E-07,0,0.0002,0,0,0
215,0,0.003814697265625,0,-0.030517578125,-0.003814697265625,0,2.2940371615023343E-07,0,-0.001,0,0,0
215.125,0,0.003814697265625,0,0,-0.003814697265625,0,2.2295607584212236E-07,0,0.0004,0,0,0
215.25,0,0.00762939453125,0,0.030517578125,-0.00762939453125,0,-2.1393171270208777E-07,0,0.0016,0,0,0
215.375,0,0.00762939453125,0,0,-0.00762939453125,0,-2.1427600642773748E-07,0,-0.0006,0,0,0
215.5,0,0.011444091796875,0,0.030517578125,-0.011444091796875,0,-6.4517431573838984E-07,0,0.0002,0,0,0
215.625,0,0.00762939453125,0,-0.030517578125,-0.00762939453125,0,-2.0908043429252357E-07,0,0,0,0,0
215.75,0,0.003814697265625,0,-0.030517578125,-0.003814697265625,0,2.2104520281257649E-07,0,-0.001,0,0,0
215.875,0,0.00762939453125,0,0.030517578125,-0.00762939453125,0,-2.1580693544649483E-07,0,-0.0002,0,0,0
216,0,0.003814697265625,0,-0.030517578125,-0.003814697265625,0,2.1444419491766419E-07,0,0.0012,0,0,0
216.125,0,0.00762939453125,0,0.030517578125,-0.00762939453125,0,-2.2228479135275142E-07,0,-0.0002,0,0,0
216.25,0,0.011444091796875,0,0.030517578125,-0.011444091796875,0,-6.5303368442183378E-07,0,-0.0002,0,0,0
216.375,0,0.011444091796875,0,0,-0.011444091796875,0,-6.4735361324070952E-07,0,0.0002,0,0,0
216.5,0,0.00762939453125,0,-0.030517578125,-0.00762939453125,0,-2.1121907363694446E-07,0,-0.0002,0,0,0
216.625,0,0.003814697265625,0,-0.030517578125,-0.003814697265625,0,2.1894646308537705E-07,0,0,0,0,0
216.75,0,0.00762939453125,0,0.030517578125,-0.00762939453125,0,-2.1786651994540339E-07,0,0.0004,0,0,0
216.875,0,0.003814697265625,0,-0.030517578125,-0.003814697265625,0,2.1242303514584022E-07,0,0.0002,0,0,0
217,0,0.00762939453125,0,0.030517578125,-0.00762939453125,0,-2.2426824327006991E-07,0,-0.0002,0,0,0
217.125,0,0.00762939453125,0,0,-0.00762939453125,0,-2.2441969306710856E-07,0,-0.0002,0,0,0
217.25,0,0.011444091796875,0,0.030517578125,-0.011444091796875,0,-6.55128756250226E-07,0,-0.0002,0,0,0
217.375,0,0.0152587890625,0,0.030517578125,-0.0152587890625,0,-1.0799700371868765E-06,0,0.0008,0,0,0
217.5,0,0.00762939453125,0,-0.06103515625,-0.00762939453125,0,-2.0737169166250357E-07,0,0,0,0,0
217.625,0,0.011444091796875,0,0.030517578125,-0.011444091796875,0,-6.3839881161952681E-07,0,-0.0006,0,0,0
217.75,0,0.00762939453125,0,-0.030517578125,-0.00762939453125,0,-2.0243133765864872E-07,0,-0.0006,0,0,0
217.875,0,0.00762939453125,0,0,-0.00762939453125,0,-2.0299018862759118E-07,0,0,0,0,0
218,0,0.0152587890625,0,0.06103515625,-0.0152587890625,0,-1.0646594912008208E-06,0,-0.0004,0,0,0
218.125,0,0.00762939453125,0,-0.06103515625,-0.00762939453125,0,-1.923467875383582E-07,0,-0.0004,0,0,0
218.25,0,0.00762939453125,0,0,-0.00762939453125,0,-1.9309378135181524E-07,0,0.0016,0,0,0
218.375,0,0.00762939453125,0,0,-0.00762939453125,0,-1.9382683884295525E-07,0,0.0002,0,0,0
218.5,0,0.011444091796875,0,0.030517578125,-0.011444091796875,0,-6.2510665893113E-07,0,-0.0002,0,0,0
218.625,0,0.0152587890625,0,0.030517578125,-0.0152587890625,0,-1.0505080484220078E-06,0,-0.0008,0,0,0
218.75,0,0.00762939453125,0,-0.06103515625,-0.00762939453125,0,-1.7845936176244891E-07,0,-0.0004,0,0,0
218.875,0,0.00762939453125,0,0,-0.00762939453125,0,-1.794654469342014E-07,0,-0.0008,0,0,0
219,0,0.00762939453125,0,0,-0.00762939453125,0,-1.8045276203452985E-07,0,0.0002,0,0,0
219.125,0,0.011444091796875,0,0.030517578125,-0.011444091796875,0,-6.1198209616383479E-07,0,0,0,0,0
219.25,0,0.011444091796875,0,0,-0.011444091796875,0,-6.0706790571061344E-07,0,-0.0006,0,0,0
219.375,0,0.0152587890625,0,0.030517578125,-0.0152587890625,0,-1.032805835979406E-06,0,0,0,0,0
219.5,0,0.00762939453125,0,-0.06103515625,-0.00762939453125,0,-1.6108741141021541E-07,0,0.0002,0,0,0
219.625,0,0.011444091796875,0,0.030517578125,-0.011444091796875,0,-5.9297803603914809E-07,0,0.0002,0,0,0
219.75,0,0.00762939453125,0,-0.030517578125,-0.00762939453125,0,-1.5785795673800378E-07,0,0.0004,0,0,0
219.875,0,0.003814697265625,0,-0.030517578125,-0.003814697265625,0,2.7131204600411152E-07,0,0.0006,0,0,0
220,0,0.00762939453125,0,0.030517578125,-0.00762939453125,0,-1.6647789778421147E-07,0,-0.0008,0,0,0
220.125,0,0.003814697265625,0,-0.030517578125,-0.003814697265625,0,2.6285292326002309E-07,0,0,0,0,0
220.25,0,0.011444091796875,0,0.06103515625,-0.011444091796875,0,-6.0533964145552719E-07,0,0,0,0,0
220.375,0,0.00762939453125,0,-0.030517578125,-0.00762939453125,0,-1.6998893732947121E-07,0,0.0004,0,0,0
220.5,0,0.00762939453125,0,0,-0.00762939453125,0,-1.7115305134019588E-07,0,-0.0004,0,0,0
220.625,0,0.00762939453125,0,0,-0.00762939453125,0,-1.7229544700764252E-07,0,-0.0002,0,0,0
220.75,0,0.011444091796875,0,0.030517578125,-0.011444091796875,0,-6.039769684367728E-07,0,-0.0002,0,0,0
220.875,0,0.00762939453125,0,-0.030517578125,-0.00762939453125,0,-1.6865168707869693E-07,0,0.0002,0,0,0
221,0,0.011444091796875,0,0.030517578125,-0.011444091796875,0,-6.0040118847218685E-07,0,0.001,0,0,0
221.125,0,0.003814697265625,0,-0.06103515625,-0.003814697265625,0,2.6541782010842126E-07,0,0.0006,0,0,0
221.25,0,0.0152587890625,0,0.091552734375,-0.0152587890625,0,-1.0333830356316218E-06,0,0.0004,0,0,0
221.375,0,0.00762939453125,0,-0.06103515625,-0.00762939453125,0,-1.6165384251221081E-07,0,0,0,0,0
221.5,0,0.0152587890625,0,0.06103515625,-0.0152587890625,0,-1.0240943384105982E-06,0,0,0,0,0
221.625,0,0.00762939453125,0,-0.06103515625,-0.00762939453125,0,-1.5253844027174195E-07,0,-0.0006,0,0,0
221.75,0,0.003814697265625,0,-0.030517578125,-0.003814697265625,0,2.765323186818586E-07,0,0.0006,0,0,0
221.875,0,0.00762939453125,0,0.030517578125,-0.00762939453125,0,-1.6135501734895586E-07,0,-0.0012,0,0,0
222,0,0.011444091796875,0,0.030517578125,-0.011444091796875,0,-5.93240649376144E-07,0,0,0,0,0
222.125,0,0.00762939453125,0,-0.030517578125,-0.00762939453125,0,-1.5811567061794495E-07,0,0.0002,0,0,0
222.25,0,0.011444091796875,0,0.030517578125,-0.011444091796875,0,-5.9006173765721316E-07,0,0,0,0,0
222.375,0,0.011444091796875,0,0,-0.011444091796875,0,-5.8555650531843625E-07,0,-0.0006,0,0,0
222.5,0,0.00762939453125,0,-0.030517578125,-0.00762939453125,0,-1.5057488612545653E-07,0,0.0004,0,0,0
222.625,0,0.00762939453125,0,0,-0.00762939453125,0,-1.5210119922027579E-07,0,0,0,0,0
222.75,0,0.011444091796875,0,0.030517578125,-0.011444091796875,0,-5.84159475504727E-07,0,-0.0002,0,0,0
222.875,0,0.011444091796875,0,0,-0.011444091796875,0,-5.7976435897450815E-07,0,-0.0002,0,0,0
223,0,0.011444091796875,0,0,-0.011444091796875,0,-5.7545124012550506E-07,0,0.0008,0,0,0
223.125,0,0.011444091796875,0,0,-0.011444091796875,0,-5.7121858916443961E-07,0,-0.0002,0,0,0
223.25,0,0.00762939453125,0,-0.030517578125,-0.00762939453125,0,-1.3650446592293492E-07,0,0.0002,0,0,0
223.375,0,0.011444091796875,0,0.030517578125,-0.011444091796875,0,-5.6885372333521977E-07,0,0,0,0,0
223.5,0,0.011444091796875,0,0,-0.011444091796875,0,-5.6474415923086588E-07,0,0.0018,0,0,0
223.625,0,0.00762939453125,0,-0.030517578125,-0.00762939453125,0,-1.3015082647081867E-07,0,0.0006,0,0,0
223.75,0,0.0152587890625,0,0.06103515625,-0.0152587890625,0,-9.9317905974748437E-07,0,0,0,0,0
223.875,0,0.00762939453125,0,-0.06103515625,-0.00762939453125,0,-1.22199933839145E-07,0,0,0,0,0
224,0,0.00762939453125,0,0,-0.00762939453125,0,-1.2425562545580536E-07,0,0.0008,0,0,0
224.125,0,0.011444091796875,0,0.030517578125,-0.011444091796875,0,-5.5683340388885991E-07,0,-0.0018,0,0,0
224.25,0,0.00762939453125,0,-0.030517578125,-0.00762939453125,0,-1.2238765847723689E-07,0,0.0004,0,0,0
224.375,0,0.011444091796875,0,0.030517578125,-0.011444091796875,0,-5.5500028671683854E-07,0,0.0012,0,0,0
224.5,0,0.003814697265625,0,-0.06103515625,-0.003814697265625,0,3.0997169798091013E-07,0,-0.0006,0,0,0
224.625,0,0.00762939453125,0,0.030517578125,-0.00762939453125,0,-1.285395012728623E-07,0,0.0004,0,0,0
224.75,0,0.00762939453125,0,0,-0.00762939453125,0,-1.304769184761136E-07,0,-0.0004,0,0,0
224.875,0,0.00762939453125,0,0,-0.00762939453125,0,-1.3237819017170387E-07,0,0,0,0,0
225,0,0.011444091796875,0,0.030517578125,-0.011444091796875,0,-5.6480442962560969E-07,0,-0.0004,0,0,0
225.125,0,0.011444091796875,0,0,-0.011444091796875,0,-5.6077041134409508E-07,0,-0.0002,0,0,0
225.25,0,0.00762939453125,0,-0.030517578125,-0.00762939453125,0,-1.2625121498298324E-07,0,0.001,0,0,0
225.375,0,0.011444091796875,0,0.030517578125,-0.011444091796875,0,-5.5879176261390494E-07,0,0.0002,0,0,0
225.5,0,0.011444091796875,0,0,-0.011444091796875,0,-5.5486991991396889E-07,0,0.0008,0,0,0
225.625,0,0.011444091796875,0,0,-0.011444091796875,0,-5.5102124524161E-07,0,-0.0002,0,0,0
225.75,0,0.011444091796875,0,0,-0.011444091796875,0,-5.4724437353436424E-07,0,0.0002,0,0,0
225.875,0,0.00762939453125,0,-0.030517578125,-0.00762939453125,0,-1.1297752628136129E-07,0,0.0004,0,0,0
226,0,0.00762939453125,0,0,-0.00762939453125,0,-1.1520527614261335E-07,0,0,0,0,0
226.125,0,0.00762939453125,0,0,-0.00762939453125,0,-1.1739146389244117E-07,0,0.0004,0,0,0
226.25,0,0.003814697265625,0,-0.030517578125,-0.003814697265625,0,3.11023573979583E-07,0,0,0,0,0
226.375,0,0.00762939453125,0,0.030517578125,-0.00762939453125,0,-1.2750724964415202E-07,0,0.0006,0,0,0
226.5,0,0.00762939453125,0,0,-0.00762939453125,0,-1.2946392509446084E-07,0,0,0,0,0
226.625,0,0.011444091796875,0,0.030517578125,-0.011444091796875,0,-5.619445346605444E-07,0,0.0004,0,0,0
226.75,0,0.00762939453125,0,-0.030517578125,-0.00762939453125,0,-1.2740343321711032E-07,0,0.001,0,0,0
226.875,0,0.011444091796875,0,0.030517578125,-0.011444091796875,0,-5.5992248443882348E-07,0,0.0002,0,0,0
227,0,0.00762939453125,0,-0.030517578125,-0.00762939453125,0,-1.2541910746261177E-07,0,-0.0006,0,0,0
227.125,0,0.00762939453125,0,0,-0.00762939453125,0,-1.2741474042764358E-07,0,0.0002,0,0,0
227.25,0,0,0,-0.06103515625,0,0,7.3174773605136383E-07,0,0,0,0,0
227.375,0,0.003814697265625,0,0.030517578125,-0.003814697265625,0,2.8753541391964027E-07,0,0.0006,0,0,0
227.5,0,0.011444091796875,0,0.06103515625,-0.011444091796875,0,-5.811176407480658E-07,0,-0.0008,0,0,0
227.625,0,0.003814697265625,0,-0.06103515625,-0.003814697265625,0,2.8434160349225215E-07,0,0.0004,0,0,0
227.75,0,0.0152587890625,0,0.091552734375,-0.0152587890625,0,-1.0148123046291409E-06,0,0.0002,0,0,0
227.875,0,0.00762939453125,0,-0.06103515625,-0.00762939453125,0,-1.434295771540915E-07,0,0,0,0,0
228,0,0.00762939453125,0,0,-0.00762939453125,0,-1.4508919701408844E-07,0,0.0002,0,0,0
228.125,0,0.00762939453125,0,0,-0.00762939453125,0,-1.46717854104547E-07,0,-0.0002,0,0,0
228.25,0,0.00762939453125,0,0,-0.00762939453125,0,-1.4831612608371327E-07,0,0,0,0,0
228.375,0,0.00762939453125,0,0,-0.00762939453125,0,-1.4988457983272733E-07,0,-0.0016,0,0,0
228.5,0,0.011444091796875,0,0.030517578125,-0.011444091796875,0,-5.819842105724399E-07,0,-0.0004,0,0,0
228.625,0,0.011444091796875,0,0,-0.011444091796875,0,-5.7762967696630308E-07,0,0,0,0,0
228.75,0,0.011444091796875,0,0,-0.011444091796875,0,-5.7335638390430757E-07,0,0.0016,0,0,0
228.875,0,0.0152587890625,0,0.030517578125,-0.0152587890625,0,-9.9972325463448888E-07,0,0.0002,0,0,0
229,0,0.011444091796875,0,-0.030517578125,-0.011444091796875,0,-5.5918247558758055E-07,0,0,0,0,0
229.125,0,0.011444091796875,0,0,-0.011444091796875,0,-5.5525334353419E-07,0,0.0002,0,0,0
229.25,0,0.011444091796875,0,0,-0.011444091796875,0,-5.5139751550251385E-07,0,0,0,0,0
229.375,0,0.00762939453125,0,-0.030517578125,-0.00762939453125,0,-1.1705318497715459E-07,0,-0.0006,0,0,0
229.5,0,0.00762939453125,0,0,-0.00762939453125,0,-1.192048971360649E-07,0,-0.0004,0,0,0
229.625,0,0.011444091796875,0,0.030517578125,-0.011444091796875,0,-5.5187690469997917E-07,0,0.0002,0,0,0
229.75,0,0.00762939453125,0,-0.030517578125,-0.00762939453125,0,-1.1752363042936957E-07,0,0,0,0,0
229.875,0,0.00762939453125,0,0,-0.00762939453125,0,-1.1966656570239873E-07,0,0.0006,0,0,0
230,0,0.00762939453125,0,0,-0.00762939453125,0,-1.2176952121102896E-07,0,0,0,0,0
230.125,0,0.011444091796875,0,0.030517578125,-0.011444091796875,0,-5.5439368175521319E-07,0,-0.0008,0,0,0
230.25,0,0.00762939453125,0,-0.030517578125,-0.00762939453125,0,-1.1999345312486196E-07,0,-0.0002,0,0,0
230.375,0,0.0152587890625,0,0.06103515625,-0.0152587890625,0,-9.8321118787569442E-07,0,0,0,0,0
230.5,0,0.00762939453125,0,-0.06103515625,-0.00762939453125,0,-1.1241802799909118E-07,0,-0.0002,0,0,0
230.625,0,0.00762939453125,0,0,-0.00762939453125,0,-1.1465621616419138E-07,0,-0.0006,0,0,0
230.75,0,0.011444091796875,0,0.030517578125,-0.011444091796875,0,-5.4741308639095417E-07,0,0,0,0,0
230.875,0,0.011444091796875,0,0,-0.011444091796875,0,-5.4370353045501453E-07,0,-0.0008,0,0,0
231,0,0.00762939453125,0,-0.030517578125,-0.00762939453125,0,-1.0950274309372533E-07,0,-0.0006,0,0,0
231.125,0,0.003814697265625,0,-0.030517578125,-0.003814697265625,0,3.1876511851828248E-07,0,0,0,0,0
231.25,0,0.00762939453125,0,0.030517578125,-0.00762939453125,0,-1.1991013556522252E-07,0,-0.0002,0,0,0
231.375,0,0.00762939453125,0,0,-0.00762939453125,0,-1.2200854690219579E-07,0,0.0008,0,0,0
231.5,0,0.003814697265625,0,-0.030517578125,-0.003814697265625,0,3.0649262977824852E-07,0,0,0,0,0
231.625,0,0.00762939453125,0,0.030517578125,-0.00762939453125,0,-1.3195366208946294E-07,0,-0.0004,0,0,0
231.75,0,0.00762939453125,0,0,-0.00762939453125,0,-1.3382738285410237E-07,0,-0.0002,0,0,0
231.875,0,0.0152587890625,0,0.06103515625,-0.0152587890625,0,-9.9678702429794286E-07,0,0.0002,0,0,0
232,0,0.003814697265625,0,-0.091552734375,-0.003814697265625,0,3.0481985267248576E-07,0,0.0002,0,0,0
232.125,0,0.00762939453125,0,0.030517578125,-0.00762939453125,0,-1.3359523095696389E-07,0,0.0004,0,0,0
232.25,0,0.00762939453125,0,0,-0.00762939453125,0,-1.3543832572118544E-07,0,-0.001,0,0,0
232.375,0,0.011444091796875,0,0.030517578125,-0.011444091796875,0,-5.6780747362415316E-07,0,0,0,0,0
232.5,0,0.011444091796875,0,0,-0.011444091796875,0,-5.6371742892268443E-07,0,0.0002,0,0,0
232.625,0,0.00762939453125,0,-0.030517578125,-0.00762939453125,0,-1.2914325140094002E-07,0,0.0002,0,0,0
232.75,0,0.003814697265625,0,-0.030517578125,-0.003814697265625,0,2.9949103420188092E-07,0,-0.0002,0,0,0
232.875,0,0.003814697265625,0,0,-0.003814697265625,0,2.9173580681994459E-07,0,-0.0006,0,0,0
233,0,0.00762939453125,0,0.030517578125,-0.00762939453125,0,-1.4643517374341953E-07,0,-0.0004,0,0,0
233.125,0,0.003814697265625,0,-0.030517578125,-0.003814697265625,0,2.8252171935481094E-07,0,0.001,0,0,0
233.25,0,0.003814697265625,0,0,-0.003814697265625,0,2.7508308072762407E-07,0,0.0008,0,0,0
233.375,0,0.00762939453125,0,0.030517578125,-0.00762939453125,0,-1.6277721753275587E-07,0,-0.0002,0,0,0
233.5,0,0.0152587890625,0,0.06103515625,-0.0152587890625,0,-1.0251967551365935E-06,0,0.0002,0,0,0
233.625,0,0.003814697265625,0,-0.091552734375,-0.003814697265625,0,2.7694014920323868E-07,0,-0.0006,0,0,0
233.75,0,0.00762939453125,0,0.030517578125,-0.00762939453125,0,-1.6095479553529772E-07,0,-0.0004,0,0,0
233.875,0,0.011444091796875,0,0.030517578125,-0.011444091796875,0,-5.9284789431802376E-07,0,0.001,0,0,0
234,0,0.00762939453125,0,-0.030517578125,-0.00762939453125,0,-1.5773024301151574E-07,0,0,0,0,0
234.125,0,0.011444091796875,0,0.030517578125,-0.011444091796875,0,-5.8968350079755628E-07,0,0.0002,0,0,0
234.25,0,0.00762939453125,0,-0.030517578125,-0.00762939453125,0,-1.5462488613532128E-07,0,-0.0004,0,0,0
234.375,0,0.00762939453125,0,0,-0.00762939453125,0,-1.5607564023018008E-07,0,0,0,0,0
234.5,0,0.003814697265625,0,-0.030517578125,-0.003814697265625,0,2.7306111064709176E-07,0,0.0002,0,0,0
234.625,0,0.00762939453125,0,0.030517578125,-0.00762939453125,0,-1.6476146464122328E-07,0,-0.0006,0,0,0
234.75,0,0.011444091796875,0,0.030517578125,-0.011444091796875,0,-5.9658354413749913E-07,0,0,0,0,0
234.875,0,0.00762939453125,0,-0.030517578125,-0.00762939453125,0,-1.6139619851892333E-07,0,-0.0002,0,0,0
235,0,0.00762939453125,0,0,-0.00762939453125,0,-1.6272062333208374E-07,0,-0.0002,0,0,0
235.125,0,0.00762939453125,0,0,-0.00762939453125,0,-1.6402033895656232E-07,0,0,0,0,0
235.25,0,0.00762939453125,0,0,-0.00762939453125,0,-1.6529580638040404E-07,0,0.0002,0,0,0
235.375,0,0.0152587890625,0,0.06103515625,-0.0152587890625,0,-1.0276683558227168E-06,0,-0.0002,0,0,0
235.5,0,0.011444091796875,0,-0.030517578125,-0.011444091796875,0,-5.8660621778952875E-07,0,-0.0002,0,0,0
235.625,0,0.00762939453125,0,-0.030517578125,-0.00762939453125,0,-1.5160501459053214E-07,0,0.0008,0,0,0
235.75,0,0.011444091796875,0,0.030517578125,-0.011444091796875,0,-5.83672547964941E-07,0,0.0006,0,0,0
235.875,0,0.0152587890625,0,0.030517578125,-0.0152587890625,0,-1.0098469547351345E-06,0,-0.0008,0,0,0
236,0,0.00762939453125,0,-0.06103515625,-0.00762939453125,0,-1.3855686352466073E-07,0,-0.0008,0,0,0
236.125,0,0.011444091796875,0,0.030517578125,-0.011444091796875,0,-5.7086783029251848E-07,0,0,0,0,0
236.25,0,0.011444091796875,0,0,-0.011444091796875,0,-5.6672068991479769E-07,0,-0.0002,0,0,0
236.375,0,0.00762939453125,0,-0.030517578125,-0.00762939453125,0,-1.3209048192474924E-07,0,-0.0006,0,0,0
236.5,0,0.00762939453125,0,0,-0.00762939453125,0,-1.3396165010422724E-07,0,0,0,0,0
236.625,0,0.003814697265625,0,-0.030517578125,-0.003814697265625,0,2.9476253016193792E-07,0,-0.0002,0,0,0
236.75,0,0.00762939453125,0,0.030517578125,-0.00762939453125,0,-1.4346491859607333E-07,0,-0.001,0,0,0
236.875,0,0.011444091796875,0,0.030517578125,-0.011444091796875,0,-5.7568431802268579E-07,0,0.0004,0,0,0
237,0,0.011444091796875,0,0,-0.011444091796875,0,-5.714473186337732E-07,0,0.0002,0,0,0
237.125,0,0.0152587890625,0,0.030517578125,-0.0152587890625,0,-9.9784980592255921E-07,0,-0.0004,0,0,0
237.25,0,0.0152587890625,0,0,-0.0152587890625,0,-9.8790441786814623E-07,0,0.0006,0,0,0
237.375,0,0.003814697265625,0,-0.091552734375,-0.003814697265625,0,3.1353674037209895E-07,0,-0.0002,0,0,0
237.5,0,0.011444091796875,0,0.06103515625,-0.011444091796875,0,-5.55601409164646E-07,0,0.0008,0,0,0
237.625,0,0.00762939453125,0,-0.030517578125,-0.00762939453125,0,-1.2117864851576159E-07,0,0,0,0,0
237.75,0,0.011444091796875,0,0.030517578125,-0.011444091796875,0,-5.53813832701884E-07,0,0,0,0,0
237.875,0,0.00762939453125,0,-0.030517578125,-0.00762939453125,0,-1.1942442205041937E-07,0,-0.0004,0,0,0
238,0,0.00762939453125,0,0,-0.00762939453125,0,-1.2153189512254237E-07,0,0,0,0,0
238.125,0,0.011444091796875,0,0.030517578125,-0.011444091796875,0,-5.5416048894810108E-07,0,0,0,0,0
238.25,0,0.00762939453125,0,-0.030517578125,-0.00762939453125,0,-1.1976461088941906E-07,0,0,0,0,0
238.375,0,0.00762939453125,0,0,-0.00762939453125,0,-1.2186573721378652E-07,0,0.0008,0,0,0
238.5,0,0.00762939453125,0,0,-0.00762939453125,0,-1.2392766378421004E-07,0,0.0004,0,0,0
238.625,0,0.003814697265625,0,-0.030517578125,-0.003814697265625,0,3.046093169831624E-07,0,-0.0002,0,0,0
238.75,0,0.00762939453125,0,0.030517578125,-0.00762939453125,0,-1.3380183877811379E-07,0,-0.0002,0,0,0
238.875,0,0.00762939453125,0,0,-0.00762939453125,0,-1.3564107895460397E-07,0,0.0002,0,0,0
239,0,0.00762939453125,0,0,-0.00762939453125,0,-1.3744600526736967E-07,0,-0.0012,0,0,0
239.125,0,0.011444091796875,0,0.030517578125,-0.011444091796875,0,-5.6977769681024336E-07,0,0.0006,0,0,0
239.25,0,0.011444091796875,0,0,-0.011444091796875,0,-5.65650894554879E-07,0,0,0,0,0
239.375,0,0.0152587890625,0,0.030517578125,-0.0152587890625,0,-9.9216152307963579E-07,0,0.0004,0,0,0
239.5,0,0.011444091796875,0,-0.030517578125,-0.011444091796875,0,-5.5176181980380467E-07,0,-0.0008,0,0,0
239.625,0,0,0,-0.091552734375,0,0,7.4371018521197928E-07,0,0.0008,0,0,0
239.75,0,0.00762939453125,0,0.06103515625,-0.00762939453125,0,-1.3128575378449789E-07,0,0,0,0,0
239.875,0,0.00762939453125,0,0,-0.00762939453125,0,-1.3317193540925228E-07,0,0,0,0,0
240,0,0.003814697265625,0,-0.030517578125,-0.003814697265625,0,2.9553751151062622E-07,0,0,0,0,0
240.125,0,0,0,-0.030517578125,0,0,7.1841648211114538E-07,0,-0.0004,0,0,0
240.25,0,0.00762939453125,0,0.06103515625,-0.00762939453125,0,-1.5610756382188982E-07,0,-0.0004,0,0,0
240.375,0,0.00762939453125,0,0,-0.00762939453125,0,-1.575306562765047E-07,0,0.0004,0,0,0
240.5,0,0.00762939453125,0,0,-0.00762939453125,0,-1.5892719874532698E-07,0,0.0002,0,0,0
240.625,0,0.003814697265625,0,-0.030517578125,-0.003814697265625,0,2.7026275235644074E-07,0,0.0002,0,0,0
240.75,0,0.011444091796875,0,0.06103515625,-0.011444091796875,0,-5.9806805415541561E-07,0,0.0004,0,0,0
240.875,0,0.00762939453125,0,-0.030517578125,-0.00762939453125,0,-1.6285301271162708E-07,0,0.0006,0,0,0
241,0,0.00762939453125,0,0,-0.00762939453125,0,-1.64150258407933E-07,0,-0.0006,0,0,0
241.125,0,0.003814697265625,0,-0.030517578125,-0.003814697265625,0,2.6513713693182951E-07,0,-0.0002,0,0,0
241.25,0,0.0152587890625,0,0.091552734375,-0.0152587890625,0,-1.0336584822304166E-06,0,0,0,0,0
241.375,0,0.011444091796875,0,-0.030517578125,-0.011444091796875,0,-5.9248458914540162E-07,0,0.0008,0,0,0
241.5,0,0.00762939453125,0,-0.030517578125,-0.00762939453125,0,-1.5737371585752495E-07,0,0.0006,0,0,0
241.625,0,0.00762939453125,0,0,-0.00762939453125,0,-1.5877318629204664E-07,0,0,0,0,0
241.75,0,0.00762939453125,0,0,-0.00762939453125,0,-1.60146547446013E-07,0,-0.0008,0,0,0
241.875,0,0.00762939453125,0,0,-0.00762939453125,0,-1.6149428642834343E-07,0,0,0,0,0
242,0,0.00762939453125,0,0,-0.00762939453125,0,-1.6281688126018881E-07,0,0,0,0,0
242.125,0,0.011444091796875,0,0.030517578125,-0.011444091796875,0,-5.9467523996023082E-07,0,0.0002,0,0,0
242.25,0,0.011444091796875,0,0,-0.011444091796875,0,-5.9008393561664351E-07,0,-0.0002,0,0,0
242.375,0,0.00762939453125,0,-0.030517578125,-0.00762939453125,0,-1.5501785022492553E-07,0,-0.0002,0,0,0
242.5,0,0.00762939453125,0,0,-0.00762939453125,0,-1.5646127296828841E-07,0,-0.0002,0,0,0
242.625,0,0.00762939453125,0,0,-0.00762939453125,0,-1.578777664329493E-07,0,-0.0004,0,0,0
242.75,0,0.011444091796875,0,0.030517578125,-0.011444091796875,0,-5.8982827194191155E-07,0,-0.0002,0,0,0
242.875,0,0.00762939453125,0,-0.030517578125,-0.00762939453125,0,-1.5476695635057431E-07,0,0,0,0,0
243,0,0.0152587890625,0,0.06103515625,-0.0152587890625,0,-1.0173359377378375E-06,0,0.0002,0,0,0
243.125,0,0.00762939453125,0,-0.06103515625,-0.00762939453125,0,-1.4590612799278905E-07,0,0.0004,0,0,0
243.25,0,0.011444091796875,0,0.030517578125,-0.011444091796875,0,-5.7807998289094212E-07,0,-0.0002,0,0,0
243.375,0,0.003814697265625,0,-0.06103515625,-0.003814697265625,0,2.8732258915447528E-07,0,0,0,0,0
243.5,0,0,0,-0.030517578125,0,0,7.1035482180844416E-07,0,0,0,0,0
243.625,0,0.011444091796875,0,0.091552734375,-0.011444091796875,0,-5.9457926032700854E-07,0,0.0002,0,0,0
243.75,0,0.003814697265625,0,-0.06103515625,-0.003814697265625,0,2.7113113119991565E-07,0,-0.0004,0,0,0
243.875,0,0.011444091796875,0,0.06103515625,-0.011444091796875,0,-5.9721587625930851E-07,0,0.0002,0,0,0
244,0,0.00762939453125,0,-0.030517578125,-0.00762939453125,0,-1.620167335092141E-07,0,-0.0006,0,0,0
244.125,0,0.00762939453125,0,0,-0.00762939453125,0,-1.6332958128454919E-07,0,0.001,0,0,0
244.25,0,0.00762939453125,0,0,-0.00762939453125,0,-1.6461793585870824E-07,0,0.0008,0,0,0
244.375,0,0.00762939453125,0,0,-0.00762939453125,0,-1.6588225419015598E-07,0,0.0002,0,0,0
244.5,0,0.011444091796875,0,0.030517578125,-0.011444091796875,0,-5.9768342362784487E-07,0,-0.0006,0,0,0
244.625,0,0.00762939453125,0,-0.030517578125,-0.00762939453125,0,-1.6247555806009253E-07,0,0.0006,0,0,0
244.75,0,0.003814697265625,0,-0.030517578125,-0.003814697265625,0,2.6678059316035937E-07,0,0,0,0,0
244.875,0,0.011444091796875,0,0.06103515625,-0.011444091796875,0,-6.0148524829818391E-07,0,-0.0004,0,0,0
245,0,0.00762939453125,0,-0.030517578125,-0.00762939453125,0,-1.6620645382440298E-07,0,0,0,0,0
245.125,0,0.003814697265625,0,-0.030517578125,-0.003814697265625,0,2.6311930301388134E-07,0,0.0008,0,0,0
245.25,0,0.003814697265625,0,0,-0.003814697265625,0,2.5604264640446382E-07,0,-0.0008,0,0,0
245.375,0,0.003814697265625,0,0,-0.003814697265625,0,2.4909801574447062E-07,0,0.0008,0,0,0
245.5,0,0.00762939453125,0,0.030517578125,-0.00762939453125,0,-1.8827749102967431E-07,0,0.0008,0,0,0
245.625,0,0.011444091796875,0,0.030517578125,-0.011444091796875,0,-6.1966084276480777E-07,0,-0.0004,0,0,0
245.75,0,0.011444091796875,0,0,-0.011444091796875,0,-6.1460339344425167E-07,0,-0.0002,0,0,0
245.875,0,0.011444091796875,0,0,-0.011444091796875,0,-6.09640298645197E-07,0,0.0004,0,0,0
246,0,0.011444091796875,0,0,-0.011444091796875,0,-6.0476979803844157E-07,0,0,0,0,0
246.125,0,0.003814697265625,0,-0.06103515625,-0.003814697265625,0,2.6113071369506523E-07,0,-0.0004,0,0,0
246.25,0,0,0,-0.030517578125,0,0,6.8465159620384414E-07,0,-0.0002,0,0,0
246.375,0,0.003814697265625,0,0.030517578125,-0.003814697265625,0,2.4131792523760395E-07,0,-0.0002,0,0,0
246.5,0,0.00762939453125,0,0.030517578125,-0.00762939453125,0,-1.9591243194225244E-07,0,0,0,0,0
246.625,0,0.00762939453125,0,0,-0.00762939453125,0,-1.9659290315701403E-07,0,0.001,0,0,0
246.75,0,0.00762939453125,0,0,-0.00762939453125,0,-1.9726067913119194E-07,0,-0.0006,0,0,0
246.875,0,0.003814697265625,0,-0.030517578125,-0.003814697265625,0,2.3264444220166318E-07,0,0.0004,0,0,0
247,0,0.00762939453125,0,0.030517578125,-0.00762939453125,0,-2.0442409776763193E-07,0,-0.0002,0,0,0
247.125,0,0.00762939453125,0,0,-0.00762939453125,0,-2.0494577072160426E-07,0,0,0,0,0
247.25,0,0.011444091796875,0,0.030517578125,-0.011444091796875,0,-6.360181499773513E-07,0,0,0,0,0
247.375,0,0.003814697265625,0,-0.06103515625,-0.003814697265625,0,2.3046534798261585E-07,0,0,0,0,0
247.5,0,0.00762939453125,0,0.030517578125,-0.00762939453125,0,-2.0656253762134352E-07,0,0,0,0,0
247.625,0,0.011444091796875,0,0.030517578125,-0.011444091796875,0,-6.3760475359565445E-07,0,0,0,0,0
247.75,0,0.00762939453125,0,-0.030517578125,-0.00762939453125,0,-2.0165209401256614E-07,0,-0.0002,0,0,0
247.875,0,0.0152587890625,0,0.06103515625,-0.0152587890625,0,-1.063346360805726E-06,0,0.0008,0,0,0
248,0,0.011444091796875,0,-0.030517578125,-0.011444091796875,0,-6.216185945329002E-07,0,0.001,0,0,0
248.125,0,0.003814697265625,0,-0.06103515625,-0.003814697265625,0,2.4459625749950966E-07,0,-0.0004,0,0,0
248.25,0,0.00762939453125,0,0.030517578125,-0.00762939453125,0,-1.9269526202766631E-07,0,-0.0006,0,0,0
248.375,0,0.003814697265625,0,-0.030517578125,-0.003814697265625,0,2.3712468440397783E-07,0,-0.0002,0,0,0
248.5,0,0.00762939453125,0,0.030517578125,-0.00762939453125,0,-2.0002744139730812E-07,0,0,0,0,0
248.625,0,0.00762939453125,0,0,-0.00762939453125,0,-2.0063114076058963E-07,0,0.0004,0,0,0
248.75,0,0.00762939453125,0,0,-0.00762939453125,0,-2.0122357718064762E-07,0,-0.0016,0,0,0
248.875,0,0.003814697265625,0,-0.030517578125,-0.003814697265625,0,2.2875547813068469E-07,0,0.0004,0,0,0
249,0,0.00762939453125,0,0.030517578125,-0.00762939453125,0,-2.0824050721259328E-07,0,-0.0006,0,0,0
249.125,0,0.00762939453125,0,0,-0.00762939453125,0,-2.0869097915905982E-07,0,0.0004,0,0,0
249.25,0,0.011444091796875,0,0.030517578125,-0.011444091796875,0,-6.3969348577197023E-07,0,0,0,0,0
249.375,0,0.00762939453125,0,-0.030517578125,-0.00762939453125,0,-2.0370185766689595E-07,0,0,0,0,0
249.5,0,0.003814697265625,0,-0.030517578125,-0.003814697265625,0,2.2632343379127742E-07,0,0,0,0,0
249.625,0,0.011444091796875,0,0.06103515625,-0.011444091796875,0,-6.4118761692758141E-07,0,0,0,0,0
249.75,0,0.00762939453125,0,-0.030517578125,-0.00762939453125,0,-2.0516811350012374E-07,0,0.0004,0,0,0
249.875,0,0.003814697265625,0,-0.030517578125,-0.003814697265625,0,2.2488453322327804E-07,0,-0.0002,0,0,0
250,0,0.003814697265625,0,0,-0.003814697265625,0,2.1852120524646756E-07,0,0.0002,0,0,0
250.125,0,0.003814697265625,0,0,-0.003814697265625,0,2.1227659497266373E-07,0,-0.0002,0,0,0
250.25,0,0.003814697265625,0,0,-0.003814697265625,0,2.0614848753991719E-07,0,0,0,0,0
250.375,0,0.00762939453125,0,0.030517578125,-0.00762939453125,0,-2.3042572950780702E-07,0,0.0002,0,0,0
250.5,0,0.003814697265625,0,-0.030517578125,-0.003814697265625,0,2.0009813701862603E-07,0,-0.0008,0,0,0
250.625,0,0.003814697265625,0,0,-0.003814697265625,0,1.9419723751225627E-07,0,0.0004,0,0,0
250.75,0,0.00762939453125,0,0.030517578125,-0.00762939453125,0,-2.421540105235747E-07,0,0.0006,0,0,0
250.875,0,0.00762939453125,0,0,-0.00762939453125,0,-2.4197177373199408E-07,0,-0.0004,0,0,0
251,0,0.011444091796875,0,0.030517578125,-0.011444091796875,0,-6.72353375764733E-07,0,0,0,0,0
251.125,0,0.0152587890625,0,0.030517578125,-0.0152587890625,0,-1.0968733048440884E-06,0,0,0,0,0
251.25,0,0.003814697265625,0,-0.091552734375,-0.003814697265625,0,2.0660083613853915E-07,0,0,0,0,0
251.375,0,0.011444091796875,0,0.06103515625,-0.011444091796875,0,-6.605422590860893E-07,0,0,0,0,0
251.5,0,0.011444091796875,0,0,-0.011444091796875,0,-6.5472210385771137E-07,0,0,0,0,0
251.625,0,0.00762939453125,0,-0.030517578125,-0.00762939453125,0,-2.1845009369076545E-07,0,0.0006,0,0,0
251.75,0,0.011444091796875,0,0.030517578125,-0.011444091796875,0,-6.4927052896226373E-07,0,-0.0008,0,0,0
251.875,0,0.011444091796875,0,0,-0.011444091796875,0,-6.4366066525336864E-07,0,0.0002,0,0,0
252,0,0.003814697265625,0,-0.06103515625,-0.003814697265625,0,2.2296541562265575E-07,0,-0.0002,0,0,0
252.125,0,0.00762939453125,0,0.030517578125,-0.00762939453125,0,-2.1392254716957295E-07,0,0,0,0,0
252.25,0,0.011444091796875,0,0.030517578125,-0.011444091796875,0,-6.4482745080812862E-07,0,0,0,0,0
252.375,0,0.00762939453125,0,-0.030517578125,-0.00762939453125,0,-2.0874004066280263E-07,0,0,0,0,0
252.5,0,0.0152587890625,0,0.06103515625,-0.0152587890625,0,-1.0703020708734043E-06,0,-0.0002,0,0,0
252.625,0,0.00762939453125,0,-0.06103515625,-0.00762939453125,0,-1.9788409617977645E-07,0,0.0002,0,0,0
252.75,0,0.011444091796875,0,0.030517578125,-0.011444091796875,0,-6.2908822187135717E-07,0,0,0,0,0
252.875,0,0.00762939453125,0,-0.030517578125,-0.00762939453125,0,-1.9329445132991119E-07,0,0.0002,0,0,0
253,0,0.011444091796875,0,0.030517578125,-0.011444091796875,0,-6.24584203928698E-07,0,0.0006,0,0,0
253.125,0,0.00762939453125,0,-0.030517578125,-0.00762939453125,0,-1.8887446279236873E-07,0,-0.0002,0,0,0
253.25,0,0.00762939453125,0,0,-0.00762939453125,0,-1.8968623818229635E-07,0,0.0004,0,0,0
253.375,0,0.00762939453125,0,0,-0.00762939453125,0,-1.9048286864962988E-07,0,0.0002,0,0,0
253.5,0,0.003814697265625,0,-0.030517578125,-0.003814697265625,0,2.3929580216948187E-07,0,-0.0006,0,0,0
253.625,0,0.003814697265625,0,0,-0.003814697265625,0,2.3266360973166305E-07,0,-0.0008,0,0,0
253.75,0,0.011444091796875,0,0.06103515625,-0.011444091796875,0,-6.3496572675323573E-07,0,-0.0006,0,0,0
253.875,0,0.00762939453125,0,-0.030517578125,-0.00762939453125,0,-1.9906230228831929E-07,0,0.0012,0,0,0
254,0,0.00762939453125,0,0,-0.00762939453125,0,-1.9968400781103791E-07,0,0,0,0,0
254.125,0,0.00762939453125,0,0,-0.00762939453125,0,-2.0029411445784243E-07,0,-0.0004,0,0,0
254.25,0,0.00762939453125,0,0,-0.00762939453125,0,-2.0089283862366188E-07,0,0,0,0,0
254.375,0,0.011444091796875,0,0.030517578125,-0.011444091796875,0,-6.32040831581997E-07,0,0.0008,0,0,0
254.5,0,0.003814697265625,0,-0.06103515625,-0.003814697265625,0,2.343684633656874E-07,0,0,0,0,0
254.625,0,0.00762939453125,0,0.030517578125,-0.00762939453125,0,-2.027322408788539E-07,0,-0.0002,0,0,0
254.75,0,0,0,-0.06103515625,0,0,6.57835399797623E-07,0,-0.0002,0,0,0
254.875,0,0.003814697265625,0,0.030517578125,-0.003814697265625,0,2.1500202635687949E-07,0,0.0006,0,0,0
255,0,0.011444091796875,0,0.06103515625,-0.011444091796875,0,-6.52297806035608E-07,0,0,0,0,0
255.125,0,0.00762939453125,0,-0.030517578125,-0.00762939453125,0,-2.160710248855999E-07,0,0,0,0,0
255.25,0,0.003814697265625,0,-0.030517578125,-0.003814697265625,0,2.1418503247457649E-07,0,-0.0004,0,0,0
255.375,0,0.011444091796875,0,0.06103515625,-0.011444091796875,0,-6.5309955763628863E-07,0,-0.0006,0,0,0
255.5,0,0.003814697265625,0,-0.06103515625,-0.003814697265625,0,2.1370262034280995E-07,0,0,0,0,0
255.625,0,0.011444091796875,0,0.06103515625,-0.011444091796875,0,-6.5357296962530055E-07,0,0.0008,0,0,0
255.75,0,0.003814697265625,0,-0.06103515625,-0.003814697265625,0,2.1323804058500093E-07,0,0,0,0,0
255.875,0,0.003814697265625,0,0,-0.003814697265625,0,2.0709199590069695E-07,0,-0.0004,0,0,0
256,0,0.00762939453125,0,0.030517578125,-0.00762939453125,0,-2.2949982375147694E-07,0,-0.0004,0,0,0
256.125,0,0.00762939453125,0,0,-0.00762939453125,0,-2.2955367034149712E-07,0,0,0,0,0
256.25,0,0.003814697265625,0,-0.030517578125,-0.003814697265625,0,2.0095392657546625E-07,0,-0.0004,0,0,0
256.375,0,0.003814697265625,0,0,-0.003814697265625,0,1.9503706099429797E-07,0,0.0002,0,0,0
256.5,0,0.00762939453125,0,0.030517578125,-0.00762939453125,0,-2.41329855244568E-07,0,0.0004,0,0,0
256.625,0,0.003814697265625,0,-0.030517578125,-0.003814697265625,0,1.8939744457423681E-07,0,0.0002,0,0,0
256.75,0,0.00762939453125,0,0.030517578125,-0.00762939453125,0,-2.4686425591751255E-07,0,0,0,0,0
256.875,0,0.011444091796875,0,0.030517578125,-0.011444091796875,0,-6.77154581145224E-07,0,0,0,0,0
257,0,0.00762939453125,0,-0.030517578125,-0.00762939453125,0,-2.4046405849769753E-07,0,0,0,0,0
257.125,0,0.003814697265625,0,-0.030517578125,-0.003814697265625,0,1.9024708854673615E-07,0,0,0,0,0
257.25,0,0.00762939453125,0,0.030517578125,-0.00762939453125,0,-2.4603046336445226E-07,0,0.0006,0,0,0
257.375,0,0.003814697265625,0,-0.030517578125,-0.003814697265625,0,1.8478453355259437E-07,0,0,0,0,0
257.5,0,0.00762939453125,0,0.030517578125,-0.00762939453125,0,-2.5139110596561106E-07,0,0,0,0,0
257.625,0,0.003814697265625,0,-0.030517578125,-0.003814697265625,0,1.7952390201146081E-07,0,-0.0012,0,0,0
257.75,0,0.00762939453125,0,0.030517578125,-0.00762939453125,0,-2.5655359230737673E-07,0,-0.0008,0,0,0
257.875,0,0.00762939453125,0,0,-0.00762939453125,0,-2.5610270909683747E-07,0,0.0002,0,0,0
258,0,0.011444091796875,0,0.030517578125,-0.011444091796875,0,-6.8622067672412638E-07,0,0,0,0,0
258.125,0,0.00762939453125,0,-0.030517578125,-0.00762939453125,0,-2.493610120731878E-07,0,-0.0004,0,0,0
258.25,0,0.00762939453125,0,0,-0.00762939453125,0,-2.4904431754618103E-07,0,0,0,0,0
258.375,0,0.003814697265625,0,-0.030517578125,-0.003814697265625,0,1.818269074714689E-07,0,-0.0002,0,0,0
258.5,0,0,0,-0.030517578125,0,0,6.0682732486338753E-07,0,0.0002,0,0,0
258.625,0,0.00762939453125,0,0.06103515625,-0.00762939453125,0,-2.6561485314186217E-07,0,0.0002,0,0,0
258.75,0,0.00762939453125,0,0,-0.00762939453125,0,-2.6499491812752864E-07,0,-0.0002,0,0,0
258.875,0,0.011444091796875,0,0.030517578125,-0.011444091796875,0,-6.9494698787329615E-07,0,0,0,0,0
259,0,0.00762939453125,0,-0.030517578125,-0.00762939453125,0,-2.579245204218221E-07,0,0.0004,0,0,0
259.125,0,0.00762939453125,0,0,-0.00762939453125,0,-2.5744806043175373E-07,0,0.0002,0,0,0
259.25,0,0.003814697265625,0,-0.030517578125,-0.003814697265625,0,1.7357994937770154E-07,0,-0.0002,0,0,0
259.375,0,0.00762939453125,0,0.030517578125,-0.00762939453125,0,-2.6238665133231494E-07,0,0.0004,0,0,0
259.5,0,0.011444091796875,0,0.030517578125,-0.011444091796875,0,-6.9238738232010625E-07,0,0.001,0,0,0
259.625,0,0.011444091796875,0,0,-0.011444091796875,0,-6.8597310717584726E-07,0,-0.0004,0,0,0
259.75,0,0.0152587890625,0,0.030517578125,-0.0152587890625,0,-1.1102389391483763E-06,0,0,0,0,0
259.875,0,0.00762939453125,0,-0.06103515625,-0.00762939453125,0,-2.3707588054831438E-07,0,0.0002,0,0,0
260,0,0.011444091796875,0,0.030517578125,-0.011444091796875,0,-6.6754882302351526E-07,0,-0.0004,0,0,0
260.125,0,0.00762939453125,0,-0.030517578125,-0.00762939453125,0,-2.3103751061691972E-07,0,-0.0006,0,0,0
260.25,0,0.011444091796875,0,0.030517578125,-0.011444091796875,0,-6.6162310820132948E-07,0,0.0002,0,0,0
260.375,0,0.003814697265625,0,-0.06103515625,-0.003814697265625,0,2.0533808976671672E-07,0,0,0,0,0
260.5,0,0.0152587890625,0,0.091552734375,-0.0152587890625,0,-1.0923418858914856E-06,0,0,0,0,0
260.625,0,0.0152587890625,0,0,-0.0152587890625,0,-1.0806336022693584E-06,0,0,0,0,0
260.75,0,0,0,-0.1220703125,0,0,6.53098000917118E-07,0,0,0,0,0
260.875,0,0.00762939453125,0,0.06103515625,-0.00762939453125,0,-2.2020742795272368E-07,0,0.0002,0,0,0
261,0,0.003814697265625,0,-0.030517578125,-0.003814697265625,0,2.101258003897796E-07,0,-0.0006,0,0,0
261.125,0,0,0,-0.030517578125,0,0,6.3459825826473852E-07,0,0,0,0,0
261.25,0,0.00762939453125,0,0.06103515625,-0.00762939453125,0,-2.383620293579589E-07,0,0.0004,0,0,0
261.375,0,0.011444091796875,0,0.030517578125,-0.011444091796875,0,-6.6881097674238929E-07,0,-0.0004,0,0,0
261.5,0,0.003814697265625,0,-0.06103515625,-0.003814697265625,0,1.9828432200528332E-07,0,0.0002,0,0,0
261.625,0,0,0,-0.030517578125,0,0,6.2297770093273765E-07,0,0,0,0,0
261.75,0,0.003814697265625,0,0.030517578125,-0.003814697265625,0,1.8079465165513917E-07,0,0.0004,0,0,0
261.875,0,0.00762939453125,0,0.030517578125,-0.00762939453125,0,-2.5530655045926439E-07,0,0.0008,0,0,0
262,0,0.003814697265625,0,-0.030517578125,-0.003814697265625,0,1.7568150617697304E-07,0,0.0004,0,0,0
262.125,0,0.00762939453125,0,0.030517578125,-0.00762939453125,0,-2.6032430231816107E-07,0,-0.0008,0,0,0
262.25,0,0,0,-0.06103515625,0,0,6.0131780713792436E-07,0,0.0002,0,0,0
262.375,0,0.00762939453125,0,0.06103515625,-0.00762939453125,0,-2.710215823121189E-07,0,0.0002,0,0,0
262.5,0,0.00762939453125,0,0,-0.00762939453125,0,-2.7030077642169492E-07,0,-0.0002,0,0,0
262.625,0,0.00762939453125,0,0,-0.00762939453125,0,-2.6959341827747172E-07,0,0.0004,0,0,0
262.75,0,0.003814697265625,0,-0.030517578125,-0.003814697265625,0,1.6166118192476106E-07,0,0,0,0,0
262.875,0,0.011444091796875,0,0.06103515625,-0.011444091796875,0,-7.0464349470167226E-07,0,-0.0004,0,0,0
263,0,0.00762939453125,0,-0.030517578125,-0.00762939453125,0,-2.674401239521051E-07,0,0,0,0,0
263.125,0,0.011444091796875,0,0.030517578125,-0.011444091796875,0,-6.9734657460988431E-07,0,0.0004,0,0,0
263.25,0,0.003814697265625,0,-0.06103515625,-0.003814697265625,0,1.702810997508473E-07,0,0.0008,0,0,0
263.375,0,0.00762939453125,0,0.030517578125,-0.00762939453125,0,-2.65623955828745E-07,0,0.0002,0,0,0
263.5,0,0.003814697265625,0,-0.030517578125,-0.003814697265625,0,1.6555658792601227E-07,0,-0.0004,0,0,0
263.625,0,0.011444091796875,0,0.06103515625,-0.011444091796875,0,-7.0082076351058835E-07,0,-0.0004,0,0,0
263.75,0,0.00762939453125,0,-0.030517578125,-0.00762939453125,0,-2.6368871171045633E-07,0,0.0004,0,0,0
263.875,0,0.003814697265625,0,-0.030517578125,-0.003814697265625,0,1.6745572707889329E-07,0,0.0004,0,0,0
264,0,0.00762939453125,0,0.030517578125,-0.00762939453125,0,-2.6839661681351675E-07,0,-0.0002,0,0,0
264.125,0,0.00762939453125,0,0,-0.00762939453125,0,-2.6772478370519691E-07,0,0.0008,0,0,0
264.25,0,0.003814697265625,0,-0.030517578125,-0.003814697265625,0,1.6349495423549794E-07,0,-0.0008,0,0,0
264.375,0,0.00762939453125,0,0.030517578125,-0.00762939453125,0,-2.7228349532743348E-07,0,-0.0004,0,0,0
264.5,0,0.011444091796875,0,0.030517578125,-0.011444091796875,0,-7.02099585418135E-07,0,-0.0002,0,0,0
264.625,0,0.00762939453125,0,-0.030517578125,-0.00762939453125,0,-2.6494367522189768E-07,0,-0.0004,0,0,0
264.75,0,0.003814697265625,0,-0.030517578125,-0.003814697265625,0,1.6622417684836069E-07,0,-0.0002,0,0,0
264.875,0,0.00762939453125,0,0.030517578125,-0.00762939453125,0,-2.6960519057402625E-07,0,0.0008,0,0,0
265,0,0.00762939453125,0,0,-0.00762939453125,0,-2.6891080965718789E-07,0,-0.0004,0,0,0
265.125,0,0.00762939453125,0,0,-0.00762939453125,0,-2.6822938348789029E-07,0,0.0008,0,0,0
265.25,0,0.00762939453125,0,0,-0.00762939453125,0,-2.6756067037532691E-07,0,-0.0002,0,0,0
265.375,0,0.0152587890625,0,0.06103515625,-0.0152587890625,0,-1.1280253109693125E-06,0,-0.0002,0,0,0
265.5,0,0.003814697265625,0,-0.091552734375,-0.003814697265625,0,1.7603001875994476E-07,0,0.0002,0,0,0
265.625,0,0.003814697265625,0,0,-0.003814697265625,0,1.7057814714051963E-07,0,-0.0008,0,0,0
265.75,0,0.003814697265625,0,0,-0.003814697265625,0,1.65227988599236E-07,0,0.0002,0,0,0
265.875,0,0.003814697265625,0,0,-0.003814697265625,0,1.5997764552166214E-07,0,0.0004,0,0,0
266,0,0.00762939453125,0,0.030517578125,-0.00762939453125,0,-2.7573518321946126E-07,0,0.0004,0,0,0
266.125,0,0.011444091796875,0,0.030517578125,-0.011444091796875,0,-7.0548687674604862E-07,0,0.0004,0,0,0
266.25,0,0.00762939453125,0,-0.030517578125,-0.00762939453125,0,-2.6826777140297467E-07,0,0,0,0,0
266.375,0,0.00762939453125,0,0,-0.00762939453125,0,-2.6759834210461689E-07,0,-0.0006,0,0,0
266.5,0,0.00762939453125,0,0,-0.00762939453125,0,-2.6694140204285292E-07,0,0.001,0,0,0
266.625,0,0.00762939453125,0,0,-0.00762939453125,0,-2.6629671821170128E-07,0,0.0002,0,0,0
266.75,0,0.00762939453125,0,0,-0.00762939453125,0,-2.6566406195226665E-07,0,0.0002,0,0,0
266.875,0,0.00762939453125,0,0,-0.00762939453125,0,-2.6504320887163824E-07,0,-0.0004,0,0,0
267,0,0,0,-0.06103515625,0,0,5.96686939068205E-07,0,-0.0006,0,0,0
267.125,0,0.011444091796875,0,0.091552734375,-0.011444091796875,0,-7.0612649330760507E-07,0,0.0004,0,0,0
267.25,0,0.00762939453125,0,-0.030517578125,-0.00762939453125,0,-2.6889545493054797E-07,0,0,0,0,0
267.375,0,0.00762939453125,0,0,-0.00762939453125,0,-2.6821431522737056E-07,0,-0.0006,0,0,0
267.5,0,0.00762939453125,0,0,-0.00762939453125,0,-2.6754588323645981E-07,0,0.0008,0,0,0
267.625,0,0.011444091796875,0,0.030517578125,-0.011444091796875,0,-6.9745036079158651E-07,0,0.0006,0,0,0
267.75,0,0.003814697265625,0,-0.06103515625,-0.003814697265625,0,1.7017924986052288E-07,0,0,0,0,0
267.875,0,0.00762939453125,0,0.030517578125,-0.00762939453125,0,-2.6572390555219534E-07,0,0.0002,0,0,0
268,0,0.011444091796875,0,0.030517578125,-0.011444091796875,0,-6.9566237491261538E-07,0,0.0002,0,0,0
268.125,0,0.00762939453125,0,-0.030517578125,-0.00762939453125,0,-2.5862656081196996E-07,0,0.0002,0,0,0
268.25,0,0.00762939453125,0,0,-0.00762939453125,0,-2.581370031750665E-07,0,0.0006,0,0,0
268.375,0,0.00762939453125,0,0,-0.00762939453125,0,-2.5765657899134261E-07,0,0.0002,0,0,0
268.5,0,0.0152587890625,0,0.06103515625,-0.0152587890625,0,-1.1183059956936412E-06,0,-0.0002,0,0,0
268.625,0,0.00762939453125,0,-0.06103515625,-0.00762939453125,0,-2.4499243370501142E-07,0,0,0,0,0
268.75,0,0.00762939453125,0,0,-0.00762939453125,0,-2.4475724174885508E-07,0,0.0002,0,0,0
268.875,0,0.00762939453125,0,0,-0.00762939453125,0,-2.4452643766157839E-07,0,0.0002,0,0,0
269,0,0.00762939453125,0,0,-0.00762939453125,0,-2.4429993958071629E-07,0,-0.0002,0,0,0
269.125,0,0.011444091796875,0,0.030517578125,-0.011444091796875,0,-6.7463810608682725E-07,0,0.0006,0,0,0
269.25,0,0.011444091796875,0,0,-0.011444091796875,0,-6.6855497108057853E-07,0,-0.0006,0,0,0
269.375,0,0.00762939453125,0,-0.030517578125,-0.00762939453125,0,-2.3202488742933647E-07,0,-0.0002,0,0,0
269.5,0,0.00762939453125,0,0,-0.00762939453125,0,-2.3203162505988238E-07,0,0.001,0,0,0
269.625,0,0.00762939453125,0,0,-0.00762939453125,0,-2.3203823698953326E-07,0,-0.0002,0,0,0
269.75,0,0.003814697265625,0,-0.030517578125,-0.003814697265625,0,1.9851571335231985E-07,0,0.0006,0,0,0
269.875,0,0.00762939453125,0,0.030517578125,-0.00762939453125,0,-2.3791610251438362E-07,0,0.0004,0,0,0
270,0,0,0,-0.06103515625,0,0,6.2330794739504426E-07,0,-0.0006,0,0,0
270.125,0,0.00762939453125,0,0.06103515625,-0.00762939453125,0,-2.4944170205568307E-07,0,-0.0002,0,0,0
270.25,0,0.003814697265625,0,-0.030517578125,-0.003814697265625,0,1.8143693678321734E-07,0,0.001,0,0,0
270.375,0,0.003814697265625,0,0,-0.003814697265625,0,1.7588419076435731E-07,0,0,0,0,0
270.5,0,0.011444091796875,0,0.06103515625,-0.011444091796875,0,-6.9068583804028117E-07,0,0,0,0,0
270.625,0,0.003814697265625,0,-0.06103515625,-0.003814697265625,0,1.7681757000119785E-07,0,0.0004,0,0,0
270.75,0,0.011444091796875,0,0.06103515625,-0.011444091796875,0,-6.8976987243345241E-07,0,0.0002,0,0,0
270.875,0,0.011444091796875,0,0,-0.011444091796875,0,-6.8340443097535152E-07,0,-0.0012,0,0,0
271,0,0.00762939453125,0,-0.030517578125,-0.00762939453125,0,-2.4659730773475912E-07,0,0.0002,0,0,0
271.125,0,0.00762939453125,0,0,-0.00762939453125,0,-2.46332174377009E-07,0,0.0004,0,0,0
271.25,0,0.00762939453125,0,0,-0.00762939453125,0,-2.4607198749118952E-07,0,-0.0004,0,0,0
271.375,0,0.011444091796875,0,0.030517578125,-0.011444091796875,0,-6.7637709370898671E-07,0,0,0,0,0
271.5,0,0.011444091796875,0,0,-0.011444091796875,0,-6.7026151520511973E-07,0,-0.0004,0,0,0
271.625,0,0.011444091796875,0,0,-0.011444091796875,0,-6.6426003225552581E-07,0,-0.0008,0,0,0
271.75,0,0.00762939453125,0,-0.030517578125,-0.00762939453125,0,-2.2781007731581993E-07,0,0.0002,0,0,0
271.875,0,0.00762939453125,0,0,-0.00762939453125,0,-2.2789544873313738E-07,0,0.0002,0,0,0
272,0,0.003814697265625,0,-0.030517578125,-0.003814697265625,0,2.0258121150082965E-07,0,0.0002,0,0,0
272.125,0,0.011444091796875,0,0.06103515625,-0.011444091796875,0,-6.6448689142327977E-07,0,0,0,0,0
272.25,0,0.003814697265625,0,-0.06103515625,-0.003814697265625,0,2.0252773484003242E-07,0,-0.0006,0,0,0
272.375,0,0.00762939453125,0,0.030517578125,-0.00762939453125,0,-2.3397893147869402E-07,0,-0.0002,0,0,0
272.5,0,0.00762939453125,0,0,-0.00762939453125,0,-2.3394921340210698E-07,0,0.0008,0,0,0
272.625,0,0.011444091796875,0,0.030517578125,-0.011444091796875,0,-6.6448048867785135E-07,0,0,0,0,0
272.75,0,0.011444091796875,0,0,-0.011444091796875,0,-6.5858685969914175E-07,0,-0.0002,0,0,0
272.875,0,0.011444091796875,0,0,-0.011444091796875,0,-6.52803185463811E-07,0,0.0006,0,0,0
273,0,0.0152587890625,0,0.030517578125,-0.0152587890625,0,-1.0776878535121974E-06,0,0.0008,0,0,0
273.125,0,0.00762939453125,0,-0.06103515625,-0.00762939453125,0,-2.0513208564603804E-07,0,0,0,0,0
273.25,0,0.00762939453125,0,0,-0.00762939453125,0,-2.0564054999360391E-07,0,-0.0002,0,0,0
273.375,0,0.011444091796875,0,0.030517578125,-0.011444091796875,0,-6.3669996706987986E-07,0,-0.0002,0,0,0
273.5,0,0.00762939453125,0,-0.030517578125,-0.00762939453125,0,-2.0076418767565537E-07,0,-0.0008,0,0,0
273.625,0,0.00762939453125,0,0,-0.00762939453125,0,-2.0135414190020086E-07,0,0,0,0,0
273.75,0,0.00762939453125,0,0,-0.00762939453125,0,-2.0193308961829683E-07,0,0,0,0,0
273.875,0,0.00762939453125,0,0,-0.00762939453125,0,-2.0250123617330586E-07,0,0.0002,0,0,0
274,0,0.0152587890625,0,0.06103515625,-0.0152587890625,0,-1.0641796609090993E-06,0,0.0002,0,0,0
274.125,0,0.00762939453125,0,-0.06103515625,-0.00762939453125,0,-1.9187590922118114E-07,0,-0.0004,0,0,0
274.25,0,0.00762939453125,0,0,-0.00762939453125,0,-1.926316879962832E-07,0,-0.0002,0,0,0
274.375,0,0.0152587890625,0,0.06103515625,-0.0152587890625,0,-1.0544942443835584E-06,0,0,0,0,0
274.5,0,0.00762939453125,0,-0.06103515625,-0.00762939453125,0,-1.8237118908701997E-07,0,0,0,0,0
274.625,0,0.00762939453125,0,0,-0.00762939453125,0,-1.8330429308347802E-07,0,0,0,0,0
274.75,0,0.003814697265625,0,-0.030517578125,-0.003814697265625,0,2.4634045033079475E-07,0,-0.0002,0,0,0
274.875,0,0.00762939453125,0,0.030517578125,-0.00762939453125,0,-1.9098360980520815E-07,0,0.0012,0,0,0
275,0,0.003814697265625,0,-0.030517578125,-0.003814697265625,0,2.3880440311288189E-07,0,0.0002,0,0,0
275.125,0,0.00762939453125,0,0.030517578125,-0.00762939453125,0,-1.9837906043298443E-07,0,0,0,0,0
275.25,0,0.00762939453125,0,0,-0.00762939453125,0,-1.9901351288686217E-07,0,0,0,0,0
275.375,0,0.00762939453125,0,0,-0.00762939453125,0,-1.9963612865115456E-07,0,0,0,0,0
275.5,0,0.011444091796875,0,0.030517578125,-0.011444091796875,0,-6.3080756747332475E-07,0,-0.0002,0,0,0
275.625,0,0.00762939453125,0,-0.030517578125,-0.00762939453125,0,-1.9498171988645789E-07,0,-0.0004,0,0,0
275.75,0,0.00762939453125,0,0,-0.00762939453125,0,-1.95679554970853E-07,0,-0.001,0,0,0
275.875,0,0.00762939453125,0,0,-0.00762939453125,0,-1.9636437086488124E-07,0,-0.0014,0,0,0
276,0,0.00762939453125,0,0,-0.00762939453125,0,-1.9703641046162957E-07,0,-0.0014,0,0,0
276.125,0,0.00762939453125,0,0,-0.00762939453125,0,-1.9769591212263949E-07,0,-0.0002,0,0,0
276.25,0,0.011444091796875,0,0.030517578125,-0.011444091796875,0,-6.2890354867820327E-07,0,0.0006,0,0,0
276.375,0,0.011444091796875,0,0,-0.011444091796875,0,-6.23673662415908E-07,0,-0.0006,0,0,0
276.5,0,0.00762939453125,0,-0.030517578125,-0.00762939453125,0,-1.8798090883660622E-07,0,0.0004,0,0,0
276.625,0,0.011444091796875,0,0.030517578125,-0.011444091796875,0,-6.1936979377022353E-07,0,0.0002,0,0,0
276.75,0,0.00762939453125,0,-0.030517578125,-0.00762939453125,0,-1.837573355020419E-07,0,0,0,0,0
276.875,0,0.00762939453125,0,0,-0.00762939453125,0,-1.846645787980894E-07,0,-0.0002,0,0,0
277,0,0.00762939453125,0,0,-0.00762939453125,0,-1.8555489607043242E-07,0,0,0,0,0
277.125,0,0.00762939453125,0,0,-0.00762939453125,0,-1.8642860310016262E-07,0,0.001,0,0,0
277.25,0,0.011444091796875,0,0.030517578125,-0.011444091796875,0,-6.1784644869274121E-07,0,0.0008,0,0,0
277.375,0,0.003814697265625,0,-0.06103515625,-0.003814697265625,0,2.4829802813801604E-07,0,-0.0002,0,0,0
277.5,0,0.00762939453125,0,0.030517578125,-0.00762939453125,0,-1.8906255363282591E-07,0,-0.0012,0,0,0
277.625,0,0.00762939453125,0,0,-0.00762939453125,0,-1.8987081989787152E-07,0,0,0,0,0
277.75,0,0.00762939453125,0,0,-0.00762939453125,0,-1.9066400670846287E-07,0,-0.0004,0,0,0
277.875,0,0.00762939453125,0,0,-0.00762939453125,0,-1.914423953950927E-07,0,0.0002,0,0,0
278,0,0.00762939453125,0,0,-0.00762939453125,0,-1.9220626203959931E-07,0,0.0006,0,0,0
278.125,0,0.0152587890625,0,0.06103515625,-0.0152587890625,0,-1.0540767554045945E-06,0,-0.0004,0,0,0
278.25,0,0.003814697265625,0,-0.091552734375,-0.003814697265625,0,2.4859894990654457E-07,0,0.0008,0,0,0
278.375,0,0.00762939453125,0,0.030517578125,-0.00762939453125,0,-1.887672460242581E-07,0,0.0002,0,0,0
278.5,0,0.011444091796875,0,0.030517578125,-0.011444091796875,0,-6.2014146062419991E-07,0,-0.0002,0,0,0
278.625,0,0.011444091796875,0,0,-0.011444091796875,0,-6.1507504463580913E-07,0,-0.0006,0,0,0
278.75,0,0.011444091796875,0,0,-0.011444091796875,0,-6.1010315045594522E-07,0,0.0004,0,0,0
278.875,0,0.0152587890625,0,0.030517578125,-0.0152587890625,0,-1.0357844535501616E-06,0,0.0008,0,0,0
279,0,0.00762939453125,0,-0.06103515625,-0.00762939453125,0,-1.64010458273721E-07,0,0.0004,0,0,0
279.125,0,0.00762939453125,0,0,-0.00762939453125,0,-1.6528611003694852E-07,0,0.0006,0,0,0
279.25,0,0.011444091796875,0,0.030517578125,-0.011444091796875,0,-5.9709840146375815E-07,0,-0.0008,0,0,0
279.375,0,0.00762939453125,0,-0.030517578125,-0.00762939453125,0,-1.6190145038725654E-07,0,-0.0002,0,0,0
279.5,0,0.00762939453125,0,0,-0.00762939453125,0,-1.6321644894713142E-07,0,-0.0002,0,0,0
279.625,0,0.00762939453125,0,0,-0.00762939453125,0,-1.6450691417962568E-07,0,0.0008,0,0,0
279.75,0,0.00762939453125,0,0,-0.00762939453125,0,-1.6577330379182032E-07,0,-0.0006,0,0,0
279.875,0,0.003814697265625,0,-0.030517578125,-0.003814697265625,0,2.6354437196418868E-07,0,0.0004,0,0,0
280,0,0.003814697265625,0,0,-0.003814697265625,0,2.5645978503755603E-07,0,0.0002,0,0,0
280.125,0,0.00762939453125,0,0.030517578125,-0.00762939453125,0,-1.8105306690310007E-07,0,0.0008,0,0,0
280.25,0,0.003814697265625,0,-0.030517578125,-0.003814697265625,0,2.4854967641278756E-07,0,-0.0002,0,0,0
280.375,0,0.00762939453125,0,0.030517578125,-0.00762939453125,0,-1.8881560024495245E-07,0,0.0008,0,0,0
280.5,0,0.003814697265625,0,-0.030517578125,-0.003814697265625,0,2.4093196510921697E-07,0,-0.0004,0,0,0
280.625,0,0.00762939453125,0,0.030517578125,-0.00762939453125,0,-1.9629119138884821E-07,0,0.0002,0,0,0
280.75,0,0.011444091796875,0,0.030517578125,-0.011444091796875,0,-6.2752503517740226E-07,0,0.0002,0,0,0
280.875,0,0.00762939453125,0,-0.030517578125,-0.00762939453125,0,-1.9176042829597092E-07,0,0,0,0,0
281,0,0.011444091796875,0,0.030517578125,-0.011444091796875,0,-6.2307880046169075E-07,0,0.001,0,0,0
281.125,0,0.00762939453125,0,-0.030517578125,-0.00762939453125,0,-1.8739714495010882E-07,0,0.001,0,0,0
281.25,0,0.003814697265625,0,-0.030517578125,-0.003814697265625,0,2.4232395693163943E-07,0,0.0004,0,0,0
281.375,0,0.00762939453125,0,0.030517578125,-0.00762939453125,0,-1.9492516932193169E-07,0,0.0006,0,0,0
281.5,0,0.011444091796875,0,0.030517578125,-0.011444091796875,0,-6.2618449836012741E-07,0,0.0014,0,0,0
281.625,0,0.011444091796875,0,0,-0.011444091796875,0,-6.21005340177431E-07,0,-0.0002,0,0,0
281.75,0,0.00762939453125,0,-0.030517578125,-0.00762939453125,0,-1.8536236826712182E-07,0,0.0008,0,0,0
281.875,0,0.011444091796875,0,0.030517578125,-0.011444091796875,0,-6.16800106115876E-07,0,-0.0006,0,0,0
282,0,0.011444091796875,0,0,-0.011444091796875,0,-6.1179602825206483E-07,0,0,0,0,0
282.125,0,0.003814697265625,0,-0.06103515625,-0.003814697265625,0,2.5423556864863707E-07,0,0.0004,0,0,0
282.25,0,0.003814697265625,0,0,-0.003814697265625,0,2.4732465181277931E-07,0,0.0008,0,0,0
282.375,0,0.011444091796875,0,0.06103515625,-0.011444091796875,0,-6.2057820903639815E-07,0,0.0004,0,0,0
282.5,0,0.003814697265625,0,-0.06103515625,-0.003814697265625,0,2.4561723299909872E-07,0,0,0,0,0
282.625,0,0.00762939453125,0,0.030517578125,-0.00762939453125,0,-1.916933344015452E-07,0,0,0,0,0
282.75,0,0.00762939453125,0,0,-0.00762939453125,0,-1.9245251939164875E-07,0,0,0,0,0
282.875,0,0.00762939453125,0,0,-0.00762939453125,0,-1.9319754061422206E-07,0,-0.0002,0,0,0
283,0,0.00762939453125,0,0,-0.00762939453125,0,-1.9392866231620529E-07,0,-0.0008,0,0,0
283.125,0,0.003814697265625,0,-0.030517578125,-0.003814697265625,0,2.3591429510114896E-07,0,0.0002,0,0,0
283.25,0,0.00762939453125,0,0.030517578125,-0.00762939453125,0,-2.0121524901987483E-07,0,-0.0002,0,0,0
283.375,0,0.00762939453125,0,0,-0.00762939453125,0,-2.0179678799898649E-07,0,0,0,0,0
283.5,0,0.003814697265625,0,-0.030517578125,-0.003814697265625,0,2.281929614447149E-07,0,-0.0012,0,0,0
283.625,0,0.011444091796875,0,0.06103515625,-0.011444091796875,0,-6.3935296819748916E-07,0,0,0,0,0
283.75,0,0.00762939453125,0,-0.030517578125,-0.00762939453125,0,-2.0336769297323804E-07,0,-0.0006,0,0,0
283.875,0,0.0152587890625,0,0.06103515625,-0.0152587890625,0,-1.0650299526203521E-06,0,0.0008,0,0,0
284,0,0.003814697265625,0,-0.091552734375,-0.003814697265625,0,2.3785010148732413E-07,0,0.0004,0,0,0
284.125,0,0.00762939453125,0,0.030517578125,-0.00762939453125,0,-1.993155580890824E-07,0,-0.0004,0,0,0
284.25,0,0.00762939453125,0,0,-0.00762939453125,0,-1.9993253873402489E-07,0,0,0,0,0
284.375,0,0.011444091796875,0,0.030517578125,-0.011444091796875,0,-6.3109844756869248E-07,0,-0.0002,0,0,0
284.5,0,0.011444091796875,0,0,-0.011444091796875,0,-6.2582761208052669E-07,0,0.0002,0,0,0
284.625,0,0.011444091796875,0,0,-0.011444091796875,0,-6.2065511216210692E-07,0,-0.0006,0,0,0
284.75,0,0.00762939453125,0,-0.030517578125,-0.00762939453125,0,-1.8501867429587963E-07,0,-0.0008,0,0,0
284.875,0,0.00762939453125,0,0,-0.00762939453125,0,-1.8590238537028724E-07,0,0,0,0,0
285,0,0.00762939453125,0,0,-0.00762939453125,0,-1.8676960945089891E-07,0,0.0014,0,0,0
285.125,0,0.00762939453125,0,0,-0.00762939453125,0,-1.8762065412802591E-07,0,-0.0004,0,0,0
285.25,0,0.00762939453125,0,0,-0.00762939453125,0,-1.8845582125340753E-07,0,0.0004,0,0,0
285.375,0,0,0,-0.06103515625,0,0,6.7184547078423313E-07,0,0,0,0,0
285.5,0,0.00762939453125,0,0.06103515625,-0.00762939453125,0,-2.0180972106622519E-07,0,0.001,0,0,0
285.625,0,0.00762939453125,0,0,-0.00762939453125,0,-2.0238016925194987E-07,0,-0.0002,0,0,0
285.75,0,0.003814697265625,0,-0.030517578125,-0.003814697265625,0,2.2762046406927304E-07,0,0.0002,0,0,0
285.875,0,0.0152587890625,0,0.091552734375,-0.0152587890625,0,-1.0704752236666935E-06,0,-0.0002,0,0,0
286,0,0.00762939453125,0,-0.06103515625,-0.00762939453125,0,-1.980540185405053E-07,0,0,0,0,0
286.125,0,0.00762939453125,0,0,-0.00762939453125,0,-1.9869453515247715E-07,0,-0.0002,0,0,0
286.25,0,0.00762939453125,0,0,-0.00762939453125,0,-1.9932310193863648E-07,0,0.001,0,0,0
286.375,0,0.011444091796875,0,0.030517578125,-0.011444091796875,0,-6.305003807571773E-07,0,0,0,0,0
286.5,0,0.00762939453125,0,-0.030517578125,-0.00762939453125,0,-1.9468026421253676E-07,0,-0.0002,0,0,0
286.625,0,0.00762939453125,0,0,-0.00762939453125,0,-1.953837234177216E-07,0,-0.0008,0,0,0
286.75,0,0.011444091796875,0,0.030517578125,-0.011444091796875,0,-6.2663449742164046E-07,0,0,0,0,0
286.875,0,0.00762939453125,0,-0.030517578125,-0.00762939453125,0,-1.908865048962803E-07,0,0,0,0,0
287,0,0.003814697265625,0,-0.030517578125,-0.003814697265625,0,2.3889969637988582E-07,0,0.0004,0,0,0
287.125,0,0.00762939453125,0,0.030517578125,-0.00762939453125,0,-1.982855450089287E-07,0,-0.0002,0,0,0
287.25,0,0.0152587890625,0,0.06103515625,-0.0152587890625,0,-1.0600426199688572E-06,0,0.0002,0,0,0
287.375,0,0.00762939453125,0,-0.06103515625,-0.00762939453125,0,-1.8781605116377331E-07,0,0.0008,0,0,0
287.5,0,0.00762939453125,0,0,-0.00762939453125,0,-1.886475728559252E-07,0,0,0,0,0
287.625,0,0.011444091796875,0,0.030517578125,-0.011444091796875,0,-6.2002402014349647E-07,0,-0.0004,0,0,0
287.75,0,0.011444091796875,0,0,-0.011444091796875,0,-6.14959795188502E-07,0,0,0,0,0
287.875,0,0.011444091796875,0,0,-0.011444091796875,0,-6.0999005116492536E-07,0,-0.0008,0,0,0
288,0,0.0152587890625,0,0.030517578125,-0.0152587890625,0,-1.0356734643009453E-06,0,0.0004,0,0,0
288.125,0,0.003814697265625,0,-0.091552734375,-0.003814697265625,0,2.6665889921553051E-07,0,0.0008,0,0,0
288.25,0,0.00762939453125,0,0.030517578125,-0.00762939453125,0,-1.7104423293892631E-07,0,0.0004,0,0,0
288.375,0,0.00762939453125,0,0,-0.00762939453125,0,-1.7218865878157227E-07,0,-0.001,0,0,0
288.5,0,0.00762939453125,0,0,-0.00762939453125,0,-1.7331173359409758E-07,0,0.0002,0,0,0
288.625,0,0.00762939453125,0,0,-0.00762939453125,0,-1.7441385571291708E-07,0,-0.001,0,0,0
288.75,0,0.011444091796875,0,0.030517578125,-0.011444091796875,0,-6.0605585495861817E-07,0,0.0002,0,0,0
288.875,0,0.00762939453125,0,-0.030517578125,-0.00762939453125,0,-1.7069178876443376E-07,0,0.0008,0,0,0
289,0,0.0152587890625,0,0.06103515625,-0.0152587890625,0,-1.0329636678285371E-06,0,0,0,0,0
289.125,0,0.011444091796875,0,-0.030517578125,-0.011444091796875,0,-5.9180273757839525E-07,0,-0.0002,0,0,0
289.25,0,0.00762939453125,0,-0.030517578125,-0.00762939453125,0,-1.5670458528370355E-07,0,0.0008,0,0,0
289.375,0,0.00762939453125,0,0,-0.00762939453125,0,-1.5811653938165185E-07,0,0,0,0,0
289.5,0,0.0152587890625,0,0.06103515625,-0.0152587890625,0,-1.0206230291285455E-06,0,0.0002,0,0,0
289.625,0,0.00762939453125,0,-0.06103515625,-0.00762939453125,0,-1.49131893621113E-07,0,0,0,0,0
289.75,0,0.00762939453125,0,0,-0.00762939453125,0,-1.5068512796786139E-07,0,0,0,0,0
289.875,0,0.00762939453125,0,0,-0.00762939453125,0,-1.5220938433099035E-07,0,0.0016,0,0,0
290,0,0.011444091796875,0,0.030517578125,-0.011444091796875,0,-5.8426564225525491E-07,0,0.0002,0,0,0
290.125,0,0.011444091796875,0,0,-0.011444091796875,0,-5.7986854502047319E-07,0,0,0,0,0
290.25,0,0.011444091796875,0,0,-0.011444091796875,0,-5.755534824200075E-07,0,0,0,0,0
290.375,0,0.011444091796875,0,0,-0.011444091796875,0,-5.7131892397116242E-07,0,-0.0004,0,0,0
290.5,0,0.011444091796875,0,0,-0.011444091796875,0,-5.6716336774475916E-07,0,0.0004,0,0,0
290.625,0,0.011444091796875,0,0,-0.011444091796875,0,-5.6308533983242547E-07,0,0.0008,0,0,0
290.75,0,0.00762939453125,0,-0.030517578125,-0.00762939453125,0,-1.2852295490807105E-07,0,0.0002,0,0,0
290.875,0,0.00762939453125,0,0,-0.00762939453125,0,-1.3046068080929114E-07,0,0.0004,0,0,0
291,0,0.00762939453125,0,0,-0.00762939453125,0,-1.3236225544361321E-07,0,-0.0004,0,0,0
291.125,0,0.00762939453125,0,0,-0.00762939453125,0,-1.3422835326870825E-07,0,-0.0006,0,0,0
291.25,0,0.00762939453125,0,0,-0.00762939453125,0,-1.3605963615919856E-07,0,0,0,0,0
291.375,0,0.00762939453125,0,0,-0.00762939453125,0,-1.3785675364141405E-07,0,0.0012,0,0,0
291.5,0,0.00762939453125,0,0,-0.00762939453125,0,-1.3962034312376859E-07,0,-0.0008,0,0,0
291.625,0,0.011444091796875,0,0.030517578125,-0.011444091796875,0,-5.7191146903859153E-07,0,-0.0012,0,0,0
291.75,0,0.00762939453125,0,-0.030517578125,-0.00762939453125,0,-1.3718441905381365E-07,0,0,0,0,0
291.875,0,0.00762939453125,0,0,-0.00762939453125,0,-1.3896055197541613E-07,0,0.001,0,0,0
292,0,0.00762939453125,0,0,-0.00762939453125,0,-1.4070354839651829E-07,0,0,0,0,0
292.125,0,0,0,-0.06103515625,0,0,7.1870685130183444E-07,0,0.0004,0,0,0
292.25,0,0.003814697265625,0,0.030517578125,-0.003814697265625,0,2.7473782699921548E-07,0,0.0004,0,0,0
292.375,0,0.00762939453125,0,0.030517578125,-0.00762939453125,0,-1.6311603002008108E-07,0,0,0,0,0
292.5,0,0.011444091796875,0,0.030517578125,-0.011444091796875,0,-5.9496880763837448E-07,0,0.0002,0,0,0
292.625,0,0.011444091796875,0,0,-0.011444091796875,0,-5.9037202633673112E-07,0,0,0,0,0
292.75,0,0.00762939453125,0,-0.030517578125,-0.00762939453125,0,-1.5530056616806135E-07,0,0,0,0,0
292.875,0,0.011444091796875,0,0.030517578125,-0.011444091796875,0,-5.8729915332498364E-07,0,-0.001,0,0,0
293,0,0.011444091796875,0,0,-0.011444091796875,0,-5.8284546126001943E-07,0,-0.0002,0,0,0
293.125,0,0.011444091796875,0,0,-0.011444091796875,0,-5.7847485969326281E-07,0,0,0,0,0
293.25,0,0.00762939453125,0,-0.030517578125,-0.00762939453125,0,-1.4362535952749514E-07,0,0,0,0,0
293.375,0,0.00762939453125,0,0,-0.00762939453125,0,-1.4528132676519374E-07,0,0.0002,0,0,0
293.5,0,0.003814697265625,0,-0.030517578125,-0.003814697265625,0,2.836540395370936E-07,0,0.0002,0,0,0
293.625,0,0.011444091796875,0,0.06103515625,-0.011444091796875,0,-5.8492660210194512E-07,0,0.0006,0,0,0
293.75,0,0.003814697265625,0,-0.06103515625,-0.003814697265625,0,2.8060370419024593E-07,0,0,0,0,0
293.875,0,0.00762939453125,0,0.030517578125,-0.00762939453125,0,-1.5735958982000505E-07,0,0.0004,0,0,0
294,0,0.003814697265625,0,-0.030517578125,-0.003814697265625,0,2.7180111511819779E-07,0,0.0002,0,0,0
294.125,0,0.003814697265625,0,0,-0.003814697265625,0,2.6456248590659535E-07,0,0,0,0,0
294.25,0,0.00762939453125,0,0.030517578125,-0.00762939453125,0,-1.731015344224933E-07,0,0.0004,0,0,0
294.375,0,0.00762939453125,0,0,-0.00762939453125,0,-1.7420757813122893E-07,0,0.0002,0,0,0
294.5,0,0.00762939453125,0,0,-0.00762939453125,0,-1.7529298688778159E-07,0,0.0004,0,0,0
294.625,0,0.00762939453125,0,0,-0.00762939453125,0,-1.7635814566902717E-07,0,0.0002,0,0,0
294.75,0,0.00762939453125,0,0,-0.00762939453125,0,-1.7740343226950386E-07,0,-0.0014,0,0,0
294.875,0,0.00762939453125,0,0,-0.00762939453125,0,-1.7842921743540978E-07,0,0.0012,0,0,0
295,0,0.00762939453125,0,0,-0.00762939453125,0,-1.7943586499610056E-07,0,0,0,0,0
295.125,0,0.003814697265625,0,-0.030517578125,-0.003814697265625,0,2.5013670692261931E-07,0,0,0,0,0
295.25,0,0.011444091796875,0,0.06103515625,-0.011444091796875,0,-6.1781861715406822E-07,0,-0.0006,0,0,0
295.375,0,0,0,-0.091552734375,0,0,6.7888577935213981E-07,0,0.0006,0,0,0
295.5,0,0.011444091796875,0,0.091552734375,-0.011444091796875,0,-6.2546119923469086E-07,0,0,0,0,0
295.625,0,0.011444091796875,0,0,-0.011444091796875,0,-6.2029553531334186E-07,0,-0.001,0,0,0
295.75,0,0.00762939453125,0,-0.030517578125,-0.00762939453125,0,-1.8466580590811096E-07,0,-0.0002,0,0,0
295.875,0,0.0152587890625,0,0.06103515625,-0.0152587890625,0,-1.046676978118329E-06,0,0.0008,0,0,0
296,0,0.00762939453125,0,-0.06103515625,-0.00762939453125,0,-1.7469976598721922E-07,0,0.0006,0,0,0
296.125,0,0.00762939453125,0,0,-0.00762939453125,0,-1.7577599221979639E-07,0,0.0002,0,0,0
296.25,0,0.00762939453125,0,0,-0.00762939453125,0,-1.7683213979122129E-07,0,0,0,0,0
296.375,0,0.003814697265625,0,-0.030517578125,-0.003814697265625,0,2.526918556158509E-07,0,0.0004,0,0,0
296.5,0,0.00762939453125,0,0.030517578125,-0.00762939453125,0,-1.8475069978694544E-07,0,0,0,0,0
296.625,0,0.00762939453125,0,0,-0.00762939453125,0,-1.8563941033934333E-07,0,-0.0004,0,0,0
296.75,0,0.00762939453125,0,0,-0.00762939453125,0,-1.8651154062496841E-07,0,-0.0002,0,0,0
296.875,0,0,0,-0.06103515625,0,0,6.73753477857223E-07,0,0.0004,0,0,0
297,0,0.00762939453125,0,0.06103515625,-0.00762939453125,0,-1.9993731080953195E-07,0,-0.0004,0,0,0
297.125,0,0.00762939453125,0,0,-0.00762939453125,0,-2.0054269169801385E-07,0,0.0004,0,0,0
297.25,0,0.011444091796875,0,0.030517578125,-0.011444091796875,0,-6.3169721718757787E-07,0,0.0004,0,0,0
297.375,0,0.011444091796875,0,0,-0.011444091796875,0,-6.2641521072817756E-07,0,0,0,0,0
297.5,0,0.011444091796875,0,0,-0.011444091796875,0,-6.2123174825023031E-07,0,0.0004,0,0,0
297.625,0,0.0152587890625,0,0.030517578125,-0.0152587890625,0,-1.0467054301794466E-06,0,0.0006,0,0,0
297.75,0,0.0152587890625,0,0,-0.0152587890625,0,-1.035848565062737E-06,0,-0.0002,0,0,0
297.875,0,0.00762939453125,0,-0.06103515625,-0.00762939453125,0,-1.6407337368709536E-07,0,-0.0008,0,0,0
298,0,0.011444091796875,0,0.030517578125,-0.011444091796875,0,-5.9590829058195122E-07,0,0.0008,0,0,0
298.125,0,0.011444091796875,0,0,-0.011444091796875,0,-5.9129398177622791E-07,0,0,0,0,0
298.25,0,0.011444091796875,0,0,-0.011444091796875,0,-5.8676576002186756E-07,0,0.0004,0,0,0
298.375,0,0.0152587890625,0,0.030517578125,-0.0152587890625,0,-1.0128824581478345E-06,0,-0.0002,0,0,0
298.5,0,0.011444091796875,0,-0.030517578125,-0.011444091796875,0,-5.7209617385269852E-07,0,-0.0002,0,0,0
298.625,0,0.0152587890625,0,0.030517578125,-0.0152587890625,0,-9.9848655574609149E-07,0,0.0006,0,0,0
298.75,0,0.011444091796875,0,-0.030517578125,-0.011444091796875,0,-5.5796884922536388E-07,0,0.0006,0,0,0
298.875,0,0.011444091796875,0,0,-0.011444091796875,0,-5.5406235924457362E-07,0,0.0008,0,0,0
299,0,0.00762939453125,0,-0.030517578125,-0.00762939453125,0,-1.1966831194694019E-07,0,-0.0002,0,0,0
299.125,0,0.003814697265625,0,-0.030517578125,-0.003814697265625,0,3.0878920403906931E-07,0,0.0008,0,0,0
299.25,0,0.003814697265625,0,0,-0.003814697265625,0,3.008605049503061E-07,0,0.0004,0,0,0
299.375,0,0.00762939453125,0,0.030517578125,-0.00762939453125,0,-1.3748071093750037E-07,0,-0.0004,0,0,0
299.5,0,0.00762939453125,0,0,-0.00762939453125,0,-1.3925131607678848E-07,0,0,0,0,0
299.625,0,0.00762939453125,0,0,-0.00762939453125,0,-1.4098888784488557E-07,0,-0.0002,0,0,0
299.75,0,0.00762939453125,0,0,-0.00762939453125,0,-1.4269404253030683E-07,0,0.0008,0,0,0
299.875,0,0.003814697265625,0,-0.030517578125,-0.003814697265625,0,2.8619305399199894E-07,0,0,0,0,0
300,0,0.00762939453125,0,0.030517578125,-0.00762939453125,0,-1.5187451796403496E-07,0,0.0004,0,0,0
300.125,0,0.003814697265625,0,-0.030517578125,-0.003814697265625,0,2.7718385449438052E-07,0,0.0002,0,0,0
300.25,0,0.00762939453125,0,0.030517578125,-0.00762939453125,0,-1.607156369424371E-07,0,0.0002,0,0,0
300.375,0,0.003814697265625,0,-0.030517578125,-0.003814697265625,0,2.6850768023373447E-07,0,0,0,0,0
300.5,0,0.003814697265625,0,0,-0.003814697265625,0,2.613304951321811E-07,0,0.0004,0,0,0
300.625,0,0.011444091796875,0,0.06103515625,-0.011444091796875,0,-6.0683366633730228E-07,0,-0.0002,0,0,0
300.75,0,0.011444091796875,0,0,-0.011444091796875,0,-6.0201552778731841E-07,0,0.0008,0,0,0
300.875,0,0.00762939453125,0,-0.030517578125,-0.00762939453125,0,-1.6672684013136442E-07,0,0,0,0,0
301,0,0.003814697265625,0,-0.030517578125,-0.003814697265625,0,2.626086253165128E-07,0,0.0004,0,0,0
301.125,0,0.011444091796875,0,0.06103515625,-0.011444091796875,0,-6.0557938164391183E-07,0,0.0002,0,0,0
301.25,0,0.0152587890625,0,0.030517578125,-0.0152587890625,0,-1.0313450826261916E-06,0,0,0,0,0
301.375,0,0.0152587890625,0,0,-0.0152587890625,0,-1.02077478849648E-06,0,0.0002,0,0,0
301.5,0,0.00762939453125,0,-0.06103515625,-0.00762939453125,0,-1.4928082168385045E-07,0,0,0,0,0
301.625,0,0.00762939453125,0,0,-0.00762939453125,0,-1.5083127754776944E-07,0,0.0002,0,0,0
301.75,0,0,0,-0.06103515625,0,0,7.0876807056655239E-07,0,0,0,0,0
301.875,0,0.00762939453125,0,0.06103515625,-0.00762939453125,0,-1.655759693601272E-07,0,0.0004,0,0,0
302,0,0.00762939453125,0,0,-0.00762939453125,0,-1.668224140982121E-07,0,0,0,0,0
302.125,0,0.00762939453125,0,0,-0.00762939453125,0,-1.68045604486251E-07,0,-0.0002,0,0,0
302.25,0,0.00762939453125,0,0,-0.00762939453125,0,-1.6924597437002909E-07,0,-0.001,0,0,0
302.375,0,0.00762939453125,0,0,-0.00762939453125,0,-1.704239495012689E-07,0,0.0006,0,0,0
302.5,0,0.011444091796875,0,0.030517578125,-0.011444091796875,0,-6.0214038660439071E-07,0,0,0,0,0
302.625,0,0.011444091796875,0,0,-0.011444091796875,0,-5.9740980843028077E-07,0,0.0006,0,0,0
302.75,0,0.00762939453125,0,-0.030517578125,-0.00762939453125,0,-1.622070475762696E-07,0,0,0,0,0
302.875,0,0.011444091796875,0,0.030517578125,-0.011444091796875,0,-5.9407678366475285E-07,0,0.0004,0,0,0
303,0,0.00762939453125,0,-0.030517578125,-0.00762939453125,0,-1.589362055311153E-07,0,0,0,0,0
303.125,0,0.00762939453125,0,0,-0.00762939453125,0,-1.6030652530961294E-07,0,0.0008,0,0,0
303.25,0,0.00762939453125,0,0,-0.00762939453125,0,-1.6165127965802734E-07,0,0.0006,0,0,0
303.375,0,0.00762939453125,0,0,-0.00762939453125,0,-1.6297094553890814E-07,0,0.0002,0,0,0
303.5,0,0.00762939453125,0,0,-0.00762939453125,0,-1.6426599101633253E-07,0,-0.0002,0,0,0
303.625,0,0.00762939453125,0,0,-0.00762939453125,0,-1.6553687542192011E-07,0,0.0004,0,0,0
303.75,0,0.00762939453125,0,0,-0.00762939453125,0,-1.6678404951775025E-07,0,-0.0002,0,0,0
303.875,0,0.00762939453125,0,0,-0.00762939453125,0,-1.6800795565624015E-07,0,0,0,0,0
304,0,0.00762939453125,0,0,-0.00762939453125,0,-1.6920902793704005E-07,0,0.0002,0,0,0
304.125,0,0.011444091796875,0,0.030517578125,-0.011444091796875,0,-6.009481312767544E-07,0,0.0002,0,0,0
304.25,0,0.00762939453125,0,-0.030517578125,-0.00762939453125,0,-1.656793575498628E-07,0,-0.0002,0,0,0
304.375,0,0.00762939453125,0,0,-0.00762939453125,0,-1.6692387342172421E-07,0,0.0002,0,0,0
304.5,0,0.00762939453125,0,0,-0.00762939453125,0,-1.6814517092951557E-07,0,0.001,0,0,0
304.625,0,0.011444091796875,0,0.030517578125,-0.011444091796875,0,-5.9990412216340122E-07,0,0.0004,0,0,0
304.75,0,0.00762939453125,0,-0.030517578125,-0.00762939453125,0,-1.6465482603758679E-07,0,-0.001,0,0,0
304.875,0,0.00762939453125,0,0,-0.00762939453125,0,-1.6591845612582029E-07,0,0,0,0,0
305,0,0.00762939453125,0,0,-0.00762939453125,0,-1.6715851124478113E-07,0,0,0,0,0
305.125,0,0.00762939453125,0,0,-0.00762939453125,0,-1.6837543122190093E-07,0,0,0,0,0
305.25,0,0.011444091796875,0,0.030517578125,-0.011444091796875,0,-6.0013008659470486E-07,0,0.0002,0,0,0
305.375,0,0.011444091796875,0,0,-0.011444091796875,0,-5.9543701366947944E-07,0,-0.0006,0,0,0
305.5,0,0.0152587890625,0,0.030517578125,-0.0152587890625,0,-1.0213919361775646E-06,0,0.0004,0,0,0
305.625,0,0.011444091796875,0,-0.030517578125,-0.011444091796875,0,-5.804468944383432E-07,0,-0.0002,0,0,0
305.75,0,0.00762939453125,0,-0.030517578125,-0.00762939453125,0,-1.4556060292125151E-07,0,-0.0006,0,0,0
305.875,0,0.003814697265625,0,-0.030517578125,-0.003814697265625,0,2.833799737086934E-07,0,-0.0004,0,0,0
306,0,0.00762939453125,0,0.030517578125,-0.00762939453125,0,-1.5463511589363747E-07,0,0,0,0,0
306.125,0,0.011444091796875,0,0.030517578125,-0.011444091796875,0,-5.8664611805232189E-07,0,0.0002,0,0,0
306.25,0,0.0152587890625,0,0.030517578125,-0.0152587890625,0,-1.0127650482838568E-06,0,-0.0006,0,0,0
306.375,0,0.00762939453125,0,-0.06103515625,-0.00762939453125,0,-1.4142051553516168E-07,0,0,0,0,0
306.5,0,0.011444091796875,0,0.030517578125,-0.011444091796875,0,-5.7367805645570555E-07,0,0.0006,0,0,0
306.625,0,0.011444091796875,0,0,-0.011444091796875,0,-5.6947848697229684E-07,0,-0.0002,0,0,0
306.75,0,0.011444091796875,0,0,-0.011444091796875,0,-5.6535726693818641E-07,0,0.0012,0,0,0
306.875,0,0.00762939453125,0,-0.030517578125,-0.00762939453125,0,-1.3075249570773915E-07,0,0.0002,0,0,0
307,0,0.011444091796875,0,0.030517578125,-0.011444091796875,0,-5.6320906500056827E-07,0,0.0002,0,0,0
307.125,0,0.00762939453125,0,-0.030517578125,-0.00762939453125,0,-1.2864437179227517E-07,0,0,0,0,0
307.25,0,0.00762939453125,0,0,-0.00762939453125,0,-1.3057983247415541E-07,0,0.0004,0,0,0
307.375,0,0.011444091796875,0,0.030517578125,-0.011444091796875,0,-5.6303962306605311E-07,0,0.0002,0,0,0
307.5,0,0.00762939453125,0,-0.030517578125,-0.00762939453125,0,-1.2847809105852347E-07,0,0.0002,0,0,0
307.625,0,0.00762939453125,0,0,-0.00762939453125,0,-1.3041665396408873E-07,0,-0.0002,0,0,0
307.75,0,0.003814697265625,0,-0.030517578125,-0.003814697265625,0,2.9824138892860482E-07,0,-0.0002,0,0,0
307.875,0,0.00762939453125,0,0.030517578125,-0.00762939453125,0,-1.4005096330811574E-07,0,0,0,0,0
308,0,0.00762939453125,0,0,-0.00762939453125,0,-1.4177361642313305E-07,0,0,0,0,0
308.125,0,0.011444091796875,0,0.030517578125,-0.011444091796875,0,-5.7402456970172254E-07,0,0,0,0,0
308.25,0,0.0152587890625,0,0.030517578125,-0.0152587890625,0,-1.0003789743947391E-06,0,0.0004,0,0,0
308.375,0,0.011444091796875,0,-0.030517578125,-0.011444091796875,0,-5.5982596188382633E-07,0,0.0006,0,0,0
308.5,0,0.011444091796875,0,0,-0.011444091796875,0,-5.558848246005804E-07,0,0.0004,0,0,0
308.625,0,0.011444091796875,0,0,-0.011444091796875,0,-5.5201721531513781E-07,0,0.0004,0,0,0
308.75,0,0.00762939453125,0,-0.030517578125,-0.00762939453125,0,-1.1766132333348147E-07,0,-0.001,0,0,0
308.875,0,0.011444091796875,0,0.030517578125,-0.011444091796875,0,-5.50362128648656E-07,0,-0.0008,0,0,0
309,0,0.011444091796875,0,0,-0.011444091796875,0,-5.4659755377857066E-07,0,-0.0004,0,0,0
309.125,0,0.003814697265625,0,-0.06103515625,-0.003814697265625,0,3.1821766496949813E-07,0,-0.0002,0,0,0
309.25,0,0.00762939453125,0,0.030517578125,-0.00762939453125,0,-1.2044737552324884E-07,0,0.0006,0,0,0
309.375,0,0.00762939453125,0,0,-0.00762939453125,0,-1.2253576381976078E-07,0,0.0002,0,0,0
309.5,0,0,0,-0.06103515625,0,0,7.3653568782161108E-07,0,0,0,0,0
309.625,0,0.00762939453125,0,0.06103515625,-0.00762939453125,0,-1.3832639985468966E-07,0,-0.0004,0,0,0
309.75,0,0,0,-0.06103515625,0,0,7.210396504693075E-07,0,0.001,0,0,0
309.875,0,0.011444091796875,0,0.091552734375,-0.011444091796875,0,-5.8409377363315672E-07,0,0.0008,0,0,0
310,0,0.00762939453125,0,-0.030517578125,-0.00762939453125,0,-1.4913944395698705E-07,0,-0.0002,0,0,0
310.125,0,0.011444091796875,0,0.030517578125,-0.011444091796875,0,-5.812529763563215E-07,0,-0.0006,0,0,0
310.25,0,0.011444091796875,0,0,-0.011444091796875,0,-5.7691208505289386E-07,0,0.0006,0,0,0
310.375,0,0.011444091796875,0,0,-0.011444091796875,0,-5.7265217977539831E-07,0,0,0,0,0
310.5,0,0.00762939453125,0,-0.030517578125,-0.00762939453125,0,-1.379113106887941E-07,0,-0.0004,0,0,0
310.625,0,0.011444091796875,0,0.030517578125,-0.011444091796875,0,-5.7023432124099289E-07,0,-0.0004,0,0,0
310.75,0,0.00762939453125,0,-0.030517578125,-0.00762939453125,0,-1.3553856103647772E-07,0,0.0004,0,0,0
310.875,0,0.011444091796875,0,0.030517578125,-0.011444091796875,0,-5.6790583889496008E-07,0,0.0006,0,0,0
311,0,0.011444091796875,0,0,-0.011444091796875,0,-5.6381395903757155E-07,0,0,0,0,0
311.125,0,0.0152587890625,0,0.030517578125,-0.0152587890625,0,-9.9035885842907928E-07,0,0,0,0,0
311.25,0,0.011444091796875,0,-0.030517578125,-0.011444091796875,0,-5.4999278664409456E-07,0,-0.0002,0,0,0
311.375,0,0.00762939453125,0,-0.030517578125,-0.00762939453125,0,-1.1567466350330306E-07,0,0.0004,0,0,0
311.5,0,0.011444091796875,0,0.030517578125,-0.011444091796875,0,-5.48412533023333E-07,0,0.0008,0,0,0
311.625,0,0.011444091796875,0,0,-0.011444091796875,0,-5.4468433086816553E-07,0,-0.0002,0,0,0
311.75,0,0.011444091796875,0,0,-0.011444091796875,0,-5.4102568407739529E-07,0,-0.0004,0,0,0
311.875,0,0.00762939453125,0,-0.030517578125,-0.00762939453125,0,-1.0687485607261173E-07,0,0,0,0,0
312,0,0.00762939453125,0,0,-0.00762939453125,0,-1.0921646066397202E-07,0,0,0,0,0
312.125,0,0.0152587890625,0,0.06103515625,-0.0152587890625,0,-9.7263525683972877E-07,0,-0.0002,0,0,0
312.25,0,0.00762939453125,0,-0.06103515625,-0.00762939453125,0,-1.0203940727689893E-07,0,0.0002,0,0,0
312.375,0,0.011444091796875,0,0.030517578125,-0.011444091796875,0,-5.3503166354314171E-07,0,-0.0002,0,0,0
312.5,0,0.011444091796875,0,0,-0.011444091796875,0,-5.3155310215687838E-07,0,0.0004,0,0,0
312.625,0,0.011444091796875,0,0,-0.011444091796875,0,-5.2813943870123411E-07,0,0.0002,0,0,0
312.75,0,0.00762939453125,0,-0.030517578125,-0.00762939453125,0,-9.4229023489412481E-08,0,0.0006,0,0,0
312.875,0,0.0152587890625,0,0.06103515625,-0.0152587890625,0,-9.5792743343359411E-07,0,0,0,0,0
313,0,0.011444091796875,0,-0.030517578125,-0.011444091796875,0,-5.18166419928605E-07,0,-0.0002,0,0,0
313.125,0,0.00762939453125,0,-0.030517578125,-0.00762939453125,0,-8.4442066771897218E-08,0,0.0002,0,0,0
313.25,0,0.011444091796875,0,0.030517578125,-0.011444091796875,0,-5.1776262858067889E-07,0,0,0,0,0
313.375,0,0.011444091796875,0,0,-0.011444091796875,0,-5.1460624769043224E-07,0,-0.0004,0,0,0
313.5,0,0.00762939453125,0,-0.030517578125,-0.00762939453125,0,-8.0948315040723937E-08,0,0,0,0,0
313.625,0,0.011444091796875,0,0.030517578125,-0.011444091796875,0,-5.1433405817944984E-07,0,0.0004,0,0,0
313.75,0,0.00762939453125,0,-0.030517578125,-0.00762939453125,0,-8.0681203645099474E-08,0,-0.0002,0,0,0
313.875,0,0.0152587890625,0,0.06103515625,-0.0152587890625,0,-9.4463236907485815E-07,0,0.0002,0,0,0
314,0,0.00762939453125,0,-0.06103515625,-0.00762939453125,0,-7.455895659606881E-08,0,0.0002,0,0,0
314.125,0,0.00762939453125,0,0,-0.00762939453125,0,-7.750346416059503E-08,0,0.0002,0,0,0
314.25,0,0.011444091796875,0,0.030517578125,-0.011444091796875,0,-5.1095347630842753E-07,0,-0.0004,0,0,0
314.375,0,0.0152587890625,0,0.030517578125,-0.0152587890625,0,-9.38484569577148E-07,0,0,0,0,0
314.5,0,0.011444091796875,0,-0.030517578125,-0.011444091796875,0,-4.9908629270074692E-07,0,0.001,0,0,0
314.625,0,0.011444091796875,0,0,-0.011444091796875,0,-4.9627834767681515E-07,0,0.0002,0,0,0
314.75,0,0.0152587890625,0,0.030517578125,-0.0152587890625,0,-9.2408322811615152E-07,0,0.0008,0,0,0
314.875,0,0.00762939453125,0,-0.06103515625,-0.00762939453125,0,-5.4393191572449569E-08,0,-0.0002,0,0,0
315,0,0.00762939453125,0,0,-0.00762939453125,0,-5.7713922602385769E-08,0,0,0,0,0
315.125,0,0.003814697265625,0,-0.030517578125,-0.003814697265625,0,3.6958773864519618E-07,0,0,0,0,0
315.25,0,0.011444091796875,0,0.06103515625,-0.011444091796875,0,-5.0059612875969279E-07,0,-0.0008,0,0,0
315.375,0,0.00762939453125,0,-0.030517578125,-0.00762939453125,0,-6.7199576498417814E-08,0,0,0,0,0
315.5,0,0.00762939453125,0,0,-0.00762939453125,0,-7.0281384655327444E-08,0,-0.0002,0,0,0
315.625,0,0.011444091796875,0,0.030517578125,-0.011444091796875,0,-5.0386613584111635E-07,0,0.001,0,0,0
315.75,0,0.00762939453125,0,-0.030517578125,-0.00762939453125,0,-7.04085765516107E-08,0,-0.0002,0,0,0
315.875,0,0.00762939453125,0,0,-0.00762939453125,0,-7.343051586054461E-08,0,0,0,0,0
316,0,0.00762939453125,0,0,-0.00762939453125,0,-7.6396076228350622E-08,0,0.0002,0,0,0
316.125,0,0.00762939453125,0,0,-0.00762939453125,0,-7.9306309491176888E-08,0,0.0002,0,0,0
316.25,0,0.00762939453125,0,0,-0.00762939453125,0,-8.21622478615451E-08,0,0.0002,0,0,0
316.375,0,0.00762939453125,0,0,-0.00762939453125,0,-8.4964904294459479E-08,0,-0.0002,0,0,0
316.5,0,0.011444091796875,0,0.030517578125,-0.011444091796875,0,-5.1827571176243856E-07,0,-0.0004,0,0,0
316.625,0,0.00762939453125,0,-0.030517578125,-0.00762939453125,0,-8.4549319597916392E-08,0,0.0002,0,0,0
316.75,0,0.00762939453125,0,0,-0.00762939453125,0,-8.7307441523967872E-08,0,-0.0004,0,0,0
316.875,0,0.011444091796875,0,0.030517578125,-0.011444091796875,0,-5.2057454534503319E-07,0,0,0,0,0
317,0,0.00762939453125,0,-0.030517578125,-0.00762939453125,0,-8.6805264892571973E-08,0,-0.0002,0,0,0
317.125,0,0.011444091796875,0,0.030517578125,-0.011444091796875,0,-5.2008173759363217E-07,0,0.0002,0,0,0
317.25,0,0.011444091796875,0,0,-0.011444091796875,0,-5.16882090146005E-07,0,0.0002,0,0,0
317.375,0,0.011444091796875,0,0,-0.011444091796875,0,-5.1374213705906415E-07,0,0.0004,0,0,0
317.5,0,0.011444091796875,0,0,-0.011444091796875,0,-5.106607646423934E-07,0,0,0,0,0
317.625,0,0.003814697265625,0,-0.06103515625,-0.003814697265625,0,3.5348399784831626E-07,0,0.0002,0,0,0
317.75,0,0.0152587890625,0,0.091552734375,-0.0152587890625,0,-9.4695986833719747E-07,0,0.0004,0,0,0
317.875,0,0.00762939453125,0,-0.06103515625,-0.00762939453125,0,-7.6843032767977859E-08,0,0,0,0,0
318,0,0.0152587890625,0,0.06103515625,-0.0152587890625,0,-9.408658051983405E-07,0,-0.0008,0,0,0
318.125,0,0.00762939453125,0,-0.06103515625,-0.00762939453125,0,-7.08626637810582E-08,0,0,0,0,0
318.25,0,0.011444091796875,0,0.030517578125,-0.011444091796875,0,-5.04436570307753E-07,0,0.0004,0,0,0
318.375,0,0.00762939453125,0,-0.030517578125,-0.00762939453125,0,-7.0968368683003709E-08,0,0.0016,0,0,0
318.5,0,0.011444091796875,0,0.030517578125,-0.011444091796875,0,-5.045403031216337E-07,0,-0.0004,0,0,0
318.625,0,0.00762939453125,0,-0.030517578125,-0.00762939453125,0,-7.10701662011656E-08,0,-0.0006,0,0,0
318.75,0,0.00762939453125,0,0,-0.00762939453125,0,-7.40797625342519E-08,0,-0.0006,0,0,0
318.875,0,0.011444091796875,0,0.030517578125,-0.011444091796875,0,-5.0759364911922493E-07,0,0,0,0,0
319,0,0.00762939453125,0,-0.030517578125,-0.00762939453125,0,-7.4066547317386682E-08,0,0,0,0,0
319.125,0,0.011444091796875,0,0.030517578125,-0.011444091796875,0,-5.0758068045262341E-07,0,-0.001,0,0,0
319.25,0,0.011444091796875,0,0,-0.011444091796875,0,-5.0461425951702632E-07,0,0,0,0,0
319.375,0,0.011444091796875,0,0,-0.011444091796875,0,-5.0170318174162912E-07,0,-0.0002,0,0,0
319.5,0,0.003814697265625,0,-0.06103515625,-0.003814697265625,0,3.6227446321713088E-07,0,0,0,0,0
319.625,0,0.011444091796875,0,0.06103515625,-0.011444091796875,0,-5.0777296374913246E-07,0,0,0,0,0
319.75,0,0.0152587890625,0,0.030517578125,-0.0152587890625,0,-9.3536339438766936E-07,0,-0.0012,0,0,0
319.875,0,0.00762939453125,0,-0.06103515625,-0.00762939453125,0,-6.546290893513101E-08,0,-0.0006,0,0,0
320,0,0.00762939453125,0,0,-0.00762939453125,0,-6.85771173053804E-08,0,0.0002,0,0,0
320.125,0,0.00762939453125,0,0,-0.00762939453125,0,-7.1633225312777609E-08,0,-0.0004,0,0,0
320.25,0,0.00762939453125,0,0,-0.00762939453125,0,-7.46323169092495E-08,0,0,0,0,0
320.375,0,0.011444091796875,0,0.030517578125,-0.011444091796875,0,-5.0813589473968013E-07,0,0.0004,0,0,0
320.5,0,0.00762939453125,0,-0.030517578125,-0.00762939453125,0,-7.4598676509023452E-08,0,-0.0006,0,0,0
320.625,0,0.0152587890625,0,0.06103515625,-0.0152587890625,0,-9.3866332086878575E-07,0,0,0,0,0
320.75,0,0.00762939453125,0,-0.06103515625,-0.00762939453125,0,-6.8701270195445257E-08,0,0,0,0,0
320.875,0,0.0152587890625,0,0.06103515625,-0.0152587890625,0,-9.3287593977059739E-07,0,-0.0002,0,0,0
321,0,0.0152587890625,0,0,-0.0152587890625,0,-9.24142739453974E-07,0,-0.0002,0,0,0
321.125,0,0.00762939453125,0,-0.06103515625,-0.00762939453125,0,-5.4451592634429708E-08,0,0.001,0,0,0
321.25,0,0.003814697265625,0,-0.030517578125,-0.003814697265625,0,3.7278920481332031E-07,0,-0.0008,0,0,0
321.375,0,0.00762939453125,0,0.030517578125,-0.00762939453125,0,-6.6893951967539449E-08,0,-0.0002,0,0,0
321.5,0,0.0152587890625,0,0.06103515625,-0.0152587890625,0,-9.3110233985320473E-07,0,0.0008,0,0,0
321.625,0,0.00762939453125,0,-0.06103515625,-0.00762939453125,0,-6.1281350948473034E-08,0,0.0012,0,0,0
321.75,0,0.011444091796875,0,0.030517578125,-0.011444091796875,0,-4.950340116515073E-07,0,-0.0002,0,0,0
321.875,0,0.0152587890625,0,0.030517578125,-0.0152587890625,0,-9.2286210709959875E-07,0,-0.0006,0,0,0
322,0,0.011444091796875,0,-0.030517578125,-0.011444091796875,0,-4.8375529136859227E-07,0,0.0004,0,0,0
322.125,0,0.00762939453125,0,-0.030517578125,-0.00762939453125,0,-5.0672930916865047E-08,0,-0.0002,0,0,0
322.25,0,0.00762939453125,0,0,-0.00762939453125,0,-5.4063069150268758E-08,0,0.0016,0,0,0
322.375,0,0.00762939453125,0,0,-0.00762939453125,0,-5.73899591234207E-08,0,0,0,0,0
322.5,0,0.011444091796875,0,0.030517578125,-0.011444091796875,0,-4.9121521974597079E-07,0,0,0,0,0
322.625,0,0.00762939453125,0,-0.030517578125,-0.00762939453125,0,-5.7993682818540315E-08,0,0.0006,0,0,0
322.75,0,0.011444091796875,0,0.030517578125,-0.011444091796875,0,-4.9180768004391888E-07,0,-0.0002,0,0,0
322.875,0,0.011444091796875,0,0,-0.011444091796875,0,-4.8913552877112538E-07,0,0.0004,0,0,0
323,0,0.00762939453125,0,-0.030517578125,-0.00762939453125,0,-5.5952791688115413E-08,0,0.0004,0,0,0
323.125,0,0.0152587890625,0,0.06103515625,-0.0152587890625,0,-9.2036530380269589E-07,0,0.0002,0,0,0
323.25,0,0.00762939453125,0,-0.06103515625,-0.00762939453125,0,-5.07446308743937E-08,0,0,0,0,0
323.375,0,0.00762939453125,0,0,-0.00762939453125,0,-5.4133431434445595E-08,0,-0.0004,0,0,0
323.5,0,0.011444091796875,0,0.030517578125,-0.011444091796875,0,-4.8801944760635939E-07,0,0,0,0,0
323.625,0,0.011444091796875,0,0,-0.011444091796875,0,-4.8541797165551712E-07,0,0.0004,0,0,0
323.75,0,0.011444091796875,0,0,-0.011444091796875,0,-4.8286503025301748E-07,0,0.0002,0,0,0
323.875,0,0.011444091796875,0,0,-0.011444091796875,0,-4.80359717911965E-07,0,-0.0006,0,0,0
324,0,0.00762939453125,0,-0.030517578125,-0.00762939453125,0,-4.7340707122966178E-08,0,0.0004,0,0,0
324.125,0,0.00762939453125,0,0,-0.00762939453125,0,-5.0793013133381766E-08,0,0,0,0,0
324.25,0,0.011444091796875,0,0.030517578125,-0.011444091796875,0,-4.8474134996348394E-07,0,-0.0008,0,0,0
324.375,0,0.00762939453125,0,-0.030517578125,-0.00762939453125,0,-5.1640593067028084E-08,0,-0.0002,0,0,0
324.5,0,0.011444091796875,0,0.030517578125,-0.011444091796875,0,-4.8557311698552119E-07,0,0.002,0,0,0
324.625,0,0.011444091796875,0,0,-0.011444091796875,0,-4.8301728110747713E-07,0,-0.0006,0,0,0
324.75,0,0.0152587890625,0,0.030517578125,-0.0152587890625,0,-9.1106956720754116E-07,0,0.0002,0,0,0
324.875,0,0.011444091796875,0,-0.030517578125,-0.011444091796875,0,-4.7218275950593388E-07,0,-0.0002,0,0,0
325,0,0.011444091796875,0,0,-0.011444091796875,0,-4.6987674141006411E-07,0,-0.0006,0,0,0
325.125,0,0.003814697265625,0,-0.06103515625,-0.003814697265625,0,3.935071321911907E-07,0,0.0002,0,0,0
325.25,0,0.00762939453125,0,0.030517578125,-0.00762939453125,0,-4.6562549495869495E-08,0,0.0006,0,0,0
325.375,0,0.00762939453125,0,0,-0.00762939453125,0,-5.0029373237636146E-08,0,0,0,0,0
325.5,0,0.011444091796875,0,0.030517578125,-0.011444091796875,0,-4.83991956948408E-07,0,-0.0002,0,0,0
325.625,0,0.003814697265625,0,-0.06103515625,-0.003814697265625,0,3.7965525778067538E-07,0,0.0002,0,0,0
325.75,0,0.00762939453125,0,0.030517578125,-0.00762939453125,0,-6.0155995813672033E-08,0,0.0002,0,0,0
325.875,0,0.00762939453125,0,0,-0.00762939453125,0,-6.3369212837589977E-08,0,0.0004,0,0,0
326,0,0.00762939453125,0,0,-0.00762939453125,0,-6.65224823394359E-08,0,0.0002,0,0,0
326.125,0,0.003814697265625,0,-0.030517578125,-0.003814697265625,0,3.6094351618301078E-07,0,0.0002,0,0,0
326.25,0,0.00762939453125,0,0.030517578125,-0.00762939453125,0,-7.8518640996720855E-08,0,0.0004,0,0,0
326.375,0,0.00762939453125,0,0,-0.00762939453125,0,-8.1389274538347463E-08,0,-0.0008,0,0,0
326.5,0,0.011444091796875,0,0.030517578125,-0.011444091796875,0,-5.147667908971765E-07,0,0,0,0,0
326.625,0,0.00762939453125,0,-0.030517578125,-0.00762939453125,0,-8.11058630662034E-08,0,0.0008,0,0,0
326.75,0,0.011444091796875,0,0.030517578125,-0.011444091796875,0,-5.14488666903393E-07,0,0.0002,0,0,0
326.875,0,0.0152587890625,0,0.030517578125,-0.0152587890625,0,-9.4195380573621846E-07,0,-0.0002,0,0,0
327,0,0.011444091796875,0,-0.030517578125,-0.011444091796875,0,-5.02490804905702E-07,0,0.0002,0,0,0
327.125,0,0.0152587890625,0,0.030517578125,-0.0152587890625,0,-9.3017978236865112E-07,0,-0.0002,0,0,0
327.25,0,0.003814697265625,0,-0.091552734375,-0.003814697265625,0,3.7018443371831045E-07,0,0.002,0,0,0
327.375,0,0.003814697265625,0,0,-0.003814697265625,0,3.6111031187754588E-07,0,0.0004,0,0,0
327.5,0,0.00762939453125,0,0.030517578125,-0.00762939453125,0,-7.8354957133258868E-08,0,-0.0002,0,0,0
327.625,0,0.00762939453125,0,0,-0.00762939453125,0,-8.122864444994787E-08,0,0.0004,0,0,0
327.75,0,0.0152587890625,0,0.06103515625,-0.0152587890625,0,-9.4516959652670627E-07,0,0.0002,0,0,0
327.875,0,0.011444091796875,0,-0.030517578125,-0.011444091796875,0,-5.0564660015653066E-07,0,-0.001,0,0,0
328,0,0.011444091796875,0,0,-0.011444091796875,0,-5.0271626247344227E-07,0,0,0,0,0
328.125,0,0.00762939453125,0,-0.030517578125,-0.00762939453125,0,-6.9280155846043112E-08,0,0.0002,0,0,0
328.25,0,0.011444091796875,0,0.030517578125,-0.011444091796875,0,-5.0288358650032018E-07,0,0.0002,0,0,0
328.375,0,0.00762939453125,0,-0.030517578125,-0.00762939453125,0,-6.9444358184992735E-08,0,0.0004,0,0,0
328.5,0,0.003814697265625,0,-0.030517578125,-0.003814697265625,0,3.5807615244025914E-07,0,-0.0006,0,0,0
328.625,0,0.011444091796875,0,0.06103515625,-0.011444091796875,0,-5.1189294855981886E-07,0,0,0,0,0
328.75,0,0.011444091796875,0,0,-0.011444091796875,0,-5.0884607560818539E-07,0,0.001,0,0,0
328.875,0,0.0152587890625,0,0.030517578125,-0.0152587890625,0,-9.36416485689014E-07,0,0.0004,0,0,0
329,0,0.003814697265625,0,-0.091552734375,-0.003814697265625,0,3.6406408572258675E-07,0,-0.0008,0,0,0
329.125,0,0.00762939453125,0,0.030517578125,-0.00762939453125,0,-7.5456290497427143E-08,0,-0.0002,0,0,0
329.25,0,0.00762939453125,0,0,-0.00762939453125,0,-7.8384056913298532E-08,0,0.0008,0,0,0
329.375,0,0.011444091796875,0,0.030517578125,-0.011444091796875,0,-5.1181764024443852E-07,0,0.0004,0,0,0
329.5,0,0.00762939453125,0,-0.030517578125,-0.00762939453125,0,-7.82117333698878E-08,0,-0.0008,0,0,0
329.625,0,0.00762939453125,0,0,-0.00762939453125,0,-8.10880927468989E-08,0,0,0,0,0
329.75,0,0.00762939453125,0,0,-0.00762939453125,0,-8.3910789201064477E-08,0,-0.0008,0,0,0
329.875,0,0.0152587890625,0,0.06103515625,-0.0152587890625,0,-9.4780170172852667E-07,0,-0.0002,0,0,0
330,0,0.011444091796875,0,-0.030517578125,-0.011444091796875,0,-5.082295993740657E-07,0,0,0,0,0
330.125,0,0.0152587890625,0,0.030517578125,-0.0152587890625,0,-9.3581151077036009E-07,0,-0.0002,0,0,0
330.25,0,0.00762939453125,0,-0.06103515625,-0.00762939453125,0,-6.5902665015189743E-08,0,-0.0002,0,0,0
330.375,0,0.003814697265625,0,-0.030517578125,-0.003814697265625,0,3.6155176985859909E-07,0,0,0,0,0
330.5,0,0.00762939453125,0,0.030517578125,-0.00762939453125,0,-7.7921735232080138E-08,0,0,0,0,0
330.625,0,0.00762939453125,0,0,-0.00762939453125,0,-8.0803504971864032E-08,0,0,0,0,0
330.75,0,0.00762939453125,0,0,-0.00762939453125,0,-8.3631510850135841E-08,0,0.0002,0,0,0
330.875,0,0.011444091796875,0,0.030517578125,-0.011444091796875,0,-5.169671948304511E-07,0,-0.0006,0,0,0
331,0,0.011444091796875,0,0,-0.011444091796875,0,-5.1382565398429225E-07,0,-0.0006,0,0,0
331.125,0,0.00762939453125,0,-0.030517578125,-0.00762939453125,0,-8.01822845147488E-08,0,0.001,0,0,0
331.25,0,0.00762939453125,0,0,-0.00762939453125,0,-8.3021880219287329E-08,0,0.0004,0,0,0
331.375,0,0.011444091796875,0,0.030517578125,-0.011444091796875,0,-5.1636893779977541E-07,0,-0.0002,0,0,0
331.5,0,0.00762939453125,0,-0.030517578125,-0.00762939453125,0,-8.2678119445973861E-08,0,0.0004,0,0,0
331.625,0,0.011444091796875,0,0.030517578125,-0.011444091796875,0,-5.1603159041416411E-07,0,0.0002,0,0,0
331.75,0,0.00762939453125,0,-0.030517578125,-0.00762939453125,0,-8.2347065796420281E-08,0,0.0002,0,0,0
331.875,0,0.011444091796875,0,0.030517578125,-0.011444091796875,0,-5.1570671308131E-07,0,0,0,0,0
332,0,0.011444091796875,0,0,-0.011444091796875,0,-5.1258868846729962E-07,0,0.001,0,0,0
332.125,0,0.00762939453125,0,-0.030517578125,-0.00762939453125,0,-7.8968396498304748E-08,0,-0.0002,0,0,0
332.25,0,0.00762939453125,0,0,-0.00762939453125,0,-8.1830639157007007E-08,0,-0.0002,0,0,0
332.375,0,0.00762939453125,0,0,-0.00762939453125,0,-8.4639482262028063E-08,0,0.0004,0,0,0
332.5,0,0.00762939453125,0,0,-0.00762939453125,0,-8.7395922064445607E-08,0,0,0,0,0
332.625,0,0.011444091796875,0,0.030517578125,-0.011444091796875,0,-5.2066137514448912E-07,0,0,0,0,0
332.75,0,0.00762939453125,0,-0.030517578125,-0.00762939453125,0,-8.6890474748127165E-08,0,0.0004,0,0,0
332.875,0,0.00762939453125,0,0,-0.00762939453125,0,-8.960491881208697E-08,0,0.0002,0,0,0
333,0,0.003814697265625,0,-0.030517578125,-0.003814697265625,0,3.3829171818252653E-07,0,0.0006,0,0,0
333.125,0,0.0152587890625,0,0.091552734375,-0.0152587890625,0,-9.6186871258178464E-07,0,-0.0008,0,0,0
333.25,0,0.00762939453125,0,-0.06103515625,-0.00762939453125,0,-9.1473729516529676E-08,0,0.0004,0,0,0
333.375,0,0.00762939453125,0,0,-0.00762939453125,0,-9.4102665890113964E-08,0,-0.0008,0,0,0
333.5,0,0.011444091796875,0,0.030517578125,-0.011444091796875,0,-5.2724299431454665E-07,0,-0.0002,0,0,0
333.625,0,0.011444091796875,0,0,-0.011444091796875,0,-5.2390974257186408E-07,0,-0.0004,0,0,0
333.75,0,0.0152587890625,0,0.030517578125,-0.0152587890625,0,-9.5119911669991737E-07,0,0.001,0,0,0
333.875,0,0.0152587890625,0,0,-0.0152587890625,0,-9.4212406924218155E-07,0,-0.0008,0,0,0
334,0,0.0152587890625,0,0,-0.0152587890625,0,-9.3321833079897157E-07,0,0.0008,0,0,0
334.125,0,0.011444091796875,0,-0.030517578125,-0.011444091796875,0,-4.9391830373359835E-07,0,-0.0004,0,0,0
334.25,0,0.00762939453125,0,-0.030517578125,-0.00762939453125,0,-6.0646336603102017E-08,0,0.0004,0,0,0
334.375,0,0.00762939453125,0,0,-0.00762939453125,0,-6.3850405562921466E-08,0,-0.0002,0,0,0
334.5,0,0.011444091796875,0,0.030517578125,-0.011444091796875,0,-4.9755513658767464E-07,0,0,0,0,0
334.625,0,0.00762939453125,0,-0.030517578125,-0.00762939453125,0,-6.4215318728089866E-08,0,0,0,0,0
334.75,0,0.00762939453125,0,0,-0.00762939453125,0,-6.7352802818876253E-08,0,0.0012,0,0,0
334.875,0,0.00762939453125,0,0,-0.00762939453125,0,-7.0431752302325811E-08,0,-0.0004,0,0,0
335,0,0.011444091796875,0,0.030517578125,-0.011444091796875,0,-5.0401369814761941E-07,0,0,0,0,0
335.125,0,0.011444091796875,0,0,-0.011444091796875,0,-5.011138247713276E-07,0,-0.0008,0,0,0
335.25,0,0.00762939453125,0,-0.030517578125,-0.00762939453125,0,-6.7707614092070565E-08,0,-0.001,0,0,0
335.375,0,0.011444091796875,0,0.030517578125,-0.011444091796875,0,-5.013403829394431E-07,0,0.0002,0,0,0
335.5,0,0.011444091796875,0,0,-0.011444091796875,0,-4.9849038438369865E-07,0,0.0008,0,0,0
335.625,0,0.00762939453125,0,-0.030517578125,-0.00762939453125,0,-6.5133118033247085E-08,0,-0.0002,0,0,0
335.75,0,0.00762939453125,0,0,-0.00762939453125,0,-6.8253479161689484E-08,0,-0.0004,0,0,0
335.875,0,0.00762939453125,0,0,-0.00762939453125,0,-7.131562513808096E-08,0,-0.0002,0,0,0
336,0,0.00762939453125,0,0,-0.00762939453125,0,-7.4320642055918011E-08,0,0,0,0,0
336.125,0,0.003814697265625,0,-0.030517578125,-0.003814697265625,0,3.5329084316980617E-07,0,0,0,0,0
336.25,0,0.00762939453125,0,0.030517578125,-0.00762939453125,0,-8.602854158560606E-08,0,-0.001,0,0,0
336.375,0,0.00762939453125,0,0,-0.00762939453125,0,-8.875906634280888E-08,0,0.001,0,0,0
336.5,0,0.011444091796875,0,0.030517578125,-0.011444091796875,0,-5.2199908786279709E-07,0,-0.0002,0,0,0
336.625,0,0.011444091796875,0,0,-0.011444091796875,0,-5.1876366928713055E-07,0,0,0,0,0
336.75,0,0.0152587890625,0,0.030517578125,-0.0152587890625,0,-9.4614905135349754E-07,0,0.0004,0,0,0
336.875,0,0.011444091796875,0,-0.030517578125,-0.011444091796875,0,-5.0660778174207784E-07,0,0,0,0,0
337,0,0.011444091796875,0,0,-0.011444091796875,0,-5.0365951173325919E-07,0,0.0002,0,0,0
337.125,0,0.011444091796875,0,0,-0.011444091796875,0,-5.0076624625109169E-07,0,0.0004,0,0,0
337.25,0,0.0152587890625,0,0.030517578125,-0.0152587890625,0,-9.2848739801700324E-07,0,-0.0002,0,0,0
337.375,0,0.0152587890625,0,0,-0.0152587890625,0,-9.198360727189918E-07,0,-0.0002,0,0,0
337.5,0,0.0152587890625,0,0,-0.0152587890625,0,-9.1134615124474771E-07,0,-0.0008,0,0,0
337.625,0,0.011444091796875,0,-0.030517578125,-0.011444091796875,0,-4.7245418344111438E-07,0,0,0,0,0
337.75,0,0.011444091796875,0,0,-0.011444091796875,0,-4.7014310151288472E-07,0,0.0002,0,0,0
337.875,0,0.011444091796875,0,0,-0.011444091796875,0,-4.6787513638438304E-07,0,-0.0006,0,0,0
338,0,0.00762939453125,0,-0.030517578125,-0.00762939453125,0,-3.5089044729421474E-08,0,0,0,0,0
338.125,0,0.011444091796875,0,0.030517578125,-0.011444091796875,0,-4.6933036332375169E-07,0,-0.0002,0,0,0
338.25,0,0.00762939453125,0,-0.030517578125,-0.00762939453125,0,-3.6517122164595973E-08,0,0,0,0,0
338.375,0,0.011444091796875,0,0.030517578125,-0.011444091796875,0,-4.7073179777062866E-07,0,-0.0006,0,0,0
338.5,0,0.003814697265625,0,-0.06103515625,-0.003814697265625,0,3.926680282265167E-07,0,-0.0006,0,0,0
338.625,0,0.00762939453125,0,0.030517578125,-0.00762939453125,0,-4.738599868121528E-08,0,0,0,0,0
338.75,0,0.00762939453125,0,0,-0.00762939453125,0,-5.0837459707719855E-08,0,-0.001,0,0,0
338.875,0,0.0152587890625,0,0.06103515625,-0.0152587890625,0,-9.15345406234143E-07,0,0.0004,0,0,0
339,0,0.00762939453125,0,-0.06103515625,-0.00762939453125,0,-4.5818387241460448E-08,0,0,0,0,0
339.125,0,0.011444091796875,0,0.030517578125,-0.011444091796875,0,-4.7985953339419358E-07,0,0,0,0,0
339.25,0,0.0152587890625,0,0.030517578125,-0.0152587890625,0,-9.0797073215074206E-07,0,-0.0002,0,0,0
339.375,0,0.011444091796875,0,-0.030517578125,-0.011444091796875,0,-4.6914173799910117E-07,0,0,0,0,0
339.5,0,0.011444091796875,0,0,-0.011444091796875,0,-4.6689245485220792E-07,0,-0.0004,0,0,0
339.625,0,0.011444091796875,0,0,-0.011444091796875,0,-4.6468513555341172E-07,0,0,0,0,0
339.75,0,0.011444091796875,0,0,-0.011444091796875,0,-4.6251899720236967E-07,0,0.0002,0,0,0
339.875,0,0.011444091796875,0,0,-0.011444091796875,0,-4.6039327150495278E-07,0,0,0,0,0
340,0,0.011444091796875,0,0,-0.011444091796875,0,-4.5830720450074476E-07,0,-0.0004,0,0,0
340.125,0,0.00762939453125,0,-0.030517578125,-0.00762939453125,0,-2.5699617379871207E-08,0,0.0002,0,0,0
340.25,0,0.0152587890625,0,0.06103515625,-0.0152587890625,0,-8.9067654914649907E-07,0,0,0,0,0
340.375,0,0.00762939453125,0,-0.06103515625,-0.00762939453125,0,-2.160976575064842E-08,0,0.0008,0,0,0
340.5,0,0.00762939453125,0,0,-0.00762939453125,0,-2.5542122179186803E-08,0,-0.0002,0,0,0
340.625,0,0.00762939453125,0,0,-0.00762939453125,0,-2.9401114430316636E-08,0,0.0002,0,0,0
340.75,0,0.00762939453125,0,0,-0.00762939453125,0,-3.3188111225979746E-08,0,-0.0002,0,0,0
340.875,0,0.00762939453125,0,0,-0.00762939453125,0,-3.6904455752497989E-08,0,0,0,0,0
341,0,0.011444091796875,0,0.030517578125,-0.011444091796875,0,-4.7111190505273269E-07,0,0.0006,0,0,0
341.125,0,0.00762939453125,0,-0.030517578125,-0.00762939453125,0,-3.82654264834284E-08,0,0.0004,0,0,0
341.25,0,0.00762939453125,0,0,-0.00762939453125,0,-4.1887045858736217E-08,0,0,0,0,0
341.375,0,0.011444091796875,0,0.030517578125,-0.011444091796875,0,-4.7600153725163188E-07,0,0,0,0,0
341.5,0,0.011444091796875,0,0,-0.011444091796875,0,-4.7362427396395146E-07,0,-0.0008,0,0,0
341.625,0,0.0152587890625,0,0.030517578125,-0.0152587890625,0,-9.0185180110714074E-07,0,0.0002,0,0,0
341.75,0,0.011444091796875,0,-0.030517578125,-0.011444091796875,0,-4.6313696505657524E-07,0,0.0008,0,0,0
341.875,0,0.0152587890625,0,0.030517578125,-0.0152587890625,0,-8.9156014913097134E-07,0,0.0008,0,0,0
342,0,0.00762939453125,0,-0.06103515625,-0.00762939453125,0,-2.2476880813879004E-08,0,0.001,0,0,0
342.125,0,0.0152587890625,0,0.06103515625,-0.0152587890625,0,-8.8751393770432634E-07,0,-0.0004,0,0,0
342.25,0,0.011444091796875,0,-0.030517578125,-0.011444091796875,0,-4.4906659662108111E-07,0,0,0,0,0
342.375,0,0.0152587890625,0,0.030517578125,-0.0152587890625,0,-8.777522851313961E-07,0,0,0,0,0
342.5,0,0.011444091796875,0,-0.030517578125,-0.011444091796875,0,-4.3948706274063858E-07,0,0.0004,0,0,0
342.625,0,0.00762939453125,0,-0.030517578125,-0.00762939453125,0,-7.2305944066893469E-09,0,0.0002,0,0,0
342.75,0,0.00762939453125,0,0,-0.00762939453125,0,-1.1431216465934617E-08,0,0.0002,0,0,0
342.875,0,0.0152587890625,0,0.06103515625,-0.0152587890625,0,-8.7667434726996138E-07,0,0,0,0,0
343,0,0.00762939453125,0,-0.06103515625,-0.00762939453125,0,-7.8687965576807257E-09,0,0.0002,0,0,0
343.125,0,0.00762939453125,0,0,-0.00762939453125,0,-1.2057511970954628E-08,0,-0.0006,0,0,0
343.25,0,0.0152587890625,0,0.06103515625,-0.0152587890625,0,-8.7728895826586439E-07,0,0.0002,0,0,0
343.375,0,0.0152587890625,0,0,-0.0152587890625,0,-8.6959281886852154E-07,0,0.0004,0,0,0
343.5,0,0.00762939453125,0,-0.06103515625,-0.00762939453125,0,-9.1938499646329678E-10,0,0.0006,0,0,0
343.625,0,0.00762939453125,0,0,-0.00762939453125,0,-5.2377524064285764E-09,0,-0.0002,0,0,0
343.75,0,0.003814697265625,0,-0.030517578125,-0.003814697265625,0,4.21084884907301E-07,0,0,0,0,0
343.875,0,0.00762939453125,0,0.030517578125,-0.00762939453125,0,-1.9499302313416E-08,0,0,0,0,0
344,0,0.011444091796875,0,0.030517578125,-0.011444091796875,0,-4.540314716099005E-07,0,-0.0006,0,0,0
344.125,0,0.003814697265625,0,-0.06103515625,-0.003814697265625,0,4.0905678403153029E-07,0,0.0008,0,0,0
344.25,0,0.0152587890625,0,0.091552734375,-0.0152587890625,0,-8.9242387823763555E-07,0,0,0,0,0
344.375,0,0.00762939453125,0,-0.06103515625,-0.00762939453125,0,-2.3324495721190718E-08,0,-0.0008,0,0,0
344.5,0,0.00762939453125,0,0,-0.00762939453125,0,-2.7224861216035081E-08,0,-0.0006,0,0,0
344.625,0,0.003814697265625,0,-0.030517578125,-0.003814697265625,0,3.9950797954204718E-07,0,0.0004,0,0,0
344.75,0,0.011444091796875,0,0.06103515625,-0.011444091796875,0,-4.712340961283319E-07,0,0.0012,0,0,0
344.875,0,0.00762939453125,0,-0.030517578125,-0.00762939453125,0,-3.8385337895952582E-08,0,-0.0006,0,0,0
345,0,0.00762939453125,0,0,-0.00762939453125,0,-4.20047201388179E-08,0,0.0008,0,0,0
345.125,0,0.011444091796875,0,0.030517578125,-0.011444091796875,0,-4.7611701613642904E-07,0,0.0002,0,0,0
345.25,0,0.00762939453125,0,-0.030517578125,-0.00762939453125,0,-4.3177159496197894E-08,0,0,0,0,0
345.375,0,0.011444091796875,0,0.030517578125,-0.011444091796875,0,-4.7726758182834189E-07,0,-0.0002,0,0,0
345.5,0,0.011444091796875,0,0,-0.011444091796875,0,-4.7486669852538034E-07,0,-0.0002,0,0,0
345.625,0,0.0152587890625,0,0.030517578125,-0.0152587890625,0,-9.03071046321123E-07,0,-0.0004,0,0,0
345.75,0,0.00762939453125,0,-0.06103515625,-0.00762939453125,0,-3.3773024453853675E-08,0,-0.0006,0,0,0
345.875,0,0.00762939453125,0,0,-0.00762939453125,0,-3.7478456521494356E-08,0,0.0002,0,0,0
346,0,0.011444091796875,0,0.030517578125,-0.011444091796875,0,-4.7167519695161149E-07,0,0.0006,0,0,0
346.125,0,0.00762939453125,0,-0.030517578125,-0.00762939453125,0,-3.8818209302687106E-08,0,-0.0002,0,0,0
346.25,0,0.00762939453125,0,0,-0.00762939453125,0,-4.2429515661472266E-08,0,-0.0006,0,0,0
346.375,0,0.003814697265625,0,-0.030517578125,-0.003814697265625,0,3.8458699138842307E-07,0,0.0016,0,0,0
346.5,0,0.003814697265625,0,0,-0.003814697265625,0,3.7524416760894855E-07,0,0.0004,0,0,0
346.625,0,0.011444091796875,0,0.06103515625,-0.011444091796875,0,-4.95045229207004E-07,0,-0.0002,0,0,0
346.75,0,0.0152587890625,0,0.030517578125,-0.0152587890625,0,-9.2287311537428721E-07,0,-0.0002,0,0,0
346.875,0,0.0152587890625,0,0,-0.0152587890625,0,-9.1432653318268212E-07,0,0.0004,0,0,0
347,0,0.011444091796875,0,-0.030517578125,-0.011444091796875,0,-4.7537896175480636E-07,0,0,0,0,0
347.125,0,0.00762939453125,0,-0.030517578125,-0.00762939453125,0,-4.2452874657996431E-08,0,0.0002,0,0,0
347.25,0,0.011444091796875,0,0.030517578125,-0.011444091796875,0,-4.7655680964148054E-07,0,0.0008,0,0,0
347.375,0,0.011444091796875,0,0,-0.011444091796875,0,-4.741691868904963E-07,0,0,0,0,0
347.5,0,0.00762939453125,0,-0.030517578125,-0.00762939453125,0,-4.1265670010649812E-08,0,0,0,0,0
347.625,0,0.011444091796875,0,0.030517578125,-0.011444091796875,0,-4.7539175412887059E-07,0,0.0014,0,0,0
347.75,0,0.003814697265625,0,-0.06103515625,-0.003814697265625,0,3.880950105451712E-07,0,-0.0004,0,0,0
347.875,0,0.011444091796875,0,0.06103515625,-0.011444091796875,0,-4.824341385765948E-07,0,0.0006,0,0,0
348,0,0.003814697265625,0,-0.06103515625,-0.003814697265625,0,3.8118401264680767E-07,0,0.0008,0,0,0
348.125,0,0.003814697265625,0,0,-0.003814697265625,0,3.7190467668708047E-07,0,0.0008,0,0,0
348.25,0,0.00762939453125,0,0.030517578125,-0.00762939453125,0,-6.7761977856620557E-08,0,-0.0002,0,0,0
348.375,0,0.0152587890625,0,0.06103515625,-0.0152587890625,0,-9.3195417137982685E-07,0,0,0,0,0
348.5,0,0.00762939453125,0,-0.06103515625,-0.00762939453125,0,-6.2117290243458173E-08,0,0,0,0,0
348.625,0,0.011444091796875,0,0.030517578125,-0.011444091796875,0,-4.9585435520896092E-07,0,0,0,0,0
348.75,0,0.00762939453125,0,-0.030517578125,-0.00762939453125,0,-6.2546268050564852E-08,0,0,0,0,0
348.875,0,0.011444091796875,0,0.030517578125,-0.011444091796875,0,-4.9627532977309691E-07,0,0.0004,0,0,0
349,0,0.0152587890625,0,0.030517578125,-0.0152587890625,0,-9.2408026651608422E-07,0,0.0002,0,0,0
349.125,0,0.011444091796875,0,-0.030517578125,-0.011444091796875,0,-4.8495072414135475E-07,0,0.0002,0,0,0
349.25,0,0.011444091796875,0,0,-0.011444091796875,0,-4.8240649996226712E-07,0,-0.0002,0,0,0
349.375,0,0.00762939453125,0,-0.030517578125,-0.00762939453125,0,-4.9349303295618642E-08,0,0.0008,0,0,0
349.5,0,0.011444091796875,0,0.030517578125,-0.011444091796875,0,-4.83324574760612E-07,0,-0.0002,0,0,0
349.625,0,0.011444091796875,0,0,-0.011444091796875,0,-4.80810688907622E-07,0,0.0002,0,0,0
349.75,0,0.0152587890625,0,0.030517578125,-0.0152587890625,0,-9.0890414239028746E-07,0,0.0008,0,0,0
349.875,0,0.00762939453125,0,-0.06103515625,-0.00762939453125,0,-3.9497295114478446E-08,0,0,0,0,0
350,0,0.00762939453125,0,0,-0.00762939453125,0,-4.30959320795102E-08,0,0.001,0,0,0
350.125,0,0.011444091796875,0,0.030517578125,-0.011444091796875,0,-4.77187869834459E-07,0,0,0,0,0
350.25,0,0.011444091796875,0,0,-0.011444091796875,0,-4.7478847368175125E-07,0,0.0004,0,0,0
350.375,0,0.011444091796875,0,0,-0.011444091796875,0,-4.7243384196691163E-07,0,0,0,0,0
350.5,0,0.011444091796875,0,0,-0.011444091796875,0,-4.7012313954027328E-07,0,-0.0008,0,0,0
350.625,0,0.011444091796875,0,0,-0.011444091796875,0,-4.6785554683317512E-07,0,0,0,0,0
350.75,0,0.003814697265625,0,-0.06103515625,-0.003814697265625,0,3.95490618264232E-07,0,0,0,0,0
350.875,0,0.00762939453125,0,0.030517578125,-0.00762939453125,0,-4.4616068416346567E-08,0,0.0006,0,0,0
351,0,0.011444091796875,0,0.030517578125,-0.011444091796875,0,-4.7867964568212615E-07,0,0,0,0,0
351.125,0,0.00762939453125,0,-0.030517578125,-0.00762939453125,0,-4.5691979233186278E-08,0,0.0006,0,0,0
351.25,0,0.011444091796875,0,0.030517578125,-0.011444091796875,0,-4.7973548372238094E-07,0,-0.0002,0,0,0
351.375,0,0.00762939453125,0,-0.030517578125,-0.00762939453125,0,-4.6728118985478733E-08,0,0.0006,0,0,0
351.5,0,0.003814697265625,0,-0.030517578125,-0.003814697265625,0,3.8036858514283571E-07,0,-0.0002,0,0,0
351.625,0,0.011444091796875,0,0.06103515625,-0.011444091796875,0,-4.9001641558998037E-07,0,0.0008,0,0,0
351.75,0,0.011444091796875,0,0,-0.011444091796875,0,-4.8737768311977313E-07,0,0.0006,0,0,0
351.875,0,0.0152587890625,0,0.030517578125,-0.0152587890625,0,-9.1534861919152317E-07,0,0.0004,0,0,0
352,0,0.011444091796875,0,-0.030517578125,-0.011444091796875,0,-4.7638197917191567E-07,0,0.0002,0,0,0
352.125,0,0.011444091796875,0,0,-0.011444091796875,0,-4.7399761815313162E-07,0,-0.0004,0,0,0
352.25,0,0.00762939453125,0,-0.030517578125,-0.00762939453125,0,-4.1097302152837749E-08,0,-0.0004,0,0,0
352.375,0,0.011444091796875,0,0.030517578125,-0.011444091796875,0,-4.7522652743326365E-07,0,0,0,0,0
352.5,0,0.00762939453125,0,-0.030517578125,-0.00762939453125,0,-4.2303284233951826E-08,0,0.0008,0,0,0
352.625,0,0.011444091796875,0,0.030517578125,-0.011444091796875,0,-4.7641001005763768E-07,0,0.0002,0,0,0
352.75,0,0.011444091796875,0,0,-0.011444091796875,0,-4.740251260794245E-07,0,-0.0006,0,0,0
352.875,0,0.00762939453125,0,-0.030517578125,-0.00762939453125,0,-4.1124296876316683E-08,0,0.0002,0,0,0
353,0,0.0152587890625,0,0.06103515625,-0.0152587890625,0,-9.0581345744427225E-07,0,0.0002,0,0,0
353.125,0,0.0152587890625,0,0,-0.0152587890625,0,-8.9758514949704223E-07,0,0.0002,0,0,0
353.25,0,0.00762939453125,0,-0.06103515625,-0.00762939453125,0,-2.8389475500613366E-08,0,-0.0006,0,0,0
353.375,0,0.011444091796875,0,0.030517578125,-0.011444091796875,0,-4.6275578489737847E-07,0,-0.0008,0,0,0
353.5,0,0.011444091796875,0,0,-0.011444091796875,0,-4.6062564156011116E-07,0,0.0002,0,0,0
353.625,0,0.0152587890625,0,0.030517578125,-0.0152587890625,0,-8.8909567824969439E-07,0,0.0002,0,0,0
353.75,0,0.00762939453125,0,-0.06103515625,-0.00762939453125,0,-2.0058388439951942E-08,0,-0.0002,0,0,0
353.875,0,0.00762939453125,0,0,-0.00762939453125,0,-2.4019688206236498E-08,0,0.0002,0,0,0
354,0,0.011444091796875,0,0.030517578125,-0.011444091796875,0,-4.5846752272823585E-07,0,0.0006,0,0,0
354.125,0,0.003814697265625,0,-0.06103515625,-0.003814697265625,0,4.0470349429232043E-07,0,0.001,0,0,0
354.25,0,0.011444091796875,0,0.06103515625,-0.011444091796875,0,-4.6613551172320778E-07,0,-0.0002,0,0,0
354.375,0,0.003814697265625,0,-0.06103515625,-0.003814697265625,0,3.9717856346494273E-07,0,0.0002,0,0,0
354.5,0,0.00762939453125,0,0.030517578125,-0.00762939453125,0,-4.29596144381156E-08,0,0,0,0,0
354.625,0,0.00762939453125,0,0,-0.00762939453125,0,-4.6493656493270691E-08,0,0,0,0,0
354.75,0,0.00762939453125,0,0,-0.00762939453125,0,-4.9961765540313379E-08,0,0,0,0,0
354.875,0,0.011444091796875,0,0.030517578125,-0.011444091796875,0,-4.8392561057700793E-07,0,0,0,0,0
355,0,0.011444091796875,0,0,-0.011444091796875,0,-4.8140051147337189E-07,0,0.0002,0,0,0
355.125,0,0.003814697265625,0,-0.06103515625,-0.003814697265625,0,3.8219835584137348E-07,0,0,0,0,0
355.25,0,0.011444091796875,0,0.06103515625,-0.011444091796875,0,-4.88220782087443E-07,0,0.0006,0,0,0
355.375,0,0.011444091796875,0,0,-0.011444091796875,0,-4.856155499311658E-07,0,0,0,0,0
355.5,0,0.011444091796875,0,0,-0.011444091796875,0,-4.8305892240104018E-07,0,-0.0004,0,0,0
355.625,0,0.00762939453125,0,-0.030517578125,-0.00762939453125,0,-4.9989553787007646E-08,0,0,0,0,0
355.75,0,0.003814697265625,0,-0.030517578125,-0.003814697265625,0,3.7716799744042767E-07,0,0.0004,0,0,0
355.875,0,0.00762939453125,0,0.030517578125,-0.00762939453125,0,-6.2596852474045014E-08,0,0,0,0,0
356,0,0.011444091796875,0,0.030517578125,-0.011444091796875,0,-4.9632497046609742E-07,0,0.0002,0,0,0
356.125,0,0.00762939453125,0,-0.030517578125,-0.00762939453125,0,-6.3008103253847338E-08,0,0.0002,0,0,0
356.25,0,0.0152587890625,0,0.06103515625,-0.0152587890625,0,-9.2728898764373209E-07,0,0.001,0,0,0
356.375,0,0.00762939453125,0,-0.06103515625,-0.00762939453125,0,-5.7539142709060368E-08,0,-0.0002,0,0,0
356.5,0,0.0152587890625,0,0.06103515625,-0.0152587890625,0,-9.2192205899736011E-07,0,-0.0004,0,0,0
356.625,0,0.00762939453125,0,-0.06103515625,-0.00762939453125,0,-5.22723423985874E-08,0,0.0002,0,0,0
356.75,0,0.019073486328125,0,0.091552734375,-0.019073486328125,0,-1.3473139578899194E-06,0,-0.0004,0,0,0
356.875,0,0.00762939453125,0,-0.091552734375,-0.00762939453125,0,-4.1335220033973641E-08,0,-0.0004,0,0,0
357,0,0.011444091796875,0,0.030517578125,-0.011444091796875,0,-4.7546000658918285E-07,0,-0.0004,0,0,0
357.125,0,0.011444091796875,0,0,-0.011444091796875,0,-4.73092846391676E-07,0,0.0006,0,0,0
357.25,0,0.00762939453125,0,-0.030517578125,-0.00762939453125,0,-4.0209410304794845E-08,0,-0.0004,0,0,0
357.375,0,0.0152587890625,0,0.06103515625,-0.0152587890625,0,-9.0491563949355359E-07,0,-0.0002,0,0,0
357.5,0,0.011444091796875,0,-0.030517578125,-0.011444091796875,0,-4.66143642809913E-07,0,0.0008,0,0,0
357.625,0,0.00762939453125,0,-0.030517578125,-0.00762939453125,0,-3.3389854839545556E-08,0,0.0002,0,0,0
357.75,0,0.011444091796875,0,0.030517578125,-0.011444091796875,0,-4.676628744433842E-07,0,0.0008,0,0,0
357.875,0,0.0152587890625,0,0.030517578125,-0.0152587890625,0,-8.9600162069399117E-07,0,0.0006,0,0,0
358,0,0.00762939453125,0,-0.06103515625,-0.00762939453125,0,-2.6835489871013074E-08,0,-0.0006,0,0,0
358.125,0,0.003814697265625,0,-0.030517578125,-0.003814697265625,0,3.9989008656376762E-07,0,0.0006,0,0,0
358.25,0,0.00762939453125,0,0.030517578125,-0.00762939453125,0,-4.0298678986998821E-08,0,-0.0002,0,0,0
358.375,0,0.003814697265625,0,-0.030517578125,-0.003814697265625,0,3.8667807401652367E-07,0,-0.0006,0,0,0
358.5,0,0.003814697265625,0,0,-0.003814697265625,0,3.77296237863758E-07,0,0.0004,0,0,0
358.625,0,0.00762939453125,0,0.030517578125,-0.00762939453125,0,-6.2471004573706736E-08,0,-0.0006,0,0,0
358.75,0,0.00762939453125,0,0,-0.00762939453125,0,-6.5641031536789665E-08,0,0.0004,0,0,0
358.875,0,0.00762939453125,0,0,-0.00762939453125,0,-6.8751916755034388E-08,0,0.0006,0,0,0
359,0,0.00762939453125,0,0,-0.00762939453125,0,-7.1804763608955717E-08,0,-0.0004,0,0,0
359.125,0,0.011444091796875,0,0.030517578125,-0.011444091796875,0,-5.053610938095553E-07,0,0.0002,0,0,0
359.25,0,0.011444091796875,0,0,-0.011444091796875,0,-5.0243608268795017E-07,0,0.0004,0,0,0
359.375,0,0.00762939453125,0,-0.030517578125,-0.00762939453125,0,-6.9005203246810072E-08,0,-0.0004,0,0,0
359.5,0,0.00762939453125,0,0,-0.00762939453125,0,-7.20533246503671E-08,0,0,0,0,0
359.625,0,0.00762939453125,0,0,-0.00762939453125,0,-7.5044578645418009E-08,0,0.0002,0,0,0
359.75,0,0.003814697265625,0,-0.030517578125,-0.003814697265625,0,3.5258041273452941E-07,0,0.0002,0,0,0
359.875,0,0.003814697265625,0,0,-0.003814697265625,0,3.4383472107094441E-07,0,-0.001,0,0,0
360,0,0.011444091796875,0,0.06103515625,-0.011444091796875,0,-5.2586868405020769E-07,0,0.0004,0,0,0
360.125,0,0.00762939453125,0,-0.030517578125,-0.00762939453125,0,-9.2000633270526544E-08,0,0.0004,0,0,0
360.25,0,0.00762939453125,0,0,-0.00762939453125,0,-9.4619739441486029E-08,0,-0.0006,0,0,0
360.375,0,0.011444091796875,0,0.030517578125,-0.011444091796875,0,-5.277504210608934E-07,0,0.0004,0,0,0
360.5,0,0.003814697265625,0,-0.06103515625,-0.003814697265625,0,3.3671317534228636E-07,0,0.0006,0,0,0
360.625,0,0.019073486328125,0,0.1220703125,-0.019073486328125,0,-1.3939782441851571E-06,0,0.0004,0,0,0
360.75,0,0.003814697265625,0,-0.1220703125,-0.003814697265625,0,3.4343152685759055E-07,0,0.0004,0,0,0
360.875,0,0.011444091796875,0,0.06103515625,-0.011444091796875,0,-5.2626435605332043E-07,0,0.0002,0,0,0
361,0,0.011444091796875,0,0,-0.011444091796875,0,-5.2294936231759121E-07,0,-0.0008,0,0,0
361.125,0,0.003814697265625,0,-0.06103515625,-0.003814697265625,0,3.41424662925956E-07,0,0.0002,0,0,0
361.25,0,0.003814697265625,0,0,-0.003814697265625,0,3.3288709899009731E-07,0,0.001,0,0,0
361.375,0,0.00762939453125,0,0.030517578125,-0.00762939453125,0,-1.0605162243150948E-07,0,-0.0006,0,0,0
361.5,0,0.00762939453125,0,0,-0.00762939453125,0,-1.0840858571682137E-07,0,0.0002,0,0,0
361.625,0,0.00762939453125,0,0,-0.00762939453125,0,-1.1072157621488687E-07,0,0.0002,0,0,0
361.75,0,0.0152587890625,0,0.06103515625,-0.0152587890625,0,-9.74112292137415E-07,0,0.0004,0,0,0
361.875,0,0.011444091796875,0,-0.030517578125,-0.011444091796875,0,-5.34049325117566E-07,0,-0.0004,0,0,0
362,0,0.00762939453125,0,-0.030517578125,-0.00762939453125,0,-1.0002865185477891E-07,0,0.0012,0,0,0
362.125,0,0.011444091796875,0,0.030517578125,-0.011444091796875,0,-5.3305842186632791E-07,0,0.0004,0,0,0
362.25,0,0.00762939453125,0,-0.030517578125,-0.00762939453125,0,-9.9056235432809579E-08,0,0,0,0,0
362.375,0,0.011444091796875,0,0.030517578125,-0.011444091796875,0,-5.3210414737329935E-07,0,0,0,0,0
362.5,0,0.00762939453125,0,-0.030517578125,-0.00762939453125,0,-9.8119764403041648E-08,0,0.0002,0,0,0
362.625,0,0.003814697265625,0,-0.030517578125,-0.003814697265625,0,3.2993573017579478E-07,0,0.0002,0,0,0
362.75,0,0.00762939453125,0,0.030517578125,-0.00762939453125,0,-1.0894792890616266E-07,0,0.0006,0,0,0
362.875,0,0.00762939453125,0,0,-0.00762939453125,0,-1.1125085712474104E-07,0,-0.001,0,0,0
363,0,0.011444091796875,0,0.030517578125,-0.011444091796875,0,-5.4407125957938053E-07,0,0.0002,0,0,0
363.125,0,0.00762939453125,0,-0.030517578125,-0.00762939453125,0,-1.098636116638134E-07,0,0.0006,0,0,0
363.25,0,0.0152587890625,0,0.06103515625,-0.0152587890625,0,-9.7327033423901388E-07,0,0.0004,0,0,0
363.375,0,0.00762939453125,0,-0.06103515625,-0.00762939453125,0,-1.0266263632727762E-07,0,-0.0008,0,0,0
363.5,0,0.00762939453125,0,0,-0.00762939453125,0,-1.0508282637809366E-07,0,0,0,0,0
363.625,0,0.00762939453125,0,0,-0.00762939453125,0,-1.0745786404878417E-07,0,0,0,0,0
363.75,0,0.003814697265625,0,-0.030517578125,-0.003814697265625,0,3.2077184718907566E-07,0,-0.0006,0,0,0
363.875,0,0.0152587890625,0,0.091552734375,-0.0152587890625,0,-9.79061723345982E-07,0,-0.0004,0,0,0
364,0,0.00762939453125,0,-0.06103515625,-0.00762939453125,0,-1.0834597813344634E-07,0,-0.0002,0,0,0
364.125,0,0.00762939453125,0,0,-0.00762939453125,0,-1.1066013667259289E-07,0,0.0004,0,0,0
364.25,0,0.00762939453125,0,0,-0.00762939453125,0,-1.1293112101308712E-07,0,0.0008,0,0,0
364.375,0,0.00762939453125,0,0,-0.00762939453125,0,-1.1515973663622935E-07,0,-0.0008,0,0,0
364.5,0,0.003814697265625,0,-0.030517578125,-0.003814697265625,0,3.1321366491992986E-07,0,0.0008,0,0,0
364.625,0,0.00762939453125,0,0.030517578125,-0.00762939453125,0,-1.2535801822994638E-07,0,-0.0008,0,0,0
364.75,0,0.003814697265625,0,-0.030517578125,-0.003814697265625,0,3.032056480068694E-07,0,0.0012,0,0,0
364.875,0,0.011444091796875,0,0.06103515625,-0.011444091796875,0,-5.6573975905932879E-07,0,0.0004,0,0,0
365,0,0.011444091796875,0,0,-0.011444091796875,0,-5.6168829076387023E-07,0,0,0,0,0
365.125,0,0.00762939453125,0,-0.030517578125,-0.00762939453125,0,-1.2715196994575259E-07,0,0.0002,0,0,0
365.25,0,0.011444091796875,0,0.030517578125,-0.011444091796875,0,-5.596757126028396E-07,0,0,0,0,0
365.375,0,0.003814697265625,0,-0.06103515625,-0.003814697265625,0,3.0538349937971771E-07,0,0.0002,0,0,0
365.5,0,0.00762939453125,0,0.030517578125,-0.00762939453125,0,-1.330420999488494E-07,0,0.001,0,0,0
365.625,0,0.00762939453125,0,0,-0.00762939453125,0,-1.3489551422559402E-07,0,0,0,0,0
365.75,0,0.00762939453125,0,0,-0.00762939453125,0,-1.3671435019890109E-07,0,0.0008,0,0,0
365.875,0,0.003814697265625,0,-0.030517578125,-0.003814697265625,0,2.9206118593537223E-07,0,-0.0002,0,0,0
366,0,0.0152587890625,0,0.091552734375,-0.0152587890625,0,-1.0072367429090069E-06,0,0.0004,0,0,0
366.125,0,0.011444091796875,0,-0.030517578125,-0.011444091796875,0,-5.66555788143863E-07,0,0.001,0,0,0
366.25,0,0.00762939453125,0,-0.030517578125,-0.00762939453125,0,-1.3192865665082024E-07,0,-0.0004,0,0,0
366.375,0,0.00762939453125,0,0,-0.00762939453125,0,-1.3380284393050483E-07,0,0,0,0,0
366.5,0,0.00762939453125,0,0,-0.00762939453125,0,-1.3564206535432605E-07,0,0.0006,0,0,0
366.625,0,0.011444091796875,0,0.030517578125,-0.011444091796875,0,-5.6800741218003579E-07,0,0,0,0,0
366.75,0,0.0152587890625,0,0.030517578125,-0.0152587890625,0,-9.94474076232024E-07,0,-0.0002,0,0,0
366.875,0,0.00762939453125,0,-0.06103515625,-0.00762939453125,0,-1.2347078979275495E-07,0,0.0006,0,0,0
367,0,0.00762939453125,0,0,-0.00762939453125,0,-1.2550277163047344E-07,0,-0.0006,0,0,0
367.125,0,0.00762939453125,0,0,-0.00762939453125,0,-1.2749684371134704E-07,0,-0.0002,0,0,0
367.25,0,0.003814697265625,0,-0.030517578125,-0.003814697265625,0,3.0110672561536282E-07,0,0,0,0,0
367.375,0,0.00762939453125,0,0.030517578125,-0.00762939453125,0,-1.3723908389890687E-07,0,0.0004,0,0,0
367.5,0,0.011444091796875,0,0.030517578125,-0.011444091796875,0,-5.6957463587922085E-07,0,0.0006,0,0,0
367.625,0,0.00762939453125,0,-0.030517578125,-0.00762939453125,0,-1.3489118312312605E-07,0,-0.0002,0,0,0
367.75,0,0.00762939453125,0,0,-0.00762939453125,0,-1.3671009989983322E-07,0,-0.0002,0,0,0
367.875,0,0.00762939453125,0,0,-0.00762939453125,0,-1.38495081977201E-07,0,-0.0012,0,0,0
368,0,0.0152587890625,0,0.06103515625,-0.0152587890625,0,-1.0013676402909183E-06,0,0.0004,0,0,0
368.125,0,0.00762939453125,0,-0.06103515625,-0.00762939453125,0,-1.30235743776295E-07,0,-0.001,0,0,0
368.25,0,0.011444091796875,0,0.030517578125,-0.011444091796875,0,-5.627019538738333E-07,0,0,0,0,0
368.375,0,0.011444091796875,0,0,-0.011444091796875,0,-5.5870716052191341E-07,0,0,0,0,0
368.5,0,0,0,-0.091552734375,0,0,7.3689442054270171E-07,0,-0.001,0,0,0
368.625,0,0.00762939453125,0,0.06103515625,-0.00762939453125,0,-1.3797435984609109E-07,0,0.0002,0,0,0
368.75,0,0.011444091796875,0,0.030517578125,-0.011444091796875,0,-5.7029619411896581E-07,0,0,0,0,0
368.875,0,0.00762939453125,0,-0.030517578125,-0.00762939453125,0,-1.3559927958043256E-07,0,0.0004,0,0,0
369,0,0.0152587890625,0,0.06103515625,-0.0152587890625,0,-9.9852586355653258E-07,0,0.001,0,0,0
369.125,0,0.00762939453125,0,-0.06103515625,-0.00762939453125,0,-1.2744698477219008E-07,0,-0.0004,0,0,0
369.25,0,0.003814697265625,0,-0.030517578125,-0.003814697265625,0,3.0115565435906975E-07,0,0.0002,0,0,0
369.375,0,0.011444091796875,0,0.06103515625,-0.011444091796875,0,-5.6775150691217142E-07,0,-0.0006,0,0,0
369.5,0,0.00762939453125,0,-0.030517578125,-0.00762939453125,0,-1.3310206744032693E-07,0,0.0002,0,0,0
369.625,0,0.00762939453125,0,0,-0.00762939453125,0,-1.3495436293097894E-07,0,0.0002,0,0,0
369.75,0,0.00762939453125,0,0,-0.00762939453125,0,-1.3677210099087438E-07,0,0.0006,0,0,0
369.875,0,0.00762939453125,0,0,-0.00762939453125,0,-1.3855592634221154E-07,0,0,0,0,0
370,0,0.011444091796875,0,0.030517578125,-0.011444091796875,0,-5.7086691059465412E-07,0,0.0002,0,0,0
370.125,0,0.011444091796875,0,0,-0.011444091796875,0,-5.6671978737531617E-07,0,-0.0002,0,0,0
370.25,0,0.011444091796875,0,0,-0.011444091796875,0,-5.6265003513928752E-07,0,0.0004,0,0,0
370.375,0,0.011444091796875,0,0,-0.011444091796875,0,-5.586562104114792E-07,0,0.0004,0,0,0
370.5,0,0.011444091796875,0,0,-0.011444091796875,0,-5.5473689664705733E-07,0,-0.0004,0,0,0
370.625,0,0.00762939453125,0,-0.030517578125,-0.00762939453125,0,-1.2033026481326505E-07,0,0,0,0,0
370.75,0,0.011444091796875,0,0.030517578125,-0.011444091796875,0,-5.5298127690654473E-07,0,-0.0004,0,0,0
370.875,0,0.00762939453125,0,-0.030517578125,-0.00762939453125,0,-1.186073988682045E-07,0,-0.0002,0,0,0
371,0,0.00762939453125,0,0,-0.00762939453125,0,-1.2073011476858487E-07,0,0.0002,0,0,0
371.125,0,0.0152587890625,0,0.06103515625,-0.0152587890625,0,-9.83934105959671E-07,0,0.0002,0,0,0
371.25,0,0.0152587890625,0,0,-0.0152587890625,0,-9.74248336762143E-07,0,-0.0004,0,0,0
371.375,0,0.011444091796875,0,-0.030517578125,-0.011444091796875,0,-5.3418283161988177E-07,0,0,0,0,0
371.5,0,0.00762939453125,0,-0.030517578125,-0.00762939453125,0,-1.0015966758727275E-07,0,-0.0004,0,0,0
371.625,0,0.00762939453125,0,0,-0.00762939453125,0,-1.0262655438240147E-07,0,-0.0002,0,0,0
371.75,0,0.011444091796875,0,0.030517578125,-0.011444091796875,0,-5.3560785651333227E-07,0,0.001,0,0,0
371.875,0,0.00762939453125,0,-0.030517578125,-0.00762939453125,0,-1.0155810644230216E-07,0,-0.0008,0,0,0
372,0,0.00762939453125,0,0,-0.00762939453125,0,-1.0399890320258287E-07,0,0,0,0,0
372.125,0,0.0152587890625,0,0.06103515625,-0.0152587890625,0,-9.6751504096427986E-07,0,0,0,0,0
372.25,0,0.011444091796875,0,-0.030517578125,-0.011444091796875,0,-5.2757515584564457E-07,0,0.0004,0,0,0
372.375,0,0.0152587890625,0,0.030517578125,-0.0152587890625,0,-9.5479614603277588E-07,0,0,0,0,0
372.5,0,0.011444091796875,0,-0.030517578125,-0.011444091796875,0,-5.150935515263098E-07,0,0,0,0,0
372.625,0,0.00762939453125,0,-0.030517578125,-0.00762939453125,0,-8.1426527471558022E-08,0,-0.0002,0,0,0
372.75,0,0.00762939453125,0,0,-0.00762939453125,0,-8.4242909903677954E-08,0,0.0002,0,0,0
372.875,0,0.0152587890625,0,0.06103515625,-0.0152587890625,0,-9.4812762620691927E-07,0,0,0,0,0
373,0,0.00762939453125,0,-0.06103515625,-0.00762939453125,0,-7.79890043126089E-08,0,-0.0004,0,0,0
373.125,0,0.011444091796875,0,0.030517578125,-0.011444091796875,0,-5.11429957959642E-07,0,0,0,0,0
373.25,0,0.003814697265625,0,-0.06103515625,-0.003814697265625,0,3.5272915501938521E-07,0,0.0004,0,0,0
373.375,0,0.003814697265625,0,0,-0.003814697265625,0,3.4398068833894388E-07,0,-0.0006,0,0,0
373.5,0,0.00762939453125,0,0.030517578125,-0.00762939453125,0,-9.51650011110898E-08,0,-0.0004,0,0,0
373.625,0,0.011444091796875,0,0.030517578125,-0.011444091796875,0,-5.2828551003262765E-07,0,0,0,0,0
373.75,0,0.0152587890625,0,0.030517578125,-0.0152587890625,0,-9.5549324746621431E-07,0,0.0002,0,0,0
373.875,0,0.0152587890625,0,0,-0.0152587890625,0,-9.4633808637252523E-07,0,0.0004,0,0,0
374,0,0.011444091796875,0,-0.030517578125,-0.011444091796875,0,-5.0679329002111534E-07,0,0,0,0,0
374.125,0,0.0152587890625,0,0.030517578125,-0.0152587890625,0,-9.3440199798483647E-07,0,-0.0002,0,0,0
374.25,0,0.003814697265625,0,-0.091552734375,-0.003814697265625,0,3.6604099004997675E-07,0,0.0008,0,0,0
374.375,0,0.011444091796875,0,0.06103515625,-0.011444091796875,0,-5.0407670728668684E-07,0,0,0,0,0
374.5,0,0.00762939453125,0,-0.030517578125,-0.00762939453125,0,-7.0615219461919837E-08,0,-0.0004,0,0,0
374.625,0,0.011444091796875,0,0.030517578125,-0.011444091796875,0,-5.04193742444233E-07,0,0,0,0,0
374.75,0,0.019073486328125,0,0.06103515625,-0.019073486328125,0,-1.3624113878952577E-06,0,-0.0008,0,0,0
374.875,0,0.011444091796875,0,-0.06103515625,-0.011444091796875,0,-4.8671142310064569E-07,0,0,0,0,0
375,0,0.011444091796875,0,0,-0.011444091796875,0,-4.841343503654416E-07,0,0.001,0,0,0
375.125,0,0.00762939453125,0,-0.030517578125,-0.00762939453125,0,-5.1044917983181484E-08,0,-0.0006,0,0,0
375.25,0,0.00762939453125,0,0,-0.00762939453125,0,-5.4428116223829489E-08,0,-0.0006,0,0,0
375.375,0,0.011444091796875,0,0.030517578125,-0.011444091796875,0,-4.883086345962531E-07,0,-0.0002,0,0,0
375.5,0,0.011444091796875,0,0,-0.011444091796875,0,-4.8570176341585411E-07,0,0.0002,0,0,0
375.625,0,0.0152587890625,0,0.030517578125,-0.0152587890625,0,-9.1370396635588409E-07,0,-0.0004,0,0,0
375.75,0,0.0152587890625,0,0,-0.0152587890625,0,-9.0532844878863236E-07,0,-0.001,0,0,0
375.875,0,0.011444091796875,0,-0.030517578125,-0.011444091796875,0,-4.6654875051056353E-07,0,0.0006,0,0,0
376,0,0.003814697265625,0,-0.06103515625,-0.003814697265625,0,3.9677303428485646E-07,0,0,0,0,0
376.125,0,0.011444091796875,0,0.06103515625,-0.011444091796875,0,-4.7391801676130617E-07,0,-0.0002,0,0,0
376.25,0,0.00762939453125,0,-0.030517578125,-0.00762939453125,0,-4.1019185847814058E-08,0,0.0002,0,0,0
376.375,0,0.011444091796875,0,0.030517578125,-0.011444091796875,0,-4.7514986850845573E-07,0,-0.0006,0,0,0
376.5,0,0.003814697265625,0,-0.06103515625,-0.003814697265625,0,3.8833238341607026E-07,0,0,0,0,0
376.625,0,0.00762939453125,0,0.030517578125,-0.00762939453125,0,-5.1640755347152315E-08,0,-0.0004,0,0,0
376.75,0,0.003814697265625,0,-0.030517578125,-0.003814697265625,0,3.7554760159344688E-07,0,0.0006,0,0,0
376.875,0,0.00762939453125,0,0.030517578125,-0.00762939453125,0,-6.418701733597898E-08,0,0.0004,0,0,0
377,0,0.00762939453125,0,0,-0.00762939453125,0,-6.7325029432908628E-08,0,0.0004,0,0,0
377.125,0,0.00762939453125,0,0,-0.00762939453125,0,-7.0404497071732047E-08,0,-0.0006,0,0,0
377.25,0,0.00762939453125,0,0,-0.00762939453125,0,-7.3426512489658368E-08,0,-0.0002,0,0,0
377.375,0,0.011444091796875,0,0.030517578125,-0.011444091796875,0,-5.0695258646227917E-07,0,-0.0002,0,0,0
377.5,0,0.003814697265625,0,-0.06103515625,-0.003814697265625,0,3.57122994242188E-07,0,-0.0006,0,0,0
377.625,0,0.011444091796875,0,0.06103515625,-0.011444091796875,0,-5.1282832412083436E-07,0,0.0004,0,0,0
377.75,0,0.00762939453125,0,-0.030517578125,-0.00762939453125,0,-7.9203561378927939E-08,0,-0.001,0,0,0
377.875,0,0.00762939453125,0,0,-0.00762939453125,0,-8.2061416673886386E-08,0,0,0,0,0
378,0,0.00762939453125,0,0,-0.00762939453125,0,-8.486595426820465E-08,0,0,0,0,0
378.125,0,0.003814697265625,0,-0.030517578125,-0.003814697265625,0,3.4294227002988751E-07,0,-0.0004,0,0,0
378.25,0,0.00762939453125,0,0.030517578125,-0.00762939453125,0,-9.6184046124150642E-08,0,-0.0002,0,0,0
378.375,0,0.003814697265625,0,-0.030517578125,-0.003814697265625,0,3.3183533464308038E-07,0,-0.001,0,0,0
378.5,0,0.00762939453125,0,0.030517578125,-0.00762939453125,0,-1.0708376449159773E-07,0,0,0,0,0
378.625,0,0.00762939453125,0,0,-0.00762939453125,0,-1.0942147157402383E-07,0,0.0014,0,0,0
378.75,0,0.011444091796875,0,0.030517578125,-0.011444091796875,0,-5.422760040391367E-07,0,0.0004,0,0,0
378.875,0,0.0152587890625,0,0.030517578125,-0.0152587890625,0,-9.69222727217536E-07,0,0.0008,0,0,0
379,0,0.003814697265625,0,-0.091552734375,-0.003814697265625,0,3.31869895254884E-07,0,0.0004,0,0,0
379.125,0,0.00762939453125,0,0.030517578125,-0.00762939453125,0,-1.0704984866133969E-07,0,-0.0012,0,0,0
379.25,0,0.011444091796875,0,0.030517578125,-0.011444091796875,0,-5.3994862741166967E-07,0,0,0,0,0
379.375,0,0.011444091796875,0,0,-0.011444091796875,0,-5.3637833247680324E-07,0,0,0,0,0
379.5,0,0.011444091796875,0,0,-0.011444091796875,0,-5.32874646903464E-07,0,0.0012,0,0,0
379.625,0,0.00762939453125,0,-0.030517578125,-0.00762939453125,0,-9.8875889075471177E-08,0,0,0,0,0
379.75,0,0.011444091796875,0,0.030517578125,-0.011444091796875,0,-5.3192716565555936E-07,0,0.0006,0,0,0
379.875,0,0.011444091796875,0,0,-0.011444091796875,0,-5.2850652346810932E-07,0,0,0,0,0
380,0,0.00762939453125,0,-0.030517578125,-0.00762939453125,0,-9.4589259723493E-08,0,0.0002,0,0,0
380.125,0,0.00762939453125,0,0,-0.00762939453125,0,-9.71600710733214E-08,0,-0.0002,0,0,0
380.25,0,0.00762939453125,0,0,-0.00762939453125,0,-9.9682919970259238E-08,0,-0.0002,0,0,0
380.375,0,0.003814697265625,0,-0.030517578125,-0.003814697265625,0,3.2840173768787445E-07,0,-0.0002,0,0,0
380.5,0,0.011444091796875,0,0.06103515625,-0.011444091796875,0,-5.4101374131278615E-07,0,0.0002,0,0,0
380.625,0,0.0152587890625,0,0.030517578125,-0.0152587890625,0,-9.67984013950212E-07,0,0.0004,0,0,0
380.75,0,0.00762939453125,0,-0.06103515625,-0.00762939453125,0,-9.74749405010731E-08,0,-0.0004,0,0,0
380.875,0,0.00762939453125,0,0,-0.00762939453125,0,-9.9991915022944E-08,0,-0.0002,0,0,0
381,0,0.003814697265625,0,-0.030517578125,-0.003814697265625,0,3.2809850741472466E-07,0,0.0002,0,0,0
381.125,0,0.00762939453125,0,0.030517578125,-0.00762939453125,0,-1.1075087544150614E-07,0,0.0006,0,0,0
381.25,0,0.00762939453125,0,0,-0.00762939453125,0,-1.1302016691024233E-07,0,0.0002,0,0,0
381.375,0,0.011444091796875,0,0.030517578125,-0.011444091796875,0,-5.4580756016051457E-07,0,0,0,0,0
381.5,0,0.003814697265625,0,-0.06103515625,-0.003814697265625,0,3.1899292003752703E-07,0,0,0,0,0
381.625,0,0.003814697265625,0,0,-0.003814697265625,0,3.1087385488090064E-07,0,0.0004,0,0,0
381.75,0,0.00762939453125,0,0.030517578125,-0.00762939453125,0,-1.2765417550200875E-07,0,0.0004,0,0,0
381.875,0,0.011444091796875,0,0.030517578125,-0.011444091796875,0,-5.6016854873946293E-07,0,0.0002,0,0,0
382,0,0.011444091796875,0,0,-0.011444091796875,0,-5.5622101996976059E-07,0,-0.0006,0,0,0
382.125,0,0.003814697265625,0,-0.06103515625,-0.003814697265625,0,3.0877373939060166E-07,0,0.001,0,0,0
382.25,0,0.0152587890625,0,0.091552734375,-0.0152587890625,0,-9.9083598792853943E-07,0,-0.0002,0,0,0
382.375,0,0.011444091796875,0,-0.030517578125,-0.011444091796875,0,-5.5046101455645776E-07,0,-0.0008,0,0,0
382.5,0,0.00762939453125,0,-0.030517578125,-0.00762939453125,0,-1.1613415590141305E-07,0,0,0,0,0
382.625,0,0.011444091796875,0,0.030517578125,-0.011444091796875,0,-5.4886345288168838E-07,0,-0.0002,0,0,0
382.75,0,0.011444091796875,0,0,-0.011444091796875,0,-5.4512683812072425E-07,0,-0.0002,0,0,0
382.875,0,0.00762939453125,0,-0.030517578125,-0.00762939453125,0,-1.1089949675854738E-07,0,-0.0012,0,0,0
383,0,0.011444091796875,0,0.030517578125,-0.011444091796875,0,-5.4372645438302154E-07,0,0,0,0,0
383.125,0,0.00762939453125,0,-0.030517578125,-0.00762939453125,0,-1.0952523934048018E-07,0,0.0004,0,0,0
383.25,0,0.00762939453125,0,0,-0.00762939453125,0,-1.1181739694202708E-07,0,-0.0004,0,0,0
383.375,0,0.00762939453125,0,0,-0.00762939453125,0,-1.1406679080636343E-07,0,0.0002,0,0,0
383.5,0,0.0152587890625,0,0.06103515625,-0.0152587890625,0,-9.7739509658850425E-07,0,0,0,0,0
383.625,0,0.003814697265625,0,-0.091552734375,-0.003814697265625,0,3.23849994045761E-07,0,-0.0002,0,0,0
383.75,0,0.011444091796875,0,0.06103515625,-0.011444091796875,0,-5.4548056515321155E-07,0,0.0004,0,0,0
383.875,0,0.011444091796875,0,0,-0.011444091796875,0,-5.4180706338314111E-07,0,-0.0006,0,0,0
384,0,0.00762939453125,0,-0.030517578125,-0.00762939453125,0,-1.0764165754161971E-07,0,-0.0004,0,0,0
384.125,0,0.011444091796875,0,0.030517578125,-0.011444091796875,0,-5.4052939518403544E-07,0,-0.001,0,0,0
384.25,0,0.00762939453125,0,-0.030517578125,-0.00762939453125,0,-1.0638782621440801E-07,0,0.0002,0,0,0
384.375,0,0.00762939453125,0,0,-0.00762939453125,0,-1.0873851709933549E-07,0,0.0008,0,0,0
384.5,0,0.00762939453125,0,0,-0.00762939453125,0,-1.1104535221832504E-07,0,-0.0006,0,0,0
384.625,0,0.00762939453125,0,0,-0.00762939453125,0,-1.1330914976836647E-07,0,-0.0006,0,0,0
384.75,0,0.00762939453125,0,0,-0.00762939453125,0,-1.1553071268172212E-07,0,0.0006,0,0,0
384.875,0,0.011444091796875,0,0.030517578125,-0.011444091796875,0,-5.4827126782646706E-07,0,0.0004,0,0,0
385,0,0.011444091796875,0,0,-0.011444091796875,0,-5.4454570119154127E-07,0,-0.0002,0,0,0
385.125,0,0.00762939453125,0,-0.030517578125,-0.00762939453125,0,-1.103292018355624E-07,0,0.0006,0,0,0
385.25,0,0.011444091796875,0,0.030517578125,-0.011444091796875,0,-5.4316679919187816E-07,0,-0.0006,0,0,0
385.375,0,0.011444091796875,0,0,-0.011444091796875,0,-5.3953646429631522E-07,0,0.0004,0,0,0
385.5,0,0.00762939453125,0,-0.030517578125,-0.00762939453125,0,-1.0541341998464409E-07,0,-0.0002,0,0,0
385.625,0,0.00762939453125,0,0,-0.00762939453125,0,-1.0778228992144734E-07,0,0.0008,0,0,0
385.75,0,0.00762939453125,0,0,-0.00762939453125,0,-1.1010696493404683E-07,0,0.0004,0,0,0
385.875,0,0.003814697265625,0,-0.030517578125,-0.003814697265625,0,3.1817216936879992E-07,0,0.0004,0,0,0
386,0,0.011444091796875,0,0.06103515625,-0.011444091796875,0,-5.5105246124906234E-07,0,0,0,0,0
386.125,0,0.011444091796875,0,0,-0.011444091796875,0,-5.4727500715902642E-07,0,-0.0002,0,0,0
386.25,0,0.019073486328125,0,0.06103515625,-0.019073486328125,0,-1.4046889051357421E-06,0,0,0,0,0
386.375,0,0.00762939453125,0,-0.091552734375,-0.00762939453125,0,-9.763974910050788E-08,0,-0.0002,0,0,0
386.5,0,0.00762939453125,0,0,-0.00762939453125,0,-1.0015364886363117E-07,0,-0.0006,0,0,0
386.625,0,0.011444091796875,0,0.030517578125,-0.011444091796875,0,-5.3318108686309029E-07,0,0.0006,0,0,0
386.75,0,0.00762939453125,0,-0.030517578125,-0.00762939453125,0,-9.9176611924766332E-08,0,0,0,0,0
386.875,0,0.011444091796875,0,0.030517578125,-0.011444091796875,0,-5.3222227805603916E-07,0,0,0,0,0
387,0,0.011444091796875,0,0,-0.011444091796875,0,-5.28796130091354E-07,0,0,0,0,0
387.125,0,0.00762939453125,0,-0.030517578125,-0.00762939453125,0,-9.4873463288273387E-08,0,-0.0008,0,0,0
387.25,0,0.00762939453125,0,0,-0.00762939453125,0,-9.7438972382030766E-08,0,-0.0002,0,0,0
387.375,0,0.011444091796875,0,0.030517578125,-0.011444091796875,0,-5.3051705686041986E-07,0,-0.0004,0,0,0
387.5,0,0.011444091796875,0,0,-0.011444091796875,0,-5.2712272242855912E-07,0,0.0004,0,0,0
387.625,0,0.00762939453125,0,-0.030517578125,-0.00762939453125,0,-9.3231275627754713E-08,0,-0.001,0,0,0
387.75,0,0.011444091796875,0,0.030517578125,-0.011444091796875,0,-5.2638786118222163E-07,0,-0.001,0,0,0
387.875,0,0.00762939453125,0,-0.030517578125,-0.00762939453125,0,-9.25101243519722E-08,0,0,0,0,0
388,0,0.00762939453125,0,0,-0.00762939453125,0,-9.5119725180583787E-08,0,0.0002,0,0,0
388.125,0,0.011444091796875,0,0.030517578125,-0.011444091796875,0,-5.28241078794473E-07,0,0.0002,0,0,0
388.25,0,0.00762939453125,0,-0.030517578125,-0.00762939453125,0,-9.43287673298656E-08,0,-0.0004,0,0,0
388.375,0,0.00762939453125,0,0,-0.00762939453125,0,-9.6904438567277188E-08,0,-0.0004,0,0,0
388.5,0,0.00762939453125,0,0,-0.00762939453125,0,-9.9432056683095773E-08,0,0,0,0,0
388.625,0,0.011444091796875,0,0.030517578125,-0.011444091796875,0,-5.3247295709821118E-07,0,0,0,0,0
388.75,0,0.003814697265625,0,-0.06103515625,-0.003814697265625,0,3.3207874550234829E-07,0,-0.001,0,0,0
388.875,0,0.00762939453125,0,0.030517578125,-0.00762939453125,0,-1.0684489483753007E-07,0,-0.0008,0,0,0
389,0,0.00762939453125,0,0,-0.00762939453125,0,-1.0918705840196564E-07,0,0,0,0,0
389.125,0,0,0,-0.06103515625,0,0,7.4963535254072022E-07,0,0,0,0,0
389.25,0,0.011444091796875,0,0.091552734375,-0.011444091796875,0,-5.5603156851147725E-07,0,-0.0002,0,0,0
389.375,0,0.003814697265625,0,-0.06103515625,-0.003814697265625,0,3.0895965633957774E-07,0,0.0006,0,0,0
389.5,0,0.00762939453125,0,0.030517578125,-0.00762939453125,0,-1.2953266171563885E-07,0,0.0004,0,0,0
389.625,0,0.019073486328125,0,0.091552734375,-0.019073486328125,0,-1.4231328667254892E-06,0,0.0002,0,0,0
389.75,0,0.011444091796875,0,-0.06103515625,-0.011444091796875,0,-5.4630004904066587E-07,0,0,0,0,0
389.875,0,0.019073486328125,0,0.06103515625,-0.019073486328125,0,-1.4037321363655908E-06,0,0.0006,0,0,0
390,0,0.0152587890625,0,-0.030517578125,-0.0152587890625,0,-9.57821708159712E-07,0,-0.0008,0,0,0
390.125,0,0.011444091796875,0,-0.030517578125,-0.011444091796875,0,-5.1806266712285764E-07,0,-0.0002,0,0,0
390.25,0,0.011444091796875,0,0,-0.011444091796875,0,-5.1490068855060074E-07,0,0,0,0,0
390.375,0,0.011444091796875,0,0,-0.011444091796875,0,-5.1179770156803124E-07,0,0.001,0,0,0
390.5,0,0.00762939453125,0,-0.030517578125,-0.00762939453125,0,-7.8192166680257358E-08,0,0,0,0,0
390.625,0,0.00762939453125,0,0,-0.00762939453125,0,-8.1068891104057956E-08,0,0.0012,0,0,0
390.75,0,0.00762939453125,0,0,-0.00762939453125,0,-8.3891945794501837E-08,0,0.0002,0,0,0
390.875,0,0.003814697265625,0,-0.030517578125,-0.003814697265625,0,3.4389810687246767E-07,0,0.001,0,0,0
391,0,0.00762939453125,0,0.030517578125,-0.00762939453125,0,-9.5246041892872883E-08,0,-0.0004,0,0,0
391.125,0,0.00762939453125,0,0,-0.00762939453125,0,-9.7804599957815046E-08,0,0,0,0,0
391.25,0,0.003814697265625,0,-0.030517578125,-0.003814697265625,0,3.3024501474194819E-07,0,0.0006,0,0,0
391.375,0,0.011444091796875,0,0.06103515625,-0.011444091796875,0,-5.3920485343661773E-07,0,0.0004,0,0,0
391.5,0,0.011444091796875,0,0,-0.011444091796875,0,-5.3564843475301424E-07,0,0,0,0,0
391.625,0,0.00762939453125,0,-0.030517578125,-0.00762939453125,0,-1.0159792763230439E-07,0,0,0,0,0
391.75,0,0.003814697265625,0,-0.030517578125,-0.003814697265625,0,3.2652245744891778E-07,0,0,0,0,0
391.875,0,0,0,-0.030517578125,0,0,7.4882335606839426E-07,0,-0.001,0,0,0
392,0,0.011444091796875,0,0.091552734375,-0.011444091796875,0,-5.5682841593657583E-07,0,0.0014,0,0,0
392.125,0,0.00762939453125,0,-0.030517578125,-0.00762939453125,0,-1.2238276358289984E-07,0,0.0008,0,0,0
392.25,0,0.011444091796875,0,0.030517578125,-0.011444091796875,0,-5.54995483144309E-07,0,0,0,0,0
392.375,0,0.00762939453125,0,-0.030517578125,-0.00762939453125,0,-1.2058402698037153E-07,0,0.0002,0,0,0
392.5,0,0.011444091796875,0,0.030517578125,-0.011444091796875,0,-5.5323030474882962E-07,0,0,0,0,0
392.625,0,0.00762939453125,0,-0.030517578125,-0.00762939453125,0,-1.1885178071180311E-07,0,0.0002,0,0,0
392.75,0,0.0152587890625,0,0.06103515625,-0.0152587890625,0,-9.8209081512327836E-07,0,0,0,0,0
392.875,0,0.00762939453125,0,-0.06103515625,-0.00762939453125,0,-1.1131855752928005E-07,0,0,0,0,0
393,0,0.011444091796875,0,0.030517578125,-0.011444091796875,0,-5.4413769692840058E-07,0,-0.0006,0,0,0
393.125,0,0.011444091796875,0,0,-0.011444091796875,0,-5.4048924843731741E-07,0,0.0002,0,0,0
393.25,0,0.00762939453125,0,-0.030517578125,-0.00762939453125,0,-1.0634842846720258E-07,0,0.0008,0,0,0
393.375,0,0.00762939453125,0,0,-0.00762939453125,0,-1.08699854377901E-07,0,0.0008,0,0,0
393.5,0,0.00762939453125,0,0,-0.00762939453125,0,-1.1100741080962146E-07,0,0,0,0,0
393.625,0,0.00762939453125,0,0,-0.00762939453125,0,-1.1327191621519172E-07,0,0.0002,0,0,0
393.75,0,0.00762939453125,0,0,-0.00762939453125,0,-1.1549417377793898E-07,0,0.0004,0,0,0
393.875,0,0.00762939453125,0,0,-0.00762939453125,0,-1.1767497169656607E-07,0,0,0,0,0
394,0,0.00762939453125,0,0,-0.00762939453125,0,-1.1981508346471269E-07,0,-0.0002,0,0,0
394.125,0,0.00762939453125,0,0,-0.00762939453125,0,-1.2191526814530107E-07,0,-0.0002,0,0,0
394.25,0,0.003814697265625,0,-0.030517578125,-0.003814697265625,0,3.0658416827598982E-07,0,-0.0008,0,0,0
394.375,0,0.011444091796875,0,0.06103515625,-0.011444091796875,0,-5.624242702994081E-07,0,0.0008,0,0,0
394.5,0,0.011444091796875,0,0,-0.011444091796875,0,-5.5843465756307781E-07,0,0.0002,0,0,0
394.625,0,0.003814697265625,0,-0.06103515625,-0.003814697265625,0,3.0660140062257287E-07,0,0.0002,0,0,0
394.75,0,0.0152587890625,0,0.091552734375,-0.0152587890625,0,-9.92967798364596E-07,0,0,0,0,0
394.875,0,0.00762939453125,0,-0.06103515625,-0.00762939453125,0,-1.2199261386336326E-07,0,0,0,0,0
395,0,0.0152587890625,0,0.06103515625,-0.0152587890625,0,-9.85173051185605E-07,0,0.0008,0,0,0
395.125,0,0.00762939453125,0,-0.06103515625,-0.00762939453125,0,-1.1434328972149676E-07,0,0,0,0,0
395.25,0,0.00762939453125,0,0,-0.00762939453125,0,-1.1654555915818887E-07,0,0.0004,0,0,0
395.375,0,0.00762939453125,0,0,-0.00762939453125,0,-1.1870674186009714E-07,0,0,0,0,0
395.5,0,0.011444091796875,0,0.030517578125,-0.011444091796875,0,-5.5138804327941516E-07,0,0,0,0,0
395.625,0,0.003814697265625,0,-0.06103515625,-0.003814697265625,0,3.1351654944275814E-07,0,0,0,0,0
395.75,0,0.011444091796875,0,0.06103515625,-0.011444091796875,0,-5.5562122340104219E-07,0,0.0002,0,0,0
395.875,0,0.00762939453125,0,-0.030517578125,-0.00762939453125,0,-1.2119809308700137E-07,0,0,0,0,0
396,0,0.003814697265625,0,-0.030517578125,-0.003814697265625,0,3.072879633268649E-07,0,0,0,0,0
396.125,0,0.00762939453125,0,0.030517578125,-0.00762939453125,0,-1.3117316671551867E-07,0,0.0002,0,0,0
396.25,0,0.011444091796875,0,0.030517578125,-0.011444091796875,0,-5.6362188774153719E-07,0,0.001,0,0,0
396.375,0,0.0152587890625,0,0.030517578125,-0.0152587890625,0,-9.90170370519468E-07,0,0.0004,0,0,0
396.5,0,0.00762939453125,0,-0.06103515625,-0.00762939453125,0,-1.1924737635155009E-07,0,-0.0004,0,0,0
396.625,0,0.0152587890625,0,0.06103515625,-0.0152587890625,0,-9.8247903031590059E-07,0,0.0018,0,0,0
396.75,0,0.011444091796875,0,-0.030517578125,-0.011444091796875,0,-5.4225996888416087E-07,0,-0.0004,0,0,0
396.875,0,0.003814697265625,0,-0.06103515625,-0.003814697265625,0,3.224743255241384E-07,0,0,0,0,0
397,0,0.00762939453125,0,0.030517578125,-0.00762939453125,0,-1.1627012953994095E-07,0,0.0012,0,0,0
397.125,0,0.00762939453125,0,0,-0.00762939453125,0,-1.1843645080640814E-07,0,0.0002,0,0,0
397.25,0,0.00762939453125,0,0,-0.00762939453125,0,-1.2056235600668061E-07,0,-0.0002,0,0,0
397.375,0,0.011444091796875,0,0.030517578125,-0.011444091796875,0,-5.5320903808059457E-07,0,0,0,0,0
397.5,0,0.00762939453125,0,-0.030517578125,-0.00762939453125,0,-1.1883091080608169E-07,0,0,0,0,0
397.625,0,0.00762939453125,0,0,-0.00762939453125,0,-1.2094945674634746E-07,0,0.0002,0,0,0
397.75,0,0.011444091796875,0,0.030517578125,-0.011444091796875,0,-5.535889168586066E-07,0,0.0004,0,0,0
397.875,0,0.00762939453125,0,-0.030517578125,-0.00762939453125,0,-1.1920370235927828E-07,0,-0.0006,0,0,0
398,0,0.003814697265625,0,-0.030517578125,-0.003814697265625,0,3.0924514561790896E-07,0,-0.0004,0,0,0
398.125,0,0.011444091796875,0,0.06103515625,-0.011444091796875,0,-5.5981293759610213E-07,0,0,0,0,0
398.25,0,0.011444091796875,0,0,-0.011444091796875,0,-5.5587204330104225E-07,0,-0.0004,0,0,0
398.375,0,0.011444091796875,0,0,-0.011444091796875,0,-5.5200467247046611E-07,0,0.0002,0,0,0
398.5,0,0.011444091796875,0,0,-0.011444091796875,0,-5.4820945341068571E-07,0,0.0004,0,0,0
398.625,0,0.00762939453125,0,-0.030517578125,-0.00762939453125,0,-1.1392460110332242E-07,0,-0.0004,0,0,0
398.75,0,0.003814697265625,0,-0.030517578125,-0.003814697265625,0,3.1442575709346527E-07,0,0.0002,0,0,0
398.875,0,0.00762939453125,0,0.030517578125,-0.00762939453125,0,-1.24168539506354E-07,0,-0.0002,0,0,0
399,0,0.00762939453125,0,0,-0.00762939453125,0,-1.2618750374642956E-07,0,0,0,0,0
399.125,0,0.00762939453125,0,0,-0.00762939453125,0,-1.2816880109303244E-07,0,-0.0002,0,0,0
399.25,0,0.003814697265625,0,-0.030517578125,-0.003814697265625,0,3.0044730463556692E-07,0,-0.001,0,0,0
399.375,0,0.00762939453125,0,0.030517578125,-0.00762939453125,0,-1.378862023627361E-07,0,-0.0002,0,0,0
399.5,0,0.00762939453125,0,0,-0.00762939453125,0,-1.3964924243375045E-07,0,-0.0004,0,0,0
399.625,0,0.011444091796875,0,0.030517578125,-0.011444091796875,0,-5.7193982918734954E-07,0,0.0004,0,0,0
399.75,0,0.00762939453125,0,-0.030517578125,-0.00762939453125,0,-1.3721225010023248E-07,0,-0.0008,0,0,0
399.875,0,0.011444091796875,0,0.030517578125,-0.011444091796875,0,-5.6954830270646941E-07,0,0,0,0,0
400,0,0.011444091796875,0,0,-0.011444091796875,0,-5.6542578015210154E-07,0,0,0,0,0
400.125,0,0.003814697265625,0,-0.06103515625,-0.003814697265625,0,2.9974070821383086E-07,0,-0.0002,0,0,0
400.25,0,0.011444091796875,0,0.06103515625,-0.011444091796875,0,-5.691400550535902E-07,0,0.0002,0,0,0
400.375,0,0.011444091796875,0,0,-0.011444091796875,0,-5.65025148989176E-07,0,0.0002,0,0,0
400.5,0,0.0152587890625,0,0.030517578125,-0.0152587890625,0,-9.9154745176308311E-07,0,0,0,0,0
400.625,0,0.0152587890625,0,0,-0.0152587890625,0,-9.8171964385102253E-07,0,0.0008,0,0,0
400.75,0,0.011444091796875,0,-0.030517578125,-0.011444091796875,0,-5.415147499456359E-07,0,-0.0002,0,0,0
400.875,0,0.011444091796875,0,0,-0.011444091796875,0,-5.3791523657812907E-07,0,-0.0002,0,0,0
401,0,0.00762939453125,0,-0.030517578125,-0.00762939453125,0,-1.0382243877134583E-07,0,0.0006,0,0,0
401.125,0,0.00762939453125,0,0,-0.00762939453125,0,-1.0622099091781323E-07,0,0.0006,0,0,0
401.25,0,0.00762939453125,0,0,-0.00762939453125,0,-1.0857479437265135E-07,0,0,0,0,0
401.375,0,0.00762939453125,0,0,-0.00762939453125,0,-1.1088468399175668E-07,0,0,0,0,0
401.5,0,0.00762939453125,0,0,-0.00762939453125,0,-1.1315147905550067E-07,0,0.0004,0,0,0
401.625,0,0.011444091796875,0,0.030517578125,-0.011444091796875,0,-5.4593642247506819E-07,0,0.0002,0,0,0
401.75,0,0.00762939453125,0,-0.030517578125,-0.00762939453125,0,-1.1169397706744711E-07,0,0,0,0,0
401.875,0,0.0152587890625,0,0.06103515625,-0.0152587890625,0,-9.7506655135150585E-07,0,0.0014,0,0,0
402,0,0.003814697265625,0,-0.091552734375,-0.003814697265625,0,3.2613509667805769E-07,0,-0.0004,0,0,0
402.125,0,0.0152587890625,0,0.091552734375,-0.0152587890625,0,-9.7379853355254053E-07,0,0,0,0,0
402.25,0,0.00762939453125,0,-0.06103515625,-0.00762939453125,0,-1.0318098126751732E-07,0,0,0,0,0
402.375,0,0.0152587890625,0,0.06103515625,-0.0152587890625,0,-9.66712378625093E-07,0,0.0002,0,0,0
402.5,0,0.0152587890625,0,0,-0.0152587890625,0,-9.573479073267804E-07,0,-0.0002,0,0,0
402.625,0,0.011444091796875,0,-0.030517578125,-0.011444091796875,0,-5.1759770577561236E-07,0,0,0,0,0
402.75,0,0.0152587890625,0,0.030517578125,-0.0152587890625,0,-9.4500484069054873E-07,0,-0.0006,0,0,0
402.875,0,0.0152587890625,0,0,-0.0152587890625,0,-9.3604535701049359E-07,0,-0.0002,0,0,0
403,0,0.011444091796875,0,-0.030517578125,-0.011444091796875,0,-4.9669258740860567E-07,0,0.0006,0,0,0
403.125,0,0.0152587890625,0,0.030517578125,-0.0152587890625,0,-9.2448973956650945E-07,0,0,0,0,0
403.25,0,0.00762939453125,0,-0.06103515625,-0.00762939453125,0,-5.4792118924390967E-08,0,0.0004,0,0,0
403.375,0,0.0152587890625,0,0.06103515625,-0.0152587890625,0,-9.1922628518047633E-07,0,-0.0008,0,0,0
403.5,0,0.011444091796875,0,-0.030517578125,-0.011444091796875,0,-4.8018730131800663E-07,0,-0.0004,0,0,0
403.625,0,0.00762939453125,0,-0.030517578125,-0.00762939453125,0,-4.7171507226633597E-08,0,0,0,0,0
403.75,0,0.00762939453125,0,0,-0.00762939453125,0,-5.0626969922216876E-08,0,-0.0002,0,0,0
403.875,0,0.00762939453125,0,0,-0.00762939453125,0,-5.4017965628900675E-08,0,-0.0002,0,0,0
404,0,0.00762939453125,0,0,-0.00762939453125,0,-5.7345697077845447E-08,0,0.0006,0,0,0
404.125,0,0.003814697265625,0,-0.030517578125,-0.003814697265625,0,3.6994909435434728E-07,0,0,0,0,0
404.25,0,0.011444091796875,0,0.06103515625,-0.011444091796875,0,-5.0024151469892365E-07,0,0.0004,0,0,0
404.375,0,0.0152587890625,0,0.030517578125,-0.0152587890625,0,-9.2797245614168286E-07,0,0,0,0,0
404.5,0,0.003814697265625,0,-0.091552734375,-0.003814697265625,0,3.7235057886826881E-07,0,0.0002,0,0,0
404.625,0,0.011444091796875,0,0.06103515625,-0.011444091796875,0,-4.9788483358447144E-07,0,-0.0004,0,0,0
404.75,0,0.011444091796875,0,0,-0.011444091796875,0,-4.9509930363439109E-07,0,-0.0002,0,0,0
404.875,0,0.011444091796875,0,0,-0.011444091796875,0,-4.92365742044033E-07,0,0.0008,0,0,0
405,0,0.003814697265625,0,-0.06103515625,-0.003814697265625,0,3.7143769856805482E-07,0,0.0002,0,0,0
405.125,0,0.011444091796875,0,0.06103515625,-0.011444091796875,0,-4.9878068269396944E-07,0,-0.0004,0,0,0
405.25,0,0.011444091796875,0,0,-0.011444091796875,0,-4.9597843929631767E-07,0,-0.0002,0,0,0
405.375,0,0.011444091796875,0,0,-0.011444091796875,0,-4.93228476073544E-07,0,0,0,0,0
405.5,0,0.0152587890625,0,0.030517578125,-0.0152587890625,0,-9.21090256574063E-07,0,-0.0004,0,0,0
405.625,0,0.0152587890625,0,0,-0.0152587890625,0,-9.1257693636460294E-07,0,0,0,0,0
405.75,0,0.011444091796875,0,-0.030517578125,-0.011444091796875,0,-4.7366200636526691E-07,0,0,0,0,0
405.875,0,0.0152587890625,0,0.030517578125,-0.0152587890625,0,-9.0188882955228276E-07,0,0,0,0,0
406,0,0.011444091796875,0,-0.030517578125,-0.011444091796875,0,-4.6317330267893248E-07,0,-0.0002,0,0,0
406.125,0,0.011444091796875,0,0,-0.011444091796875,0,-4.610353699031558E-07,0,-0.0002,0,0,0
406.25,0,0.00762939453125,0,-0.030517578125,-0.00762939453125,0,-2.8376884646719098E-08,0,0.0006,0,0,0
406.375,0,0.011444091796875,0,0.030517578125,-0.011444091796875,0,-4.6274342894529324E-07,0,-0.0004,0,0,0
406.5,0,0.011444091796875,0,0,-0.011444091796875,0,-4.6061351612737924E-07,0,0,0,0,0
406.625,0,0.00762939453125,0,-0.030517578125,-0.00762939453125,0,-2.7962901204115282E-08,0,0.0002,0,0,0
406.75,0,0.003814697265625,0,-0.030517578125,-0.003814697265625,0,3.9878370882885449E-07,0,-0.0008,0,0,0
406.875,0,0.00762939453125,0,0.030517578125,-0.00762939453125,0,-4.1384415537955169E-08,0,-0.0006,0,0,0
407,0,0.00762939453125,0,0,-0.00762939453125,0,-4.494784535936828E-08,0,0.0002,0,0,0
407.125,0,0.00762939453125,0,0,-0.00762939453125,0,-4.8444793898539576E-08,0,-0.0002,0,0,0
407.25,0,0.0152587890625,0,0.06103515625,-0.0152587890625,0,-9.1299737929788646E-07,0,0.0004,0,0,0
407.375,0,0.00762939453125,0,-0.06103515625,-0.00762939453125,0,-4.3514166371068533E-08,0,-0.0004,0,0,0
407.5,0,0.011444091796875,0,0.030517578125,-0.011444091796875,0,-4.77598301319908E-07,0,-0.0004,0,0,0
407.625,0,0.003814697265625,0,-0.06103515625,-0.003814697265625,0,3.8592962989702615E-07,0,0.0006,0,0,0
407.75,0,0.011444091796875,0,0.06103515625,-0.011444091796875,0,-4.8455912070723146E-07,0,0,0,0,0
407.875,0,0.011444091796875,0,0,-0.011444091796875,0,-4.82022202494512E-07,0,0,0,0,0
408,0,0.011444091796875,0,0,-0.011444091796875,0,-4.79532614405908E-07,0,0.0002,0,0,0
408.125,0,0.011444091796875,0,0,-0.011444091796875,0,-4.7708947342491629E-07,0,0.0004,0,0,0
408.25,0,0.011444091796875,0,0,-0.011444091796875,0,-4.7469191300906947E-07,0,-0.0002,0,0,0
408.375,0,0.011444091796875,0,0,-0.011444091796875,0,-4.7233908278258683E-07,0,-0.0004,0,0,0
408.5,0,0.0152587890625,0,0.030517578125,-0.0152587890625,0,-9.0059058715051326E-07,0,0,0,0,0
408.625,0,0.011444091796875,0,-0.030517578125,-0.011444091796875,0,-4.6189928099255682E-07,0,0.0002,0,0,0
408.75,0,0.011444091796875,0,0,-0.011444091796875,0,-4.5978511705735195E-07,0,0,0,0,0
408.875,0,0.011444091796875,0,0,-0.011444091796875,0,-4.5771039611284029E-07,0,0,0,0,0
409,0,0.011444091796875,0,0,-0.011444091796875,0,-4.5567438228916378E-07,0,0.0002,0,0,0
409.125,0,0.0152587890625,0,0.030517578125,-0.0152587890625,0,-8.8423679236100543E-07,0,0,0,0,0
409.25,0,0.00762939453125,0,-0.06103515625,-0.00762939453125,0,-1.52901525655289E-08,0,-0.0002,0,0,0
409.375,0,0.011444091796875,0,0.030517578125,-0.011444091796875,0,-4.4990085004592934E-07,0,-0.0002,0,0,0
409.5,0,0.011444091796875,0,0,-0.011444091796875,0,-4.4801053535546853E-07,0,0,0,0,0
409.625,0,0.011444091796875,0,0,-0.011444091796875,0,-4.4615548740260615E-07,0,-0.0002,0,0,0
409.75,0,0.011444091796875,0,0,-0.011444091796875,0,-4.4433504823193033E-07,0,0,0,0,0
409.875,0,0.00762939453125,0,-0.030517578125,-0.00762939453125,0,-1.1988133247449605E-08,0,-0.0002,0,0,0
410,0,0.011444091796875,0,0.030517578125,-0.011444091796875,0,-4.466604349937553E-07,0,0,0,0,0
410.125,0,0.011444091796875,0,0,-0.011444091796875,0,-4.4483057524655436E-07,0,0.0004,0,0,0
410.25,0,0.011444091796875,0,0,-0.011444091796875,0,-4.4303485435669409E-07,0,0,0,0,0
410.375,0,0.011444091796875,0,0,-0.011444091796875,0,-4.412726354111092E-07,0,-0.0002,0,0,0
410.5,0,0.011444091796875,0,0,-0.011444091796875,0,-4.3954329337933059E-07,0,-0.0004,0,0,0
410.625,0,0.003814697265625,0,-0.06103515625,-0.003814697265625,0,4.2327466293970907E-07,0,0.0004,0,0,0
410.75,0,0.00762939453125,0,0.030517578125,-0.00762939453125,0,-1.7350377969368669E-08,0,0.0004,0,0,0
410.875,0,0.00762939453125,0,0,-0.00762939453125,0,-2.1362199849860949E-08,0,-0.0002,0,0,0
411,0,0.011444091796875,0,0.030517578125,-0.011444091796875,0,-4.5585961391806405E-07,0,0.0002,0,0,0
411.125,0,0.011444091796875,0,0,-0.011444091796875,0,-4.5385812929227428E-07,0,0,0,0,0
411.25,0,0.011444091796875,0,0,-0.011444091796875,0,-4.51893985450779E-07,0,0.0004,0,0,0
411.375,0,0.0152587890625,0,0.030517578125,-0.0152587890625,0,-8.8052692465937758E-07,0,0.0002,0,0,0
411.5,0,0.011444091796875,0,-0.030517578125,-0.011444091796875,0,-4.4220993708652762E-07,0,0,0,0,0
411.625,0,0.00762939453125,0,-0.030517578125,-0.00762939453125,0,-9.90266932983955E-09,0,0,0,0,0
411.75,0,0.011444091796875,0,0.030517578125,-0.011444091796875,0,-4.4461387862372165E-07,0,0.0002,0,0,0
411.875,0,0.011444091796875,0,0,-0.011444091796875,0,-4.428222005437567E-07,0,0.0008,0,0,0
412,0,0.011444091796875,0,0,-0.011444091796875,0,-4.4106394898320989E-07,0,0.0002,0,0,0
412.125,0,0.00762939453125,0,-0.030517578125,-0.00762939453125,0,-8.7780614030261218E-09,0,-0.0006,0,0,0
412.25,0,0.0152587890625,0,0.06103515625,-0.0152587890625,0,-8.7407069090898007E-07,0,0.0002,0,0,0
412.375,0,0.0152587890625,0,0,-0.0152587890625,0,-8.6643459325546418E-07,0,0,0,0,0
412.5,0,0.0152587890625,0,0,-0.0152587890625,0,-8.5894095878735436E-07,0,0,0,0,0
412.625,0,0.0152587890625,0,0,-0.0152587890625,0,-8.5158712963408413E-07,0,-0.0006,0,0,0
412.75,0,0.0152587890625,0,0,-0.0152587890625,0,-8.443704975117639E-07,0,0,0,0,0
412.875,0,0.00762939453125,0,-0.06103515625,-0.00762939453125,0,2.3832375033441187E-08,0,0.0008,0,0,0
413,0,0.003814697265625,0,-0.030517578125,-0.003814697265625,0,4.4961266426007722E-07,0,-0.0008,0,0,0
413.125,0,0.00762939453125,0,0.030517578125,-0.00762939453125,0,8.4962472927584571E-09,0,0.0002,0,0,0
413.25,0,0.0152587890625,0,0.06103515625,-0.0152587890625,0,-8.5711866109884541E-07,0,0.001,0,0,0
413.375,0,0.011444091796875,0,-0.030517578125,-0.011444091796875,0,-4.1923839080528828E-07,0,0.0008,0,0,0
413.5,0,0.00762939453125,0,-0.030517578125,-0.00762939453125,0,1.2640307306874466E-08,0,0,0,0,0
413.625,0,0.0152587890625,0,0.06103515625,-0.0152587890625,0,-8.5305191491921825E-07,0,0.0002,0,0,0
413.75,0,0.00762939453125,0,-0.06103515625,-0.00762939453125,0,1.5312922864492686E-08,0,0.0002,0,0,0
413.875,0,0.011444091796875,0,0.030517578125,-0.011444091796875,0,-4.1986872221333338E-07,0,0.0004,0,0,0
414,0,0.00762939453125,0,-0.030517578125,-0.00762939453125,0,1.2021735703945278E-08,0,0,0,0,0
414.125,0,0.00762939453125,0,0,-0.00762939453125,0,7.4619317171631E-09,0,-0.0006,0,0,0
414.25,0,0.011444091796875,0,0.030517578125,-0.011444091796875,0,-4.2757324100551595E-07,0,0.0008,0,0,0
414.375,0,0.011444091796875,0,0,-0.011444091796875,0,-4.2609948231665809E-07,0,0.0002,0,0,0
414.5,0,0.00762939453125,0,-0.030517578125,-0.00762939453125,0,5.9072200453746072E-09,0,-0.0004,0,0,0
414.625,0,0,0,-0.06103515625,0,0,8.625823696153526E-07,0,0.0006,0,0,0
414.75,0,0.011444091796875,0,0.091552734375,-0.011444091796875,0,-4.4519175233508849E-07,0,-0.001,0,0,0
414.875,0,0.011444091796875,0,0,-0.011444091796875,0,-4.433892931292895E-07,0,0.0002,0,0,0
415,0,0.00762939453125,0,-0.030517578125,-0.00762939453125,0,-1.1060022665694967E-08,0,-0.0006,0,0,0
415.125,0,0.003814697265625,0,-0.030517578125,-0.003814697265625,0,4.1537123808438469E-07,0,-0.0006,0,0,0
415.25,0,0.00762939453125,0,0.030517578125,-0.00762939453125,0,-2.5106352237810052E-08,0,-0.0002,0,0,0
415.375,0,0.00762939453125,0,0,-0.00762939453125,0,-2.8973474449656684E-08,0,0.0002,0,0,0
415.5,0,0.00762939453125,0,0,-0.00762939453125,0,-3.2768449529073634E-08,0,0.0002,0,0,0
415.625,0,0.00762939453125,0,0,-0.00762939453125,0,-3.6492623492150571E-08,0,0.0004,0,0,0
415.75,0,0.011444091796875,0,0.030517578125,-0.011444091796875,0,-4.7070775615872293E-07,0,-0.0008,0,0,0
415.875,0,0.003814697265625,0,-0.06103515625,-0.003814697265625,0,3.9269162130505241E-07,0,0.0004,0,0,0
416,0,0.003814697265625,0,0,-0.003814697265625,0,3.831975931477857E-07,0,0.0004,0,0,0
416.125,0,0.00762939453125,0,0.030517578125,-0.00762939453125,0,-5.6679748179206484E-08,0,0,0,0,0
416.25,0,0.0152587890625,0,0.06103515625,-0.0152587890625,0,-9.2107869779863939E-07,0,0,0,0,0
416.375,0,0.011444091796875,0,-0.030517578125,-0.011444091796875,0,-4.8200515432021865E-07,0,0.0006,0,0,0
416.5,0,0.011444091796875,0,0,-0.011444091796875,0,-4.79515884291614E-07,0,0.0008,0,0,0
416.625,0,0.00762939453125,0,-0.030517578125,-0.00762939453125,0,-4.6512616520968644E-08,0,0.0004,0,0,0
416.75,0,0.011444091796875,0,0.030517578125,-0.011444091796875,0,-4.8054081075518939E-07,0,-0.0002,0,0,0
416.875,0,0.011444091796875,0,0,-0.011444091796875,0,-4.78078860315499E-07,0,0,0,0,0
417,0,0.011444091796875,0,0,-0.011444091796875,0,-4.7566284136043136E-07,0,0.0006,0,0,0
417.125,0,0.011444091796875,0,0,-0.011444091796875,0,-4.7329189696726141E-07,0,0,0,0,0
417.25,0,0.00762939453125,0,-0.030517578125,-0.00762939453125,0,-4.0404747284726875E-08,0,0.0004,0,0,0
417.375,0,0.011444091796875,0,0.030517578125,-0.011444091796875,0,-4.7454689324493665E-07,0,0,0,0,0
417.5,0,0.0152587890625,0,0.030517578125,-0.0152587890625,0,-9.02757207501695E-07,0,0.0004,0,0,0
417.625,0,0.00762939453125,0,-0.06103515625,-0.00762939453125,0,-3.346504078190395E-08,0,0.0004,0,0,0
417.75,0,0.011444091796875,0,0.030517578125,-0.011444091796875,0,-4.6773665767596435E-07,0,-0.0002,0,0,0
417.875,0,0.011444091796875,0,0,-0.011444091796875,0,-4.6551358847075548E-07,0,0.0008,0,0,0
418,0,0.0152587890625,0,0.030517578125,-0.0152587890625,0,-8.9389243296786252E-07,0,-0.0006,0,0,0
418.125,0,0.003814697265625,0,-0.091552734375,-0.003814697265625,0,4.0579478661903479E-07,0,0.0004,0,0,0
418.25,0,0.00762939453125,0,0.030517578125,-0.00762939453125,0,-3.4504140223128047E-08,0,-0.0008,0,0,0
418.375,0,0.0152587890625,0,0.06103515625,-0.0152587890625,0,-8.9931681002937447E-07,0,-0.0002,0,0,0
418.5,0,0.011444091796875,0,-0.030517578125,-0.011444091796875,0,-4.6064926814924803E-07,0,0.0004,0,0,0
418.625,0,0.00762939453125,0,-0.030517578125,-0.00762939453125,0,-2.7997986216845185E-08,0,0,0,0,0
418.75,0,0.00762939453125,0,0,-0.00762939453125,0,-3.1811160534574455E-08,0,-0.0004,0,0,0
418.875,0,0.0152587890625,0,0.06103515625,-0.0152587890625,0,-8.96674072032595E-07,0,0.0002,0,0,0
419,0,0.011444091796875,0,-0.030517578125,-0.011444091796875,0,-4.5805583450795188E-07,0,0,0,0,0
419.125,0,0.00762939453125,0,-0.030517578125,-0.00762939453125,0,-2.5452937082196626E-08,0,0,0,0,0
419.25,0,0.00762939453125,0,0,-0.00762939453125,0,-2.9313593218937208E-08,0,-0.0004,0,0,0
419.375,0,0.011444091796875,0,0.030517578125,-0.011444091796875,0,-4.6366266177361041E-07,0,0.0004,0,0,0
419.5,0,0.011444091796875,0,0,-0.011444091796875,0,-4.6151559924876573E-07,0,-0.0004,0,0,0
419.625,0,0.003814697265625,0,-0.06103515625,-0.003814697265625,0,4.0171228434293457E-07,0,0.0002,0,0,0
419.75,0,0.00762939453125,0,0.030517578125,-0.00762939453125,0,-3.8510477119335218E-08,0,0.0002,0,0,0
419.875,0,0.00762939453125,0,0,-0.00762939453125,0,-4.2127524696879164E-08,0,0.0006,0,0,0
420,0,0.011444091796875,0,0.030517578125,-0.011444091796875,0,-4.7623752958595322E-07,0,-0.001,0,0,0
420.125,0,0.0152587890625,0,0.030517578125,-0.0152587890625,0,-9.0441630241285659E-07,0,-0.0014,0,0,0
420.25,0,0.0152587890625,0,0,-0.0152587890625,0,-8.9621406054876391E-07,0,-0.0008,0,0,0
420.375,0,0.011444091796875,0,-0.030517578125,-0.011444091796875,0,-4.5760440524822053E-07,0,0.0002,0,0,0
420.5,0,0.003814697265625,0,-0.06103515625,-0.003814697265625,0,4.0555050898382233E-07,0,0,0,0,0
420.625,0,0.0152587890625,0,0.091552734375,-0.0152587890625,0,-8.9586473831360374E-07,0,0.0002,0,0,0
420.75,0,0.003814697265625,0,-0.091552734375,-0.003814697265625,0,4.0385927767309054E-07,0,0.0008,0,0,0
420.875,0,0.011444091796875,0,0.06103515625,-0.011444091796875,0,-4.6696397817864912E-07,0,0.0006,0,0,0
421,0,0.003814697265625,0,-0.06103515625,-0.003814697265625,0,3.9636555332967947E-07,0,-0.0006,0,0,0
421.125,0,0.0152587890625,0,0.091552734375,-0.0152587890625,0,-9.0487833444621143E-07,0,-0.0002,0,0,0
421.25,0,0.011444091796875,0,-0.030517578125,-0.011444091796875,0,-4.6610703374579649E-07,0,0,0,0,0
421.375,0,0.00762939453125,0,-0.030517578125,-0.00762939453125,0,-3.33539287740136E-08,0,0.0004,0,0,0
421.5,0,0.00762939453125,0,0,-0.00762939453125,0,-3.706717971829115E-08,0,-0.0002,0,0,0
421.625,0,0.011444091796875,0,0.030517578125,-0.011444091796875,0,-4.7127159315183576E-07,0,-0.0004,0,0,0
421.75,0,0.00762939453125,0,-0.030517578125,-0.00762939453125,0,-3.8422135354619249E-08,0,-0.0014,0,0,0
421.875,0,0.011444091796875,0,0.030517578125,-0.011444091796875,0,-4.72601269999862E-07,0,0,0,0,0
422,0,0.003814697265625,0,-0.06103515625,-0.003814697265625,0,3.908334338866045E-07,0,0.001,0,0,0
422.125,0,0.00762939453125,0,0.030517578125,-0.00762939453125,0,-4.9186365832653638E-08,0,-0.0002,0,0,0
422.25,0,0.003814697265625,0,-0.030517578125,-0.003814697265625,0,3.7795620068404995E-07,0,0,0,0,0
422.375,0,0.011444091796875,0,0.06103515625,-0.011444091796875,0,-4.92383793294005E-07,0,0,0,0,0
422.5,0,0.011444091796875,0,0,-0.011444091796875,0,-4.8970089373949926E-07,0,0.0002,0,0,0
422.625,0,0.011444091796875,0,0,-0.011444091796875,0,-4.8706804781631179E-07,0,0.0002,0,0,0
422.75,0,0.003814697265625,0,-0.06103515625,-0.003814697265625,0,3.7663655613479626E-07,0,0,0,0,0
422.875,0,0.003814697265625,0,0,-0.003814697265625,0,3.6744205999372938E-07,0,0.0006,0,0,0
423,0,0.0152587890625,0,0.091552734375,-0.0152587890625,0,-9.3326221538055567E-07,0,0.0004,0,0,0
423.125,0,0.0152587890625,0,0,-0.0152587890625,0,-9.2452180849634544E-07,0,-0.0002,0,0,0
423.25,0,0.011444091796875,0,-0.030517578125,-0.011444091796875,0,-4.8538402847460666E-07,0,0,0,0,0
423.375,0,0.00762939453125,0,-0.030517578125,-0.00762939453125,0,-5.2271281418773478E-08,0,0.0002,0,0,0
423.5,0,0.003814697265625,0,-0.030517578125,-0.003814697265625,0,3.7492883895869106E-07,0,-0.0002,0,0,0
423.625,0,0.003814697265625,0,0,-0.003814697265625,0,3.6576620291681614E-07,0,0.0002,0,0,0
423.75,0,0.00762939453125,0,0.030517578125,-0.00762939453125,0,-7.3785928926086188E-08,0,0.0012,0,0,0
423.875,0,0.011444091796875,0,0.030517578125,-0.011444091796875,0,-5.0730529743045023E-07,0,0,0,0,0
424,0,0.00762939453125,0,-0.030517578125,-0.00762939453125,0,-7.378357527433731E-08,0,0.0004,0,0,0
424.125,0,0.00762939453125,0,0,-0.00762939453125,0,-7.674254877395374E-08,0,-0.0002,0,0,0
424.25,0,0.00762939453125,0,0,-0.00762939453125,0,-7.9646318056781065E-08,0,0.0004,0,0,0
424.375,0,0.011444091796875,0,0.030517578125,-0.011444091796875,0,-5.1305635195842515E-07,0,0.0002,0,0,0
424.5,0,0.011444091796875,0,0,-0.011444091796875,0,-5.0998777392107929E-07,0,-0.0002,0,0,0
424.625,0,0.00762939453125,0,-0.030517578125,-0.00762939453125,0,-7.6416006026557616E-08,0,0.0006,0,0,0
424.75,0,0.011444091796875,0,0.030517578125,-0.011444091796875,0,-5.0988630638399663E-07,0,0.0004,0,0,0
424.875,0,0.00762939453125,0,-0.030517578125,-0.00762939453125,0,-7.6316431522959315E-08,0,0.0016,0,0,0
425,0,0.0152587890625,0,0.06103515625,-0.0152587890625,0,-9.40349028512175E-07,0,-0.0002,0,0,0
425.125,0,0.00762939453125,0,-0.06103515625,-0.00762939453125,0,-7.0355528361439474E-08,0,-0.0002,0,0,0
425.25,0,0.011444091796875,0,0.030517578125,-0.011444091796875,0,-5.039388962819757E-07,0,0.0004,0,0,0
425.375,0,0.00762939453125,0,-0.030517578125,-0.00762939453125,0,-7.0479979534165244E-08,0,0.0006,0,0,0
425.5,0,0.00762939453125,0,0,-0.00762939453125,0,-7.3500586710273758E-08,0,0,0,0,0
425.625,0,0.0152587890625,0,0.06103515625,-0.0152587890625,0,-9.3758571762975417E-07,0,0.0002,0,0,0
425.75,0,0.011444091796875,0,-0.030517578125,-0.011444091796875,0,-4.9820421022349936E-07,0,0,0,0,0
425.875,0,0.003814697265625,0,-0.06103515625,-0.003814697265625,0,3.6570815602213572E-07,0,0,0,0,0
426,0,0.011444091796875,0,0.06103515625,-0.011444091796875,0,-5.0440333178212407E-07,0,-0.0014,0,0,0
426.125,0,0.00762939453125,0,-0.030517578125,-0.00762939453125,0,-7.0935750273362533E-08,0,0.0006,0,0,0
426.25,0,0.00762939453125,0,0,-0.00762939453125,0,-7.3947854343006582E-08,0,0.0002,0,0,0
426.375,0,0.00762939453125,0,0,-0.00762939453125,0,-7.6903762963088963E-08,0,-0.0008,0,0,0
426.5,0,0.011444091796875,0,0.030517578125,-0.011444091796875,0,-5.1036496346219261E-07,0,-0.0002,0,0,0
426.625,0,0.011444091796875,0,0,-0.011444091796875,0,-5.0734659743047267E-07,0,0.0008,0,0,0
426.75,0,0.011444091796875,0,0,-0.011444091796875,0,-5.043845436748801E-07,0,0,0,0,0
426.875,0,0.011444091796875,0,0,-0.011444091796875,0,-5.0147775160300525E-07,0,-0.0008,0,0,0
427,0,0.00762939453125,0,-0.030517578125,-0.00762939453125,0,-6.8064751307107853E-08,0,0.0006,0,0,0
427.125,0,0.00762939453125,0,0,-0.00762939453125,0,-7.1130418292862829E-08,0,0,0,0,0
427.25,0,0.00762939453125,0,0,-0.00762939453125,0,-7.4138890530200231E-08,0,0.0002,0,0,0
427.375,0,0.011444091796875,0,0.030517578125,-0.011444091796875,0,-5.0765167399116519E-07,0,0.0002,0,0,0
427.5,0,0.011444091796875,0,0,-0.011444091796875,0,-5.0468392856155261E-07,0,0.0002,0,0,0
427.625,0,0.011444091796875,0,0,-0.011444091796875,0,-5.017715510026197E-07,0,0.0002,0,0,0
427.75,0,0.0152587890625,0,0.030517578125,-0.0152587890625,0,-9.2947394725705088E-07,0,-0.0006,0,0,0
427.875,0,0.011444091796875,0,-0.030517578125,-0.011444091796875,0,-4.9024377744481508E-07,0,0,0,0,0
428,0,0.00762939453125,0,-0.030517578125,-0.00762939453125,0,-5.7040364272598321E-08,0,-0.0004,0,0,0
428.125,0,0.00762939453125,0,0,-0.00762939453125,0,-6.0311708210816353E-08,0,0,0,0,0
428.25,0,0.00762939453125,0,0,-0.00762939453125,0,-6.3522020179677259E-08,0,0,0,0,0
428.375,0,0.011444091796875,0,0.030517578125,-0.011444091796875,0,-4.9723287774050428E-07,0,-0.0002,0,0,0
428.5,0,0.00762939453125,0,-0.030517578125,-0.00762939453125,0,-6.3899072117008766E-08,0,0.0004,0,0,0
428.625,0,0.0152587890625,0,0.06103515625,-0.0152587890625,0,-9.2816333410784851E-07,0,0.0004,0,0,0
428.75,0,0.011444091796875,0,-0.030517578125,-0.011444091796875,0,-4.8895761580638985E-07,0,0,0,0,0
428.875,0,0.0152587890625,0,0.030517578125,-0.0152587890625,0,-9.1689907579579052E-07,0,-0.0002,0,0,0
429,0,0.011444091796875,0,-0.030517578125,-0.011444091796875,0,-4.7790350961563607E-07,0,0.0002,0,0,0
429.125,0,0.00762939453125,0,-0.030517578125,-0.00762939453125,0,-4.4930323182714562E-08,0,0,0,0,0
429.25,0,0.0152587890625,0,0.06103515625,-0.0152587890625,0,-9.09548476456637E-07,0,0.0004,0,0,0
429.375,0,0.011444091796875,0,-0.030517578125,-0.011444091796875,0,-4.7069004705026611E-07,0,-0.0004,0,0,0
429.5,0,0.00762939453125,0,-0.030517578125,-0.00762939453125,0,-3.7851438892990004E-08,0,0.0002,0,0,0
429.625,0,0.011444091796875,0,0.030517578125,-0.011444091796875,0,-4.720412207613974E-07,0,0.0014,0,0,0
429.75,0,0.0152587890625,0,0.030517578125,-0.0152587890625,0,-9.0029828220497625E-07,0,0.0008,0,0,0
429.875,0,0.0152587890625,0,0,-0.0152587890625,0,-8.9217286836260374E-07,0,0,0,0,0
430,0,0.011444091796875,0,-0.030517578125,-0.011444091796875,0,-4.5363860773847779E-07,0,-0.0002,0,0,0
430.125,0,0.011444091796875,0,0,-0.011444091796875,0,-4.5167855941032425E-07,0,-0.0002,0,0,0
430.25,0,0.00762939453125,0,-0.030517578125,-0.00762939453125,0,-1.919463989263709E-08,0,0.0004,0,0,0
430.375,0,0.00762939453125,0,0,-0.00762939453125,0,-2.3172054220969407E-08,0,-0.0004,0,0,0
430.5,0,0.0152587890625,0,0.06103515625,-0.0152587890625,0,-8.8819614157874744E-07,0,0.0004,0,0,0
430.625,0,0.00762939453125,0,-0.06103515625,-0.00762939453125,0,-1.9175634013725727E-08,0,-0.0004,0,0,0
430.75,0,0.00762939453125,0,0,-0.00762939453125,0,-2.3153402926058145E-08,0,0.0002,0,0,0
430.875,0,0.003814697265625,0,-0.030517578125,-0.003814697265625,0,4.0350347849473474E-07,0,-0.0014,0,0,0
431,0,0.0152587890625,0,0.091552734375,-0.0152587890625,0,-8.9787357829003275E-07,0,-0.0002,0,0,0
431.125,0,0.0152587890625,0,0,-0.0152587890625,0,-8.8979340104088663E-07,0,0.0008,0,0,0
431.25,0,0.00762939453125,0,-0.06103515625,-0.00762939453125,0,-2.0743094135780347E-08,0,0.0004,0,0,0
431.375,0,0.0152587890625,0,0.06103515625,-0.0152587890625,0,-8.858124974922087E-07,0,0.001,0,0,0
431.5,0,0.011444091796875,0,-0.030517578125,-0.011444091796875,0,-4.4739689940170593E-07,0,0.0006,0,0,0
431.625,0,0.00762939453125,0,-0.030517578125,-0.00762939453125,0,-1.4992860858743127E-08,0,0,0,0,0
431.75,0,0.00762939453125,0,0,-0.00762939453125,0,-1.9048665858947653E-08,0,-0.0002,0,0,0
431.875,0,0.011444091796875,0,0.030517578125,-0.011444091796875,0,-4.5358924247389204E-07,0,0.0008,0,0,0
432,0,0.00762939453125,0,-0.030517578125,-0.00762939453125,0,-2.1069676215174538E-08,0,-0.0004,0,0,0
432.125,0,0.011444091796875,0,0.030517578125,-0.011444091796875,0,-4.5557254776319196E-07,0,-0.0004,0,0,0
432.25,0,0.0152587890625,0,0.030517578125,-0.0152587890625,0,-8.8413685771526195E-07,0,0,0,0,0
432.375,0,0.00762939453125,0,-0.06103515625,-0.00762939453125,0,-1.5192082354816438E-08,0,0.0002,0,0,0
432.5,0,0.003814697265625,0,-0.030517578125,-0.003814697265625,0,4.11316268345171E-07,0,0.0004,0,0,0
432.625,0,0.011444091796875,0,0.06103515625,-0.011444091796875,0,-4.5964610917484632E-07,0,-0.0006,0,0,0
432.75,0,0.011444091796875,0,0,-0.011444091796875,0,-4.5757398163689347E-07,0,0.0002,0,0,0
432.875,0,0.011444091796875,0,0,-0.011444091796875,0,-4.5554051283577442E-07,0,0.0004,0,0,0
433,0,0.00762939453125,0,-0.030517578125,-0.00762939453125,0,-2.2984542617344E-08,0,0.0002,0,0,0
433.125,0,0.003814697265625,0,-0.030517578125,-0.003814697265625,0,4.0366918845381228E-07,0,0.0002,0,0,0
433.25,0,0.00762939453125,0,0.030517578125,-0.00762939453125,0,-3.659008207445162E-08,0,0,0,0,0
433.375,0,0.011444091796875,0,0.030517578125,-0.011444091796875,0,-4.7080339650077752E-07,0,-0.0006,0,0,0
433.5,0,0.019073486328125,0,0.06103515625,-0.019073486328125,0,-1.3296439903818455E-06,0,0,0,0,0
433.625,0,0.00762939453125,0,-0.091552734375,-0.00762939453125,0,-2.3994913037255447E-08,0,0.0008,0,0,0
433.75,0,0.00762939453125,0,0,-0.00762939453125,0,-2.7882770862511014E-08,0,0.0006,0,0,0
433.875,0,0.011444091796875,0,0.030517578125,-0.011444091796875,0,-4.6225853361622355E-07,0,0.0004,0,0,0
434,0,0.0152587890625,0,0.030517578125,-0.0152587890625,0,-8.90698106184695E-07,0,0,0,0,0
434.125,0,0.00762939453125,0,-0.06103515625,-0.00762939453125,0,-2.1630920609031053E-08,0,0,0,0,0
434.25,0,0.00762939453125,0,0,-0.00762939453125,0,-2.5562882361041088E-08,0,0.0002,0,0,0
434.375,0,0.00762939453125,0,0,-0.00762939453125,0,-2.9421487298942255E-08,0,0.0002,0,0,0
434.5,0,0.00762939453125,0,0,-0.00762939453125,0,-3.3208104007302663E-08,0,0.0002,0,0,0
434.625,0,0.0152587890625,0,0.06103515625,-0.0152587890625,0,-8.9804495336913964E-07,0,0,0,0,0
434.75,0,0.011444091796875,0,-0.030517578125,-0.011444091796875,0,-4.5940113993768135E-07,0,0.0008,0,0,0
434.875,0,0.00762939453125,0,-0.030517578125,-0.00762939453125,0,-2.6773143763120186E-08,0,-0.0002,0,0,0
435,0,0.00762939453125,0,0,-0.00762939453125,0,-3.0609169406945039E-08,0,0.0014,0,0,0
435.125,0,0.0152587890625,0,0.06103515625,-0.0152587890625,0,-8.9549450590430976E-07,0,0.0004,0,0,0
435.25,0,0.011444091796875,0,-0.030517578125,-0.011444091796875,0,-4.5689827500604274E-07,0,0.0002,0,0,0
435.375,0,0.011444091796875,0,0,-0.011444091796875,0,-4.5487741255484204E-07,0,0.0002,0,0,0
435.5,0,0.003814697265625,0,-0.06103515625,-0.003814697265625,0,4.0822662542033431E-07,0,0,0,0,0
435.625,0,0.011444091796875,0,0.06103515625,-0.011444091796875,0,-4.6267811004312323E-07,0,-0.001,0,0,0
435.75,0,0.011444091796875,0,0,-0.011444091796875,0,-4.6054941585012639E-07,0,0,0,0,0
435.875,0,0.00762939453125,0,-0.030517578125,-0.00762939453125,0,-2.789999681645121E-08,0,0,0,0,0
436,0,0.003814697265625,0,-0.030517578125,-0.003814697265625,0,3.9884543963809546E-07,0,-0.0008,0,0,0
436.125,0,0.011444091796875,0,0.06103515625,-0.011444091796875,0,-4.7188427532797381E-07,0,0,0,0,0
436.25,0,0.0152587890625,0,0.030517578125,-0.0152587890625,0,-9.0014426483080435E-07,0,0,0,0,0
436.375,0,0.011444091796875,0,-0.030517578125,-0.011444091796875,0,-4.6146128550446647E-07,0,0.0002,0,0,0
436.5,0,0.00762939453125,0,-0.030517578125,-0.00762939453125,0,-2.8794854135233641E-08,0,-0.0002,0,0,0
436.625,0,0.00762939453125,0,0,-0.00762939453125,0,-3.259316165225493E-08,0,0.0002,0,0,0
436.75,0,0.011444091796875,0,0.030517578125,-0.011444091796875,0,-4.6688104479692331E-07,0,0.0002,0,0,0
436.875,0,0.00762939453125,0,-0.030517578125,-0.00762939453125,0,-3.41134994545629E-08,0,-0.0002,0,0,0
437,0,0.00762939453125,0,0,-0.00762939453125,0,-3.781257943565976E-08,0,-0.0004,0,0,0
437.125,0,0.00762939453125,0,0,-0.00762939453125,0,-4.1442647371456736E-08,0,0.0004,0,0,0
437.25,0,0.011444091796875,0,0.030517578125,-0.011444091796875,0,-4.7556542970390821E-07,0,0,0,0,0
437.375,0,0.011444091796875,0,0,-0.011444091796875,0,-4.7319630267551196E-07,0,0.001,0,0,0
437.5,0,0.011444091796875,0,0,-0.011444091796875,0,-4.7087137536775989E-07,0,0.0004,0,0,0
437.625,0,0.011444091796875,0,0,-0.011444091796875,0,-4.6858982316665631E-07,0,0,0,0,0
437.75,0,0.011444091796875,0,0,-0.011444091796875,0,-4.6635083684265226E-07,0,0.0004,0,0,0
437.875,0,0.011444091796875,0,0,-0.011444091796875,0,-4.641536222636247E-07,0,0.0002,0,0,0
438,0,0.003814697265625,0,-0.06103515625,-0.003814697265625,0,3.9912347771829527E-07,0,0.0004,0,0,0
438.125,0,0.00762939453125,0,0.030517578125,-0.00762939453125,0,-4.105098556146287E-08,0,-0.0004,0,0,0
438.25,0,0.003814697265625,0,-0.030517578125,-0.003814697265625,0,3.8593980288213166E-07,0,0.0002,0,0,0
438.375,0,0.011444091796875,0,0.06103515625,-0.011444091796875,0,-4.8454913751486159E-07,0,-0.0004,0,0,0
438.5,0,0.00762939453125,0,-0.030517578125,-0.00762939453125,0,-5.1451966638248311E-08,0,-0.0004,0,0,0
438.625,0,0.00762939453125,0,0,-0.00762939453125,0,-5.4827570758097011E-08,0,-0.001,0,0,0
438.75,0,0.011444091796875,0,0.030517578125,-0.011444091796875,0,-4.8870063668976376E-07,0,-0.0014,0,0,0
438.875,0,0.011444091796875,0,0,-0.011444091796875,0,-4.8608645210539046E-07,0,0.0004,0,0,0
439,0,0.00762939453125,0,-0.030517578125,-0.00762939453125,0,-5.2960600252776732E-08,0,0.0002,0,0,0
439.125,0,0.00762939453125,0,0,-0.00762939453125,0,-5.6308058484491407E-08,0,0.001,0,0,0
439.25,0,0.00762939453125,0,0,-0.00762939453125,0,-5.9593064717247658E-08,0,-0.0012,0,0,0
439.375,0,0.003814697265625,0,-0.030517578125,-0.003814697265625,0,3.67743654826294E-07,0,0,0,0,0
439.5,0,0.003814697265625,0,0,-0.003814697265625,0,3.5871506948225935E-07,0,-0.0002,0,0,0
439.625,0,0.003814697265625,0,0,-0.003814697265625,0,3.4985492633032125E-07,0,0.0008,0,0,0
439.75,0,0.0152587890625,0,0.091552734375,-0.0152587890625,0,-9.5052123392580562E-07,0,-0.0004,0,0,0
439.875,0,0.011444091796875,0,-0.030517578125,-0.011444091796875,0,-5.1089839450154562E-07,0,0,0,0,0
440,0,0.011444091796875,0,0,-0.011444091796875,0,-5.0787007649062E-07,0,-0.0004,0,0,0
440.125,0,0.011444091796875,0,0,-0.011444091796875,0,-5.0489825642535131E-07,0,0.001,0,0,0
440.25,0,0.00762939453125,0,-0.030517578125,-0.00762939453125,0,-7.1421441333625128E-08,0,-0.0004,0,0,0
440.375,0,0.00762939453125,0,0,-0.00762939453125,0,-7.4424484087043542E-08,0,-0.0004,0,0,0
440.5,0,0.011444091796875,0,0.030517578125,-0.011444091796875,0,-5.0793193935949059E-07,0,0,0,0,0
440.625,0,0.011444091796875,0,0,-0.011444091796875,0,-5.0495896514693909E-07,0,-0.0004,0,0,0
440.75,0,0.00762939453125,0,-0.030517578125,-0.00762939453125,0,-7.148101744032874E-08,0,0,0,0,0
440.875,0,0.0152587890625,0,0.06103515625,-0.0152587890625,0,-9.3560382654104769E-07,0,-0.0008,0,0,0
441,0,0.00762939453125,0,-0.06103515625,-0.00762939453125,0,-6.5698855455664062E-08,0,0,0,0,0
441.125,0,0.011444091796875,0,0.030517578125,-0.011444091796875,0,-4.99369100795224E-07,0,-0.0004,0,0,0
441.25,0,0.003814697265625,0,-0.06103515625,-0.003814697265625,0,3.645649982816329E-07,0,0,0,0,0
441.375,0,0.00762939453125,0,0.030517578125,-0.00762939453125,0,-7.4964723235155521E-08,0,0.001,0,0,0
441.5,0,0.00762939453125,0,0,-0.00762939453125,0,-7.7901660596868889E-08,0,0.0004,0,0,0
441.625,0,0.003814697265625,0,-0.030517578125,-0.003814697265625,0,3.4977663405580218E-07,0,0,0,0,0
441.75,0,0.011444091796875,0,0.06103515625,-0.011444091796875,0,-5.2003762662137321E-07,0,0.0002,0,0,0
441.875,0,0.00762939453125,0,-0.030517578125,-0.00762939453125,0,-8.6278363216250469E-08,0,0.0008,0,0,0
442,0,0.011444091796875,0,0.030517578125,-0.011444091796875,0,-5.195646660811733E-07,0,0.0008,0,0,0
442.125,0,0.003814697265625,0,-0.06103515625,-0.003814697265625,0,3.4474621243097384E-07,0,-0.0002,0,0,0
442.25,0,0.011444091796875,0,0.06103515625,-0.011444091796875,0,-5.2497419796807178E-07,0,-0.0004,0,0,0
442.375,0,0.011444091796875,0,0,-0.011444091796875,0,-5.2168327412233635E-07,0,-0.0002,0,0,0
442.5,0,0.011444091796875,0,0,-0.011444091796875,0,-5.1845374753934762E-07,0,0,0,0,0
442.625,0,0.011444091796875,0,0,-0.011444091796875,0,-5.1528447275842352E-07,0,0.0014,0,0,0
442.75,0,0.011444091796875,0,0,-0.011444091796875,0,-5.1217432568921872E-07,0,0.0002,0,0,0
442.875,0,0.011444091796875,0,0,-0.011444091796875,0,-5.0912220321302793E-07,0,0.0002,0,0,0
443,0,0.003814697265625,0,-0.06103515625,-0.003814697265625,0,3.5499385503997862E-07,0,0,0,0,0
443.125,0,0.00762939453125,0,0.030517578125,-0.00762939453125,0,-8.4357302029882425E-08,0,0,0,0,0
443.25,0,0.011444091796875,0,0.030517578125,-0.011444091796875,0,-5.1767944525573144E-07,0,-0.0002,0,0,0
443.375,0,0.011444091796875,0,0,-0.011444091796875,0,-5.1452461627877638E-07,0,0.0006,0,0,0
443.5,0,0.011444091796875,0,0,-0.011444091796875,0,-5.1142864550477544E-07,0,0.0002,0,0,0
443.625,0,0.0152587890625,0,0.030517578125,-0.0152587890625,0,-9.3895087375887843E-07,0,0.0006,0,0,0
443.75,0,0.00762939453125,0,-0.06103515625,-0.00762939453125,0,-6.89834583426347E-08,0,-0.0002,0,0,0
443.875,0,0.011444091796875,0,0.030517578125,-0.011444091796875,0,-5.0259242434668795E-07,0,0.0002,0,0,0
444,0,0.011444091796875,0,0,-0.011444091796875,0,-4.9971906702639776E-07,0,0.001,0,0,0
444.125,0,0.00762939453125,0,-0.030517578125,-0.00762939453125,0,-6.6338877705199292E-08,0,0.0004,0,0,0
444.25,0,0.00762939453125,0,0,-0.00762939453125,0,-6.9436743526287771E-08,0,0,0,0,0
444.375,0,0.011444091796875,0,0.030517578125,-0.011444091796875,0,-5.0303725279575084E-07,0,-0.0002,0,0,0
444.5,0,0.011444091796875,0,0,-0.011444091796875,0,-5.0015559651430428E-07,0,0.0006,0,0,0
444.625,0,0.00762939453125,0,-0.030517578125,-0.00762939453125,0,-6.6767263061876372E-08,0,0.0004,0,0,0
444.75,0,0.003814697265625,0,-0.030517578125,-0.003814697265625,0,3.6070330222268195E-07,0,-0.0008,0,0,0
444.875,0,0.003814697265625,0,0,-0.003814697265625,0,3.5180606552082065E-07,0,-0.0004,0,0,0
445,0,0.00762939453125,0,0.030517578125,-0.00762939453125,0,-8.7485618416308207E-08,0,0.0006,0,0,0
445.125,0,0.003814697265625,0,-0.030517578125,-0.003814697265625,0,3.4037147975901377E-07,0,-0.001,0,0,0
445.25,0,0.011444091796875,0,0.06103515625,-0.011444091796875,0,-5.2926731325114725E-07,0,0.0002,0,0,0
445.375,0,0.00762939453125,0,-0.030517578125,-0.00762939453125,0,-9.5335855799112062E-08,0,0.0002,0,0,0
445.5,0,0.011444091796875,0,0.030517578125,-0.011444091796875,0,-5.2845317716278965E-07,0,0.0014,0,0,0
445.625,0,0.011444091796875,0,0,-0.011444091796875,0,-5.2509734759157381E-07,0,0.0002,0,0,0
445.75,0,0.011444091796875,0,0,-0.011444091796875,0,-5.21804126199573E-07,0,-0.0002,0,0,0
445.875,0,0.011444091796875,0,0,-0.011444091796875,0,-5.1857234493458995E-07,0,-0.0004,0,0,0
446,0,0.0152587890625,0,0.030517578125,-0.0152587890625,0,-9.459612964519966E-07,0,0.0014,0,0,0
446.125,0,0.00762939453125,0,-0.06103515625,-0.00762939453125,0,-7.5863090782246287E-08,0,0,0,0,0
446.25,0,0.00762939453125,0,0,-0.00762939453125,0,-7.8783267711048611E-08,0,0,0,0,0
446.375,0,0.00762939453125,0,0,-0.00762939453125,0,-8.1648964232959479E-08,0,0.0002,0,0,0
446.5,0,0.011444091796875,0,0.030517578125,-0.011444091796875,0,-5.150216356797942E-07,0,0.0002,0,0,0
446.625,0,0.00762939453125,0,-0.030517578125,-0.00762939453125,0,-8.135595332613645E-08,0,0.0002,0,0,0
446.75,0,0.011444091796875,0,0.030517578125,-0.011444091796875,0,-5.1473409134359915E-07,0,0,0,0,0
446.875,0,0.011444091796875,0,0,-0.011444091796875,0,-5.1163421248901151E-07,0,-0.0012,0,0,0
447,0,0.00762939453125,0,-0.030517578125,-0.00762939453125,0,-7.8031727742295665E-08,0,0.0002,0,0,0
447.125,0,0.011444091796875,0,0.030517578125,-0.011444091796875,0,-5.1147188431781911E-07,0,0,0,0,0
447.25,0,0.00762939453125,0,-0.030517578125,-0.00762939453125,0,-7.78724280536344E-08,0,0,0,0,0
447.375,0,0.00762939453125,0,0,-0.00762939453125,0,-8.07551176949208E-08,0,-0.0008,0,0,0
447.5,0,0.00762939453125,0,0,-0.00762939453125,0,-8.3584026312513035E-08,0,0.0004,0,0,0
447.625,0,0.00762939453125,0,0,-0.00762939453125,0,-8.6360157274400559E-08,0,-0.0002,0,0,0
447.75,0,0.00762939453125,0,0,-0.00762939453125,0,-8.9084495229194623E-08,0,0,0,0,0
447.875,0,0.00762939453125,0,0,-0.00762939453125,0,-9.1758006455367178E-08,0,0.0008,0,0,0
448,0,0.00762939453125,0,0,-0.00762939453125,0,-9.4381639203974168E-08,0,-0.0004,0,0,0
448.125,0,0.011444091796875,0,0.030517578125,-0.011444091796875,0,-5.2751676295073779E-07,0,0.0006,0,0,0
448.25,0,0.003814697265625,0,-0.06103515625,-0.003814697265625,0,3.3694247419982643E-07,0,0.0008,0,0,0
448.375,0,0.003814697265625,0,0,-0.003814697265625,0,3.2848853241136411E-07,0,0.0002,0,0,0
448.5,0,0.00762939453125,0,0.030517578125,-0.00762939453125,0,-1.1036812696304785E-07,0,0.001,0,0,0
448.625,0,0.00762939453125,0,0,-0.00762939453125,0,-1.1264455919528979E-07,0,-0.0002,0,0,0
448.75,0,0.011444091796875,0,0.030517578125,-0.011444091796875,0,-5.4543895998710528E-07,0,-0.0004,0,0,0
448.875,0,0.011444091796875,0,0,-0.011444091796875,0,-5.4176623442561178E-07,0,0,0,0,0
449,0,0.00762939453125,0,-0.030517578125,-0.00762939453125,0,-1.0760159031129846E-07,0,0.0002,0,0,0
449.125,0,0.003814697265625,0,-0.030517578125,-0.003814697265625,0,3.206308023617804E-07,0,0.0002,0,0,0
449.25,0,0.00762939453125,0,0.030517578125,-0.00762939453125,0,-1.1807925893286382E-07,0,-0.0004,0,0,0
449.375,0,0.00762939453125,0,0,-0.00762939453125,0,-1.2021182809873959E-07,0,-0.0002,0,0,0
449.5,0,0.0152587890625,0,0.06103515625,-0.0152587890625,0,-9.83425488727448E-07,0,0,0,0,0
449.625,0,0.0152587890625,0,0,-0.0152587890625,0,-9.7374920856926234E-07,0,-0.0006,0,0,0
449.75,0,0.00762939453125,0,-0.06103515625,-0.00762939453125,0,-1.0313257651791811E-07,0,0,0,0,0
449.875,0,0.00762939453125,0,0,-0.00762939453125,0,-1.0554399910928736E-07,0,-0.0014,0,0,0
450,0,0.00762939453125,0,0,-0.00762939453125,0,-1.079104328910166E-07,0,-0.0004,0,0,0
450.125,0,0.00762939453125,0,0,-0.00762939453125,0,-1.1023271719877434E-07,0,0.0008,0,0,0
450.25,0,0.003814697265625,0,-0.030517578125,-0.003814697265625,0,3.180487632066261E-07,0,0.0004,0,0,0
450.375,0,0.011444091796875,0,0.06103515625,-0.011444091796875,0,-5.51173565078846E-07,0,-0.0008,0,0,0
450.5,0,0.00762939453125,0,-0.030517578125,-0.00762939453125,0,-1.1683341269423038E-07,0,0.0004,0,0,0
450.625,0,0.011444091796875,0,0.030517578125,-0.011444091796875,0,-5.4954966395997435E-07,0,-0.0002,0,0,0
450.75,0,0.003814697265625,0,-0.06103515625,-0.003814697265625,0,3.1532063095909112E-07,0,0,0,0,0
450.875,0,0.011444091796875,0,0.06103515625,-0.011444091796875,0,-5.5385079980937327E-07,0,-0.0002,0,0,0
451,0,0.011444091796875,0,0,-0.011444091796875,0,-5.5002113839522552E-07,0,0.0008,0,0,0
451.125,0,0.011444091796875,0,0,-0.011444091796875,0,-5.4626292522451852E-07,0,0.0004,0,0,0
451.25,0,0.003814697265625,0,-0.06103515625,-0.003814697265625,0,3.1854605051149087E-07,0,0.0002,0,0,0
451.375,0,0.011444091796875,0,0.06103515625,-0.011444091796875,0,-5.5068555543604471E-07,0,-0.0002,0,0,0
451.5,0,0.0152587890625,0,0.030517578125,-0.0152587890625,0,-9.7747538545589614E-07,0,-0.0004,0,0,0
451.625,0,0.00762939453125,0,-0.06103515625,-0.00762939453125,0,-1.067892358246646E-07,0,0.0008,0,0,0
451.75,0,0.00762939453125,0,0,-0.00762939453125,0,-1.0913243779387563E-07,0,-0.0002,0,0,0
451.875,0,0.011444091796875,0,0.030517578125,-0.011444091796875,0,-5.4199236263018107E-07,0,-0.0002,0,0,0
452,0,0.00762939453125,0,-0.030517578125,-0.00762939453125,0,-1.0782349974526073E-07,0,-0.0004,0,0,0
452.125,0,0.011444091796875,0,0.030517578125,-0.011444091796875,0,-5.407078448407569E-07,0,0.0002,0,0,0
452.25,0,0.00762939453125,0,-0.030517578125,-0.00762939453125,0,-1.0656294661740794E-07,0,0.0002,0,0,0
452.375,0,0.003814697265625,0,-0.030517578125,-0.003814697265625,0,3.216500685547735E-07,0,0.0004,0,0,0
452.5,0,0.011444091796875,0,0.06103515625,-0.011444091796875,0,-5.4763944763933941E-07,0,-0.0002,0,0,0
452.625,0,0.011444091796875,0,0,-0.011444091796875,0,-5.4392566858500069E-07,0,-0.0006,0,0,0
452.75,0,0.003814697265625,0,-0.06103515625,-0.003814697265625,0,3.2083970202164993E-07,0,-0.0002,0,0,0
452.875,0,0.00762939453125,0,0.030517578125,-0.00762939453125,0,-1.1787425661851364E-07,0,0,0,0,0
453,0,0.00762939453125,0,0,-0.00762939453125,0,-1.2001065041891386E-07,0,0.0002,0,0,0
453.125,0,0.00762939453125,0,0,-0.00762939453125,0,-1.2210718649618156E-07,0,-0.0002,0,0,0
453.25,0,0.00762939453125,0,0,-0.00762939453125,0,-1.2416460845764842E-07,0,-0.0006,0,0,0
453.375,0,0.003814697265625,0,-0.030517578125,-0.003814697265625,0,3.0437679287824927E-07,0,0.0008,0,0,0
453.5,0,0.00762939453125,0,0.030517578125,-0.00762939453125,0,-1.340300247870291E-07,0,0.0002,0,0,0
453.625,0,0.00762939453125,0,0,-0.00762939453125,0,-1.3586500780139667E-07,0,-0.0002,0,0,0
453.75,0,0.00762939453125,0,0,-0.00762939453125,0,-1.376657563759686E-07,0,-0.0002,0,0,0
453.875,0,0.011444091796875,0,0.030517578125,-0.011444091796875,0,-5.6999334812280141E-07,0,0,0,0,0
454,0,0,0,-0.091552734375,0,0,7.258187941878414E-07,0,0,0,0,0
454.125,0,0.00762939453125,0,0.06103515625,-0.00762939453125,0,-1.4884335329989698E-07,0,-0.0002,0,0,0
454.25,0,0.003814697265625,0,-0.030517578125,-0.003814697265625,0,2.8015846810415312E-07,0,-0.0002,0,0,0
454.375,0,0.011444091796875,0,0.06103515625,-0.011444091796875,0,-5.8835695825559673E-07,0,0,0,0,0
454.5,0,0.011444091796875,0,0,-0.011444091796875,0,-5.8388353120729533E-07,0,0.0006,0,0,0
454.625,0,0.011444091796875,0,0,-0.011444091796875,0,-5.7949356284376982E-07,0,0,0,0,0
454.75,0,0.003814697265625,0,-0.06103515625,-0.003814697265625,0,2.8593538171704008E-07,0,0.0006,0,0,0
454.875,0,0.00762939453125,0,0.030517578125,-0.00762939453125,0,-1.5212738296507631E-07,0,-0.0002,0,0,0
455,0,0.0152587890625,0,0.06103515625,-0.0152587890625,0,-1.0147456096671159E-06,0,0.0002,0,0,0
455.125,0,0.011444091796875,0,-0.030517578125,-0.011444091796875,0,-5.7392456540525676E-07,0,0.0008,0,0,0
455.25,0,0.0152587890625,0,0.030517578125,-0.0152587890625,0,-1.0002808358327461E-06,0,-0.0002,0,0,0
455.375,0,0.00762939453125,0,-0.06103515625,-0.00762939453125,0,-1.2916921533239722E-07,0,-0.0004,0,0,0
455.5,0,0.003814697265625,0,-0.030517578125,-0.003814697265625,0,2.9946555466763141E-07,0,-0.0004,0,0,0
455.625,0,0.011444091796875,0,0.06103515625,-0.011444091796875,0,-5.6941007518578082E-07,0,0.0006,0,0,0
455.75,0,0.003814697265625,0,-0.06103515625,-0.003814697265625,0,2.9583074635238829E-07,0,-0.001,0,0,0
455.875,0,0.00762939453125,0,0.030517578125,-0.00762939453125,0,-1.4241663162707859E-07,0,0,0,0,0
456,0,0.00762939453125,0,0,-0.00762939453125,0,-1.4409514954901357E-07,0,0.0004,0,0,0
456.125,0,0.003814697265625,0,-0.030517578125,-0.003814697265625,0,2.84818086786851E-07,0,0.0004,0,0,0
456.25,0,0.0152587890625,0,0.091552734375,-0.0152587890625,0,-1.01434471086569E-06,0,0,0,0,0
456.375,0,0.00762939453125,0,-0.06103515625,-0.00762939453125,0,-1.429707070738674E-07,0,-0.001,0,0,0
456.5,0,0.011444091796875,0,0.030517578125,-0.011444091796875,0,-5.7519932677907148E-07,0,0.0002,0,0,0
456.625,0,0.00762939453125,0,-0.030517578125,-0.00762939453125,0,-1.4041093673447194E-07,0,-0.0002,0,0,0
456.75,0,0.00762939453125,0,0,-0.00762939453125,0,-1.4212687398972592E-07,0,0,0,0,0
456.875,0,0.00762939453125,0,0,-0.00762939453125,0,-1.4381079778752655E-07,0,0.0002,0,0,0
457,0,0.011444091796875,0,0.030517578125,-0.011444091796875,0,-5.7602374430407744E-07,0,-0.001,0,0,0
457.125,0,0.011444091796875,0,0,-0.011444091796875,0,-5.7178041239409824E-07,0,0.0002,0,0,0
457.25,0,0.00762939453125,0,-0.030517578125,-0.00762939453125,0,-1.3705580747326412E-07,0,0.0004,0,0,0
457.375,0,0.00762939453125,0,0,-0.00762939453125,0,-1.3883433984236929E-07,0,0.0002,0,0,0
457.5,0,0.00762939453125,0,0,-0.00762939453125,0,-1.4057969094557829E-07,0,0.0002,0,0,0
457.625,0,0.00762939453125,0,0,-0.00762939453125,0,-1.4229247983061023E-07,0,0.0002,0,0,0
457.75,0,0.003814697265625,0,-0.030517578125,-0.003814697265625,0,2.8658712491985938E-07,0,-0.0004,0,0,0
457.875,0,0.011444091796875,0,0.06103515625,-0.011444091796875,0,-5.8204823795319927E-07,0,-0.0006,0,0,0
458,0,0.00762939453125,0,-0.030517578125,-0.00762939453125,0,-1.471320709017172E-07,0,-0.0008,0,0,0
458.125,0,0.011444091796875,0,0.030517578125,-0.011444091796875,0,-5.7928305394308473E-07,0,0.0002,0,0,0
458.25,0,0.00762939453125,0,-0.030517578125,-0.00762939453125,0,-1.4441847566641793E-07,0,-0.0012,0,0,0
458.375,0,0.00762939453125,0,0,-0.00762939453125,0,-1.4605964609864407E-07,0,-0.001,0,0,0
458.5,0,0.0152587890625,0,0.06103515625,-0.0152587890625,0,-1.0087910757953833E-06,0,0.0006,0,0,0
458.625,0,0.00762939453125,0,-0.06103515625,-0.00762939453125,0,-1.3752068363591509E-07,0,0.0006,0,0,0
458.75,0,0.003814697265625,0,-0.030517578125,-0.003814697265625,0,2.9126989589292289E-07,0,0,0,0,0
458.875,0,0.003814697265625,0,0,-0.003814697265625,0,2.8366804653262809E-07,0,-0.0006,0,0,0
459,0,0.00762939453125,0,0.030517578125,-0.00762939453125,0,-1.5435241751277419E-07,0,0,0,0,0
459.125,0,0.0152587890625,0,0.06103515625,-0.0152587890625,0,-1.0169291327617541E-06,0,0.0004,0,0,0
459.25,0,0.011444091796875,0,-0.030517578125,-0.011444091796875,0,-5.7606735150705057E-07,0,0.0006,0,0,0
459.375,0,0.011444091796875,0,0,-0.011444091796875,0,-5.7182320603740728E-07,0,0.0008,0,0,0
459.5,0,0.00762939453125,0,-0.030517578125,-0.00762939453125,0,-1.3709780273512E-07,0,0,0,0,0
459.625,0,0.011444091796875,0,0.030517578125,-0.011444091796875,0,-5.6943599053356311E-07,0,-0.0002,0,0,0
459.75,0,0.011444091796875,0,0,-0.011444091796875,0,-5.6531556333609583E-07,0,0,0,0,0
459.875,0,0.0152587890625,0,0.030517578125,-0.0152587890625,0,-9.91832447982207E-07,0,0.001,0,0,0
460,0,0.011444091796875,0,-0.030517578125,-0.011444091796875,0,-5.51438884110132E-07,0,-0.001,0,0,0
460.125,0,0.00762939453125,0,-0.030517578125,-0.00762939453125,0,-1.1709378178955954E-07,0,0,0,0,0
460.25,0,0.00762939453125,0,0,-0.00762939453125,0,-1.1924473655228727E-07,0,-0.0006,0,0,0
460.375,0,0.00762939453125,0,0,-0.00762939453125,0,-1.2135556193466045E-07,0,0.0006,0,0,0
460.5,0,0.00762939453125,0,0,-0.00762939453125,0,-1.2342700661219542E-07,0,0.0004,0,0,0
460.625,0,0.00762939453125,0,0,-0.00762939453125,0,-1.2545980529271147E-07,0,-0.0012,0,0,0
460.75,0,0.011444091796875,0,0.030517578125,-0.011444091796875,0,-5.5801511789267276E-07,0,-0.0008,0,0,0
460.875,0,0.0152587890625,0,0.030517578125,-0.0152587890625,0,-9.8466820361424736E-07,0,0.0006,0,0,0
461,0,0.00762939453125,0,-0.06103515625,-0.00762939453125,0,-1.138478608606409E-07,0,-0.0002,0,0,0
461.125,0,0.00762939453125,0,0,-0.00762939453125,0,-1.1605937328725564E-07,0,0,0,0,0
461.25,0,0.011444091796875,0,0.030517578125,-0.011444091796875,0,-5.4879006545259925E-07,0,0.001,0,0,0
461.375,0,0.00762939453125,0,-0.030517578125,-0.00762939453125,0,-1.1449438093161985E-07,0,0.0004,0,0,0
461.5,0,0.011444091796875,0,0.030517578125,-0.011444091796875,0,-5.4725427044438309E-07,0,-0.0002,0,0,0
461.625,0,0.011444091796875,0,0,-0.011444091796875,0,-5.4354767746500426E-07,0,-0.0006,0,0,0
461.75,0,0.011444091796875,0,0,-0.011444091796875,0,-5.3991023669750207E-07,0,-0.0002,0,0,0
461.875,0,0.003814697265625,0,-0.06103515625,-0.003814697265625,0,3.247802198308548E-07,0,0,0,0,0
462,0,0.011444091796875,0,0.06103515625,-0.011444091796875,0,-5.4456769416562095E-07,0,-0.0004,0,0,0
462.125,0,0.00762939453125,0,-0.030517578125,-0.00762939453125,0,-1.1035078449677214E-07,0,0,0,0,0
462.25,0,0.00762939453125,0,0,-0.00762939453125,0,-1.1262754027948455E-07,0,-0.0006,0,0,0
462.375,0,0.00762939453125,0,0,-0.00762939453125,0,-1.1486181966968416E-07,0,-0.0002,0,0,0
462.5,0,0.00762939453125,0,0,-0.00762939453125,0,-1.1705441513002093E-07,0,0,0,0,0
462.625,0,0.003814697265625,0,-0.030517578125,-0.003814697265625,0,3.1135433457722192E-07,0,0.0008,0,0,0
462.75,0,0.0152587890625,0,0.091552734375,-0.0152587890625,0,-9.8830353772738313E-07,0,0.001,0,0,0
462.875,0,0.00762939453125,0,-0.06103515625,-0.00762939453125,0,-1.1741537220601334E-07,0,0,0,0,0
463,0,0.011444091796875,0,0.030517578125,-0.011444091796875,0,-5.501207661190115E-07,0,-0.0002,0,0,0
463.125,0,0.011444091796875,0,0,-0.011444091796875,0,-5.4636069423937628E-07,0,0,0,0,0
463.25,0,0.00762939453125,0,-0.030517578125,-0.00762939453125,0,-1.1211033338727506E-07,0,0.0006,0,0,0
463.375,0,0.00762939453125,0,0,-0.00762939453125,0,-1.1435426207017907E-07,0,0,0,0,0
463.5,0,0.0152587890625,0,0.06103515625,-0.0152587890625,0,-9.7767720463228074E-07,0,-0.0006,0,0,0
463.625,0,0.00762939453125,0,-0.06103515625,-0.00762939453125,0,-1.0698728975287554E-07,0,0.0004,0,0,0
463.75,0,0.011444091796875,0,0.030517578125,-0.011444091796875,0,-5.39887235636181E-07,0,0,0,0,0
463.875,0,0.011444091796875,0,0,-0.011444091796875,0,-5.363180860596233E-07,0,0.0004,0,0,0
464,0,0.0152587890625,0,0.030517578125,-0.0152587890625,0,-9.6337596339191929E-07,0,-0.0002,0,0,0
464.125,0,0.011444091796875,0,-0.030517578125,-0.011444091796875,0,-5.2351329915263323E-07,0,0.0002,0,0,0
464.25,0,0.00762939453125,0,-0.030517578125,-0.00762939453125,0,-8.9689191712939513E-08,0,0,0,0,0
464.375,0,0.00762939453125,0,0,-0.00762939453125,0,-9.2351421393067607E-08,0,0.0008,0,0,0
464.5,0,0.00762939453125,0,0,-0.00762939453125,0,-9.4963983070280766E-08,0,0,0,0,0
464.625,0,0.011444091796875,0,0.030517578125,-0.011444091796875,0,-5.2808824229357187E-07,0,0.0002,0,0,0
464.75,0,0.00762939453125,0,-0.030517578125,-0.00762939453125,0,-9.4178782229739147E-08,0,0,0,0,0
464.875,0,0.0152587890625,0,0.06103515625,-0.0152587890625,0,-9.5787812950215E-07,0,-0.0004,0,0,0
465,0,0.00762939453125,0,-0.06103515625,-0.00762939453125,0,-8.7557596922332627E-08,0,0.0004,0,0,0
465.125,0,0.00762939453125,0,0,-0.00762939453125,0,-9.0259594792659942E-08,0,0.0004,0,0,0
465.25,0,0.011444091796875,0,0.030517578125,-0.011444091796875,0,-5.2347162163886869E-07,0,0,0,0,0
465.375,0,0.00762939453125,0,-0.030517578125,-0.00762939453125,0,-8.96482917575092E-08,0,0.0006,0,0,0
465.5,0,0.00762939453125,0,0,-0.00762939453125,0,-9.23112844894208E-08,0,0.0002,0,0,0
465.625,0,0.00762939453125,0,0,-0.00762939453125,0,-9.492459498250894E-08,0,0.0004,0,0,0
465.75,0,0.003814697265625,0,-0.030517578125,-0.003814697265625,0,3.3307128878014685E-07,0,0.0004,0,0,0
465.875,0,0.00762939453125,0,0.030517578125,-0.00762939453125,0,-1.0587086898622662E-07,0,-0.0006,0,0,0
466,0,0.00762939453125,0,0,-0.00762939453125,0,-1.0823120450599079E-07,0,0.0004,0,0,0
466.125,0,0.011444091796875,0,0.030517578125,-0.011444091796875,0,-5.41107943240024E-07,0,0.0002,0,0,0
466.25,0,0.00762939453125,0,-0.030517578125,-0.00762939453125,0,-1.0695558056362304E-07,0,0.0002,0,0,0
466.375,0,0.011444091796875,0,0.030517578125,-0.011444091796875,0,-5.3985611803078622E-07,0,0.0004,0,0,0
466.5,0,0.00762939453125,0,-0.030517578125,-0.00762939453125,0,-1.0572711008542346E-07,0,0.0002,0,0,0
466.625,0,0.00762939453125,0,0,-0.00762939453125,0,-1.0809012764932432E-07,0,-0.0006,0,0,0
466.75,0,0.00762939453125,0,0,-0.00762939453125,0,-1.1040905947406904E-07,0,0,0,0,0
466.875,0,0.00762939453125,0,0,-0.00762939453125,0,-1.1268472804715267E-07,0,0,0,0,0
467,0,0.011444091796875,0,0.030517578125,-0.011444091796875,0,-5.4547837942704991E-07,0,0,0,0,0
467.125,0,0.011444091796875,0,0,-0.011444091796875,0,-5.4180491843507391E-07,0,0.0004,0,0,0
467.25,0,0.011444091796875,0,0,-0.011444091796875,0,-5.3819999152662173E-07,0,-0.0006,0,0,0
467.375,0,0.011444091796875,0,0,-0.011444091796875,0,-5.3466232009260648E-07,0,0.0008,0,0,0
467.5,0,0.011444091796875,0,0,-0.011444091796875,0,-5.31190649378367E-07,0,-0.0012,0,0,0
467.625,0,0.003814697265625,0,-0.06103515625,-0.003814697265625,0,3.3333712979287954E-07,0,-0.0004,0,0,0
467.75,0,0.0152587890625,0,0.091552734375,-0.0152587890625,0,-9.6673086547932667E-07,0,0,0,0,0
467.875,0,0.00762939453125,0,-0.06103515625,-0.00762939453125,0,-9.62451714487141E-08,0,-0.0006,0,0,0
468,0,0.00762939453125,0,0,-0.00762939453125,0,-9.87850892099806E-08,0,0.0006,0,0,0
468.125,0,0.00762939453125,0,0,-0.00762939453125,0,-1.0127762088592474E-07,0,0.0002,0,0,0
468.25,0,0.011444091796875,0,0.030517578125,-0.011444091796875,0,-5.3428408945284531E-07,0,-0.0004,0,0,0
468.375,0,0.00762939453125,0,-0.030517578125,-0.00762939453125,0,-1.0025903629910583E-07,0,0.0006,0,0,0
468.5,0,0.00762939453125,0,0,-0.00762939453125,0,-1.0272406921757402E-07,0,-0.001,0,0,0
468.625,0,0.00762939453125,0,0,-0.00762939453125,0,-1.0514311314302113E-07,0,0.0002,0,0,0
468.75,0,0.00762939453125,0,0,-0.00762939453125,0,-1.0751702607108012E-07,0,0.0004,0,0,0
468.875,0,0.003814697265625,0,-0.030517578125,-0.003814697265625,0,3.2071378892560176E-07,0,0.0002,0,0,0
469,0,0.00762939453125,0,0.030517578125,-0.00762939453125,0,-1.1799782061145165E-07,0,0.001,0,0,0
469.125,0,0.003814697265625,0,-0.030517578125,-0.003814697265625,0,3.1042852978086783E-07,0,0,0,0,0
469.25,0,0.00762939453125,0,0.030517578125,-0.00762939453125,0,-1.2809119237509495E-07,0,0.0012,0,0,0
469.375,0,0.00762939453125,0,0,-0.00762939453125,0,-1.3003697347264409E-07,0,0,0,0,0
469.5,0,0.003814697265625,0,-0.030517578125,-0.003814697265625,0,2.9861398589457585E-07,0,-0.0002,0,0,0
469.625,0,0.003814697265625,0,0,-0.003814697265625,0,2.9087512120223346E-07,0,0.0004,0,0,0
469.75,0,0.011444091796875,0,0.06103515625,-0.011444091796875,0,-5.7784024085851434E-07,0,-0.0004,0,0,0
469.875,0,0.00762939453125,0,-0.030517578125,-0.00762939453125,0,-1.430025804864239E-07,0,0.001,0,0,0
470,0,0.011444091796875,0,0.030517578125,-0.011444091796875,0,-5.7523060554393107E-07,0,0,0,0,0
470.125,0,0.00762939453125,0,-0.030517578125,-0.00762939453125,0,-1.4044163194570508E-07,0,0,0,0,0
470.25,0,0.00762939453125,0,0,-0.00762939453125,0,-1.4215699653442605E-07,0,0,0,0,0
470.375,0,0.011444091796875,0,0.030517578125,-0.011444091796875,0,-5.7440079726542464E-07,0,0,0,0,0
470.5,0,0.00762939453125,0,-0.030517578125,-0.00762939453125,0,-1.3962730502115672E-07,0,-0.0006,0,0,0
470.625,0,0.011444091796875,0,0.030517578125,-0.011444091796875,0,-5.719183010510406E-07,0,0.0004,0,0,0
470.75,0,0.00762939453125,0,-0.030517578125,-0.00762939453125,0,-1.3719112360452765E-07,0,0,0,0,0
470.875,0,0.011444091796875,0,0.030517578125,-0.011444091796875,0,-5.6952757035814339E-07,0,-0.0014,0,0,0
471,0,0.00762939453125,0,-0.030517578125,-0.00762939453125,0,-1.3484499568197367E-07,0,0,0,0,0
471.125,0,0.00762939453125,0,0,-0.00762939453125,0,-1.366647741566699E-07,0,0,0,0,0
471.25,0,0.011444091796875,0,0.030517578125,-0.011444091796875,0,-5.6901104077147411E-07,0,-0.0002,0,0,0
471.375,0,0.011444091796875,0,0,-0.011444091796875,0,-5.648985416675818E-07,0,0.0006,0,0,0
471.5,0,0.00762939453125,0,-0.030517578125,-0.00762939453125,0,-1.3030232866494175E-07,0,0.0002,0,0,0
471.625,0,0.00762939453125,0,0,-0.00762939453125,0,-1.322068576028785E-07,0,0.0002,0,0,0
471.75,0,0.0152587890625,0,0.06103515625,-0.0152587890625,0,-9.9519673244600162E-07,0,-0.0002,0,0,0
471.875,0,0.011444091796875,0,-0.030517578125,-0.011444091796875,0,-5.547404026556435E-07,0,0,0,0,0
472,0,0.011444091796875,0,0,-0.011444091796875,0,-5.5089414432760379E-07,0,0.0008,0,0,0
472.125,0,0.00762939453125,0,-0.030517578125,-0.00762939453125,0,-1.1655920496829207E-07,0,0.0004,0,0,0
472.25,0,0.019073486328125,0,0.091552734375,-0.019073486328125,0,-1.4104014498338145E-06,0,0,0,0,0
472.375,0,0.00762939453125,0,-0.091552734375,-0.00762939453125,0,-1.0324571746189792E-07,0,0.0002,0,0,0
472.5,0,0.011444091796875,0,0.030517578125,-0.011444091796875,0,-5.3621546815011631E-07,0,-0.0004,0,0,0
472.625,0,0.00762939453125,0,-0.030517578125,-0.00762939453125,0,-1.0215438214636323E-07,0,0.0004,0,0,0
472.75,0,0.00762939453125,0,0,-0.00762939453125,0,-1.0458405446323904E-07,0,-0.001,0,0,0
472.875,0,0.011444091796875,0,0.030517578125,-0.011444091796875,0,-5.3752883640943639E-07,0,-0.0004,0,0,0
473,0,0.003814697265625,0,-0.06103515625,-0.003814697265625,0,3.2711719142167768E-07,0,0.0002,0,0,0
473.125,0,0.011444091796875,0,0.06103515625,-0.011444091796875,0,-5.4227432238613353E-07,0,-0.0002,0,0,0
473.25,0,0.011444091796875,0,0,-0.011444091796875,0,-5.386606380226114E-07,0,0.0004,0,0,0
473.375,0,0.00762939453125,0,-0.030517578125,-0.00762939453125,0,-1.045539336016116E-07,0,0.0002,0,0,0
473.5,0,0.003814697265625,0,-0.030517578125,-0.003814697265625,0,3.2362160033254235E-07,0,0.0002,0,0,0
473.625,0,0.00762939453125,0,0.030517578125,-0.00762939453125,0,-1.1514425891351026E-07,0,-0.0006,0,0,0
473.75,0,0.011444091796875,0,0.030517578125,-0.011444091796875,0,-5.4789202394965909E-07,0,0.0012,0,0,0
473.875,0,0.011444091796875,0,0,-0.011444091796875,0,-5.4417353269448711E-07,0,0.001,0,0,0
474,0,0.011444091796875,0,0,-0.011444091796875,0,-5.4052441563188743E-07,0,0,0,0,0
474.125,0,0.00762939453125,0,-0.030517578125,-0.00762939453125,0,-1.0638293956348951E-07,0,0,0,0,0
474.25,0,0.011444091796875,0,0.030517578125,-0.011444091796875,0,-5.3929416053218377E-07,0,-0.0002,0,0,0
474.375,0,0.00762939453125,0,-0.030517578125,-0.00762939453125,0,-1.0517563677114472E-07,0,0.0004,0,0,0
474.5,0,0.003814697265625,0,-0.030517578125,-0.003814697265625,0,3.2301149599502104E-07,0,0.0002,0,0,0
474.625,0,0.011444091796875,0,0.06103515625,-0.011444091796875,0,-5.4630341972888284E-07,0,-0.0004,0,0,0
474.75,0,0.00762939453125,0,-0.030517578125,-0.00762939453125,0,-1.1205412742115832E-07,0,0,0,0,0
474.875,0,0.011444091796875,0,0.030517578125,-0.011444091796875,0,-5.448595436288478E-07,0,0.0004,0,0,0
475,0,0.00762939453125,0,-0.030517578125,-0.00762939453125,0,-1.106371890578936E-07,0,0,0,0,0
475.125,0,0.00762939453125,0,0,-0.00762939453125,0,-1.1290860152155177E-07,0,0,0,0,0
475.25,0,0.00762939453125,0,0,-0.00762939453125,0,-1.1513763728055964E-07,0,0,0,0,0
475.375,0,0.00762939453125,0,0,-0.00762939453125,0,-1.173250869377363E-07,0,0,0,0,0
475.5,0,0.011444091796875,0,0.030517578125,-0.011444091796875,0,-5.5003216526173829E-07,0,-0.0002,0,0,0
475.625,0,0.00762939453125,0,-0.030517578125,-0.00762939453125,0,-1.1571330745206731E-07,0,0.0006,0,0,0
475.75,0,0.00762939453125,0,0,-0.00762939453125,0,-1.1789001709384638E-07,0,0.0002,0,0,0
475.875,0,0.011444091796875,0,0.030517578125,-0.011444091796875,0,-5.5058655577401151E-07,0,0.0002,0,0,0
476,0,0.011444091796875,0,0,-0.011444091796875,0,-5.4681779386957679E-07,0,-0.0002,0,0,0
476.125,0,0.0152587890625,0,0.030517578125,-0.0152587890625,0,-9.73679782950005E-07,0,0,0,0,0
476.25,0,0.00762939453125,0,-0.06103515625,-0.00762939453125,0,-1.0306444614072267E-07,0,0,0,0,0
476.375,0,0.011444091796875,0,0.030517578125,-0.011444091796875,0,-5.3603757872516733E-07,0,0.0002,0,0,0
476.5,0,0.00762939453125,0,-0.030517578125,-0.00762939453125,0,-1.0197981152314763E-07,0,-0.0008,0,0,0
476.625,0,0.00762939453125,0,0,-0.00762939453125,0,-1.04412740724389E-07,0,-0.0002,0,0,0
476.75,0,0.003814697265625,0,-0.030517578125,-0.003814697265625,0,3.2376015903875793E-07,0,0,0,0,0
476.875,0,0.00762939453125,0,0.030517578125,-0.00762939453125,0,-1.1500828523377664E-07,0,-0.0006,0,0,0
477,0,0.003814697265625,0,-0.030517578125,-0.003814697265625,0,3.1336229076275687E-07,0,0,0,0,0
477.125,0,0.003814697265625,0,0,-0.003814697265625,0,3.0534827368418313E-07,0,0,0,0,0
477.25,0,0.00762939453125,0,0.030517578125,-0.00762939453125,0,-1.3307666845467507E-07,0,0.0002,0,0,0
477.375,0,0.00762939453125,0,0,-0.00762939453125,0,-1.3492943780259895E-07,0,0.0002,0,0,0
477.5,0,0.00762939453125,0,0,-0.00762939453125,0,-1.3674764087922766E-07,0,-0.0004,0,0,0
477.625,0,0.011444091796875,0,0.030517578125,-0.011444091796875,0,-5.690923614874464E-07,0,0.001,0,0,0
477.75,0,0.003814697265625,0,-0.06103515625,-0.003814697265625,0,2.9614253261139889E-07,0,0.0004,0,0,0
477.875,0,0.00762939453125,0,0.030517578125,-0.00762939453125,0,-1.4211066222186425E-07,0,0.0008,0,0,0
478,0,0.011444091796875,0,0.030517578125,-0.011444091796875,0,-5.7435532739096469E-07,0,-0.0002,0,0,0
478.125,0,0.011444091796875,0,0,-0.011444091796875,0,-5.70143122373125E-07,0,0.0006,0,0,0
478.25,0,0.011444091796875,0,0,-0.011444091796875,0,-5.6600950253997685E-07,0,0.0008,0,0,0
478.375,0,0.011444091796875,0,0,-0.011444091796875,0,-5.6195300176363086E-07,0,0,0,0,0
478.5,0,0.011444091796875,0,0,-0.011444091796875,0,-5.5797218126907567E-07,0,0.0002,0,0,0
478.625,0,0.011444091796875,0,0,-0.011444091796875,0,-5.5406562912386815E-07,0,-0.0002,0,0,0
478.75,0,0.011444091796875,0,0,-0.011444091796875,0,-5.5023195973734359E-07,0,-0.0006,0,0,0
478.875,0,0.00762939453125,0,-0.030517578125,-0.00762939453125,0,-1.1590937445341646E-07,0,-0.0004,0,0,0
479,0,0.003814697265625,0,-0.030517578125,-0.003814697265625,0,3.1247801275302949E-07,0,0.0008,0,0,0
479.125,0,0.00762939453125,0,0.030517578125,-0.00762939453125,0,-1.2607994567044816E-07,0,0.0008,0,0,0
479.25,0,0.011444091796875,0,0.030517578125,-0.011444091796875,0,-5.5862368859469028E-07,0,-0.0002,0,0,0
479.375,0,0.00762939453125,0,-0.030517578125,-0.00762939453125,0,-1.2414454265919377E-07,0,0.0004,0,0,0
479.5,0,0.00762939453125,0,0,-0.00762939453125,0,-1.2616395459748395E-07,0,-0.0006,0,0,0
479.625,0,0.011444091796875,0,0.030517578125,-0.011444091796875,0,-5.5870613020555345E-07,0,-0.0002,0,0,0
479.75,0,0.00762939453125,0,-0.030517578125,-0.00762939453125,0,-1.2422544619458612E-07,0,0.001,0,0,0
479.875,0,0.00762939453125,0,0,-0.00762939453125,0,-1.2624334875257688E-07,0,-0.0002,0,0,0
480,0,0.00762939453125,0,0,-0.00762939453125,0,-1.2822360422441258E-07,0,-0.0004,0,0,0
480.125,0,0.00762939453125,0,0,-0.00762939453125,0,-1.3016691497458074E-07,0,-0.0002,0,0,0
480.25,0,0.003814697265625,0,-0.030517578125,-0.003814697265625,0,2.9848646865187764E-07,0,0.0004,0,0,0
480.375,0,0.00762939453125,0,0.030517578125,-0.00762939453125,0,-1.3981045592527649E-07,0,0.0002,0,0,0
480.5,0,0.00762939453125,0,0,-0.00762939453125,0,-1.4153759607666077E-07,0,-0.0002,0,0,0
480.625,0,0.00762939453125,0,0,-0.00762939453125,0,-1.4323251376327659E-07,0,-0.0002,0,0,0
480.75,0,0.011444091796875,0,0.030517578125,-0.011444091796875,0,-5.7545624906068148E-07,0,0.0002,0,0,0
480.875,0,0.003814697265625,0,-0.06103515625,-0.003814697265625,0,2.8989737318130536E-07,0,0,0,0,0
481,0,0.011444091796875,0,0.06103515625,-0.011444091796875,0,-5.7879974748129556E-07,0,-0.0002,0,0,0
481.125,0,0.00762939453125,0,-0.030517578125,-0.00762939453125,0,-1.4394418603249006E-07,0,-0.0002,0,0,0
481.25,0,0.00762939453125,0,0,-0.00762939453125,0,-1.4559420506973938E-07,0,-0.0004,0,0,0
481.375,0,0.011444091796875,0,0.030517578125,-0.011444091796875,0,-5.7777387937136731E-07,0,-0.0004,0,0,0
481.5,0,0.0152587890625,0,0.030517578125,-0.0152587890625,0,-1.0040583349067319E-06,0,0.001,0,0,0
481.625,0,0.00762939453125,0,-0.06103515625,-0.00762939453125,0,-1.3287623933189252E-07,0,-0.0002,0,0,0
481.75,0,0.00762939453125,0,0,-0.00762939453125,0,-1.3473274799439506E-07,0,0,0,0,0
481.875,0,0.011444091796875,0,0.030517578125,-0.011444091796875,0,-5.671150595386717E-07,0,-0.0002,0,0,0
482,0,0.011444091796875,0,0,-0.011444091796875,0,-5.6303793289046965E-07,0,0.0002,0,0,0
482.125,0,0.011444091796875,0,0,-0.011444091796875,0,-5.5903687133152678E-07,0,-0.0006,0,0,0
482.25,0,0.011444091796875,0,0,-0.011444091796875,0,-5.5511045575022281E-07,0,0,0,0,0
482.375,0,0.011444091796875,0,0,-0.011444091796875,0,-5.5125729351065457E-07,0,0,0,0,0
482.5,0,0.00762939453125,0,-0.030517578125,-0.00762939453125,0,-1.1691557904293766E-07,0,0,0,0,0
482.625,0,0.00762939453125,0,0,-0.00762939453125,0,-1.1906985845289803E-07,0,0,0,0,0
482.75,0,0.00762939453125,0,0,-0.00762939453125,0,-1.2118394645607928E-07,0,0.0006,0,0,0
482.875,0,0.003814697265625,0,-0.030517578125,-0.003814697265625,0,3.0730184603055669E-07,0,0.0006,0,0,0
483,0,0.00762939453125,0,0.030517578125,-0.00762939453125,0,-1.3115954301508741E-07,0,0.0006,0,0,0
483.125,0,0,0,-0.06103515625,0,0,7.2807279853499836E-07,0,-0.0006,0,0,0
483.25,0,0.011444091796875,0,0.091552734375,-0.011444091796875,0,-5.771918397978666E-07,0,0,0,0,0
483.375,0,0.011444091796875,0,0,-0.011444091796875,0,-5.7292671526389881E-07,0,0,0,0,0
483.5,0,0.00762939453125,0,-0.030517578125,-0.00762939453125,0,-1.381807242941059E-07,0,0.0004,0,0,0
483.625,0,0.011444091796875,0,0.030517578125,-0.011444091796875,0,-5.704987085197507E-07,0,0.0002,0,0,0
483.75,0,0.011444091796875,0,0,-0.011444091796875,0,-5.6635845467831283E-07,0,-0.0006,0,0,0
483.875,0,0.003814697265625,0,-0.06103515625,-0.003814697265625,0,2.9882543417016706E-07,0,-0.0004,0,0,0
484,0,0.011444091796875,0,0.06103515625,-0.011444091796875,0,-5.7003825324756E-07,0,-0.0006,0,0,0
484.125,0,0.00762939453125,0,-0.030517578125,-0.00762939453125,0,-1.3534615099402547E-07,0,-0.0002,0,0,0
484.25,0,0.011444091796875,0,0.030517578125,-0.011444091796875,0,-5.6771701855876825E-07,0,-0.0004,0,0,0
484.375,0,0.003814697265625,0,-0.06103515625,-0.003814697265625,0,2.9749221639537575E-07,0,0,0,0,0
484.5,0,0.003814697265625,0,0,-0.003814697265625,0,2.8977428004410479E-07,0,0.0002,0,0,0
484.625,0,0.00762939453125,0,0.030517578125,-0.00762939453125,0,-1.4836010521031685E-07,0,0.0004,0,0,0
484.75,0,0.011444091796875,0,0.030517578125,-0.011444091796875,0,-5.8048817737661053E-07,0,0.0002,0,0,0
484.875,0,0.003814697265625,0,-0.06103515625,-0.003814697265625,0,2.8495932325315365E-07,0,0.0008,0,0,0
485,0,0.011444091796875,0,0.06103515625,-0.011444091796875,0,-5.8364567046786276E-07,0,0.0006,0,0,0
485.125,0,0.011444091796875,0,0,-0.011444091796875,0,-5.7926013976348727E-07,0,0.001,0,0,0
485.25,0,0.003814697265625,0,-0.06103515625,-0.003814697265625,0,2.8616444992955207E-07,0,0,0,0,0
485.375,0,0.011444091796875,0,0.06103515625,-0.011444091796875,0,-5.8246302728930946E-07,0,0,0,0,0
485.5,0,0.00762939453125,0,-0.030517578125,-0.00762939453125,0,-1.475391217026781E-07,0,0.0008,0,0,0
485.625,0,0.00762939453125,0,0,-0.00762939453125,0,-1.4912207166745831E-07,0,0,0,0,0
485.75,0,0.00762939453125,0,0,-0.00762939453125,0,-1.5067548925790892E-07,0,0,0,0,0
485.875,0,0.00762939453125,0,0,-0.00762939453125,0,-1.5219992544604609E-07,0,0.0004,0,0,0
486,0,0.00762939453125,0,0,-0.00762939453125,0,-1.5369592092465272E-07,0,-0.0008,0,0,0
486.125,0,0.003814697265625,0,-0.030517578125,-0.003814697265625,0,2.7539643261669956E-07,0,0.0002,0,0,0
486.25,0,0.003814697265625,0,0,-0.003814697265625,0,2.6809072720903164E-07,0,0,0,0,0
486.375,0,0.003814697265625,0,0,-0.003814697265625,0,2.6092132100957715E-07,0,-0.0002,0,0,0
486.5,0,0.00762939453125,0,0.030517578125,-0.00762939453125,0,-1.7667476776947706E-07,0,-0.0004,0,0,0
486.625,0,0.00762939453125,0,0,-0.00762939453125,0,-1.77714147296073E-07,0,0,0,0,0
486.75,0,0.011444091796875,0,0.030517578125,-0.011444091796875,0,-6.0929457450943E-07,0,0.0004,0,0,0
486.875,0,0.00762939453125,0,-0.030517578125,-0.00762939453125,0,-1.7387008500418005E-07,0,-0.0008,0,0,0
487,0,0.011444091796875,0,0.030517578125,-0.011444091796875,0,-6.0552222913157495E-07,0,0,0,0,0
487.125,0,0.003814697265625,0,-0.06103515625,-0.003814697265625,0,2.6039232036509181E-07,0,0.0002,0,0,0
487.25,0,0.00762939453125,0,0.030517578125,-0.00762939453125,0,-1.7719389909060968E-07,0,0.0004,0,0,0
487.375,0,0.00762939453125,0,0,-0.00762939453125,0,-1.7822359342130995E-07,0,0.0006,0,0,0
487.5,0,0.00762939453125,0,0,-0.00762939453125,0,-1.7923407721529343E-07,0,0,0,0,0
487.625,0,0.003814697265625,0,-0.030517578125,-0.003814697265625,0,2.5033473004098575E-07,0,0.0006,0,0,0
487.75,0,0.011444091796875,0,0.06103515625,-0.011444091796875,0,-6.176242884625552E-07,0,0.0004,0,0,0
487.875,0,0.00762939453125,0,-0.030517578125,-0.00762939453125,0,-1.8204439528947278E-07,0,0,0,0,0
488,0,0.00762939453125,0,0,-0.00762939453125,0,-1.8298359612851743E-07,0,-0.0006,0,0,0
488.125,0,0.00762939453125,0,0,-0.00762939453125,0,-1.8390527472657755E-07,0,0,0,0,0
488.25,0,0.00762939453125,0,0,-0.00762939453125,0,-1.8480975798809823E-07,0,0.0002,0,0,0
488.375,0,0.003814697265625,0,-0.030517578125,-0.003814697265625,0,2.4486307219713544E-07,0,-0.001,0,0,0
488.5,0,0.00762939453125,0,0.030517578125,-0.00762939453125,0,-1.924334251699611E-07,0,0.0002,0,0,0
488.625,0,0.00762939453125,0,0,-0.00762939453125,0,-1.9317880262470534E-07,0,0.0004,0,0,0
488.75,0,0.00762939453125,0,0,-0.00762939453125,0,-1.9391027391279863E-07,0,0,0,0,0
488.875,0,0,0,-0.06103515625,0,0,6.66492779356267E-07,0,0.0004,0,0,0
489,0,0.00762939453125,0,0.06103515625,-0.00762939453125,0,-2.0706254977557183E-07,0,-0.0004,0,0,0
489.125,0,0.011444091796875,0,0.030517578125,-0.011444091796875,0,-6.3809543725154956E-07,0,0.0004,0,0,0
489.25,0,0.011444091796875,0,0,-0.011444091796875,0,-6.3269406212341275E-07,0,0.0002,0,0,0
489.375,0,0.00762939453125,0,-0.030517578125,-0.00762939453125,0,-1.968330190676955E-07,0,-0.0004,0,0,0
489.5,0,0.00762939453125,0,0,-0.00762939453125,0,-1.9749631530902365E-07,0,0,0,0,0
489.625,0,0.00762939453125,0,0,-0.00762939453125,0,-1.9814723673540114E-07,0,0.0004,0,0,0
489.75,0,0.003814697265625,0,-0.030517578125,-0.003814697265625,0,2.3177442469765599E-07,0,0.0002,0,0,0
489.875,0,0.00762939453125,0,0.030517578125,-0.00762939453125,0,-2.052778837525303E-07,0,0.0006,0,0,0
490,0,0.011444091796875,0,0.030517578125,-0.011444091796875,0,-6.3634406692718357E-07,0,-0.0006,0,0,0
490.125,0,0.0152587890625,0,0.030517578125,-0.0152587890625,0,-1.0615358052308363E-06,0,-0.0012,0,0,0
490.25,0,0.00762939453125,0,-0.06103515625,-0.00762939453125,0,-1.892813787504743E-07,0,0.0002,0,0,0
490.375,0,0.00762939453125,0,0,-0.00762939453125,0,-1.9008556249526919E-07,0,-0.0002,0,0,0
490.5,0,0.011444091796875,0,0.030517578125,-0.011444091796875,0,-6.2143518186707811E-07,0,-0.0002,0,0,0
490.625,0,0.011444091796875,0,0,-0.011444091796875,0,-6.1634462951248948E-07,0,0.0004,0,0,0
490.75,0,0.003814697265625,0,-0.06103515625,-0.003814697265625,0,2.4977182856392087E-07,0,0.0004,0,0,0
490.875,0,0.00762939453125,0,0.030517578125,-0.00762939453125,0,-1.8761624922816832E-07,0,-0.0006,0,0,0
491,0,0.003814697265625,0,-0.030517578125,-0.003814697265625,0,2.421089403819989E-07,0,-0.0006,0,0,0
491.125,0,0.003814697265625,0,0,-0.003814697265625,0,2.3542426450971823E-07,0,0,0,0,0
491.25,0,0.011444091796875,0,0.06103515625,-0.011444091796875,0,-6.322565762501825E-07,0,0,0,0,0
491.375,0,0.0152587890625,0,0.030517578125,-0.0152587890625,0,-1.057524573000045E-06,0,0.0008,0,0,0
491.5,0,0.00762939453125,0,-0.06103515625,-0.00762939453125,0,-1.8534498224690011E-07,0,0.0006,0,0,0
491.625,0,0.00762939453125,0,0,-0.00762939453125,0,-1.8622260554293781E-07,0,0.0002,0,0,0
491.75,0,0.003814697265625,0,-0.030517578125,-0.003814697265625,0,2.4347658349367367E-07,0,-0.0004,0,0,0
491.875,0,0.0152587890625,0,0.091552734375,-0.0152587890625,0,-1.0549149246185996E-06,0,0.0002,0,0,0
492,0,0.0152587890625,0,0,-0.0152587890625,0,-1.0439048987146079E-06,0,0,0,0,0
492.125,0,0.011444091796875,0,-0.030517578125,-0.011444091796875,0,-6.0253984291827483E-07,0,0.0002,0,0,0
492.25,0,0.00762939453125,0,-0.030517578125,-0.00762939453125,0,-1.6724137335445344E-07,0,-0.0002,0,0,0
492.375,0,0.011444091796875,0,0.030517578125,-0.011444091796875,0,-5.9901718632680128E-07,0,-0.0006,0,0,0
492.5,0,0.00762939453125,0,-0.030517578125,-0.00762939453125,0,-1.6378443735769778E-07,0,0,0,0,0
492.625,0,0.00762939453125,0,0,-0.00762939453125,0,-1.6506430588989898E-07,0,0.0008,0,0,0
492.75,0,0.003814697265625,0,-0.030517578125,-0.003814697265625,0,2.6424014241615626E-07,0,0.0004,0,0,0
492.875,0,0.011444091796875,0,0.06103515625,-0.011444091796875,0,-6.039783030134454E-07,0,0.0002,0,0,0
493,0,0.011444091796875,0,0,-0.011444091796875,0,-5.9921343567253532E-07,0,0,0,0,0
493.125,0,0.00762939453125,0,-0.030517578125,-0.00762939453125,0,-1.6397702536904413E-07,0,0.0002,0,0,0
493.25,0,0.00762939453125,0,0,-0.00762939453125,0,-1.6525330087470054E-07,0,0.0002,0,0,0
493.375,0,0.00762939453125,0,0,-0.00762939453125,0,-1.6650576549130846E-07,0,0.0002,0,0,0
493.5,0,0.00762939453125,0,0,-0.00762939453125,0,-1.6773486344774693E-07,0,0.0006,0,0,0
493.625,0,0.003814697265625,0,-0.030517578125,-0.003814697265625,0,2.6161940823063331E-07,0,0,0,0,0
493.75,0,0.003814697265625,0,0,-0.003814697265625,0,2.5457073447296689E-07,0,0.0004,0,0,0
493.875,0,0.011444091796875,0,0.06103515625,-0.011444091796875,0,-6.1346731323006267E-07,0,-0.0002,0,0,0
494,0,0.00762939453125,0,-0.030517578125,-0.00762939453125,0,-1.7796497484479808E-07,0,-0.0002,0,0,0
494.125,0,0.00762939453125,0,0,-0.00762939453125,0,-1.7898028356741485E-07,0,0.0006,0,0,0
494.25,0,0.011444091796875,0,0.030517578125,-0.011444091796875,0,-6.1053708905478587E-07,0,-0.0004,0,0,0
494.375,0,0.00762939453125,0,-0.030517578125,-0.00762939453125,0,-1.7508941852330021E-07,0,0.0004,0,0,0
494.5,0,0.00762939453125,0,0,-0.00762939453125,0,-1.7615837518652266E-07,0,-0.0008,0,0,0
494.625,0,0.011444091796875,0,0.030517578125,-0.011444091796875,0,-6.0776782772938028E-07,0,0,0,0,0
494.75,0,0.00762939453125,0,-0.030517578125,-0.00762939453125,0,-1.7237182204131858E-07,0,0.0008,0,0,0
494.875,0,0.0152587890625,0,0.06103515625,-0.0152587890625,0,-1.0346123574920902E-06,0,0,0,0,0
495,0,0.00762939453125,0,-0.06103515625,-0.00762939453125,0,-1.628602294763384E-07,0,-0.0002,0,0,0
495.125,0,0.011444091796875,0,0.030517578125,-0.011444091796875,0,-5.9471777944851507E-07,0,0.0002,0,0,0
495.25,0,0.00762939453125,0,-0.030517578125,-0.00762939453125,0,-1.5956524254937577E-07,0,0,0,0,0
495.375,0,0.00762939453125,0,0,-0.00762939453125,0,-1.6092382667159635E-07,0,0,0,0,0
495.5,0,0.00762939453125,0,0,-0.00762939453125,0,-1.6225706431051149E-07,0,0.0006,0,0,0
495.625,0,0.00762939453125,0,0,-0.00762939453125,0,-1.6356542834388078E-07,0,0,0,0,0
495.75,0,0.00762939453125,0,0,-0.00762939453125,0,-1.6484938282719949E-07,0,0.0002,0,0,0
495.875,0,0.011444091796875,0,0.030517578125,-0.011444091796875,0,-5.966698220740446E-07,0,0.0002,0,0,0
496,0,0.011444091796875,0,0,-0.011444091796875,0,-5.9204130572317547E-07,0,0,0,0,0
496.125,0,0.011444091796875,0,0,-0.011444091796875,0,-5.8749914148734839E-07,0,0,0,0,0
496.25,0,0.00762939453125,0,-0.030517578125,-0.00762939453125,0,-1.5248127941884951E-07,0,0,0,0,0
496.375,0,0.011444091796875,0,0.030517578125,-0.011444091796875,0,-5.8453246472067384E-07,0,-0.0002,0,0,0
496.5,0,0.0152587890625,0,0.030517578125,-0.0152587890625,0,-1.0106908284168047E-06,0,0.0008,0,0,0
496.625,0,0.003814697265625,0,-0.091552734375,-0.003814697265625,0,2.911754454751815E-07,0,0.0002,0,0,0
496.75,0,0.011444091796875,0,0.06103515625,-0.011444091796875,0,-5.7754551959832483E-07,0,0.001,0,0,0
496.875,0,0.011444091796875,0,0,-0.011444091796875,0,-5.7327379662189678E-07,0,0.0008,0,0,0
497,0,0.0152587890625,0,0.030517578125,-0.0152587890625,0,-9.9964220814527646E-07,0,0.0002,0,0,0
497.125,0,0.00762939453125,0,-0.06103515625,-0.00762939453125,0,-1.2854250222993878E-07,0,-0.0004,0,0,0
497.25,0,0.00762939453125,0,0,-0.00762939453125,0,-1.3047986344570489E-07,0,0.0004,0,0,0
497.375,0,0.003814697265625,0,-0.030517578125,-0.003814697265625,0,2.9817935871741021E-07,0,-0.001,0,0,0
497.5,0,0.00762939453125,0,0.030517578125,-0.00762939453125,0,-1.4011183624999827E-07,0,0.0004,0,0,0
497.625,0,0,0,-0.06103515625,0,0,7.1928752414515783E-07,0,-0.0006,0,0,0
497.75,0,0.00762939453125,0,0.06103515625,-0.00762939453125,0,-1.5525277242117444E-07,0,-0.001,0,0,0
497.875,0,0.00762939453125,0,0,-0.00762939453125,0,-1.56691812328445E-07,0,0.0004,0,0,0
498,0,0.003814697265625,0,-0.030517578125,-0.003814697265625,0,2.7245643419016882E-07,0,0,0,0,0
498.125,0,0.003814697265625,0,0,-0.003814697265625,0,2.6520557899002008E-07,0,-0.0004,0,0,0
498.25,0,0.00762939453125,0,0.030517578125,-0.00762939453125,0,-1.7247043923293196E-07,0,0.0002,0,0,0
498.375,0,0.003814697265625,0,-0.030517578125,-0.003814697265625,0,2.5697218191944677E-07,0,-0.001,0,0,0
498.5,0,0.011444091796875,0,0.06103515625,-0.011444091796875,0,-6.1111066849150168E-07,0,0.0008,0,0,0
498.625,0,0.003814697265625,0,-0.06103515625,-0.003814697265625,0,2.5490814196525077E-07,0,-0.0002,0,0,0
498.75,0,0.011444091796875,0,0.06103515625,-0.011444091796875,0,-6.1313620059521929E-07,0,0.0004,0,0,0
498.875,0,0.00762939453125,0,-0.030517578125,-0.00762939453125,0,-1.7764003962711575E-07,0,0.0002,0,0,0
499,0,0.011444091796875,0,0.030517578125,-0.011444091796875,0,-6.0922184943339667E-07,0,0.0006,0,0,0
499.125,0,0.003814697265625,0,-0.06103515625,-0.003814697265625,0,2.5676172218908685E-07,0,-0.0004,0,0,0
499.25,0,0.00762939453125,0,0.030517578125,-0.00762939453125,0,-1.8075676285506678E-07,0,-0.0002,0,0,0
499.375,0,0.003814697265625,0,-0.030517578125,-0.003814697265625,0,2.4884045245156184E-07,0,-0.0002,0,0,0
499.5,0,0.0152587890625,0,0.091552734375,-0.0152587890625,0,-1.0496511269134004E-06,0,-0.0006,0,0,0
499.625,0,0.003814697265625,0,-0.091552734375,-0.003814697265625,0,2.5294201146880603E-07,0,-0.0002,0,0,0
499.75,0,0.00762939453125,0,0.030517578125,-0.00762939453125,0,-1.8450521097745632E-07,0,-0.0006,0,0,0
499.875,0,0.011444091796875,0,0.030517578125,-0.011444091796875,0,-6.1595894041817554E-07,0,-0.0002,0,0,0
500,0,0.00762939453125,0,-0.030517578125,-0.00762939453125,0,-1.8041011688275059E-07,0,-0.0004,0,0,0
500.125,0,0.00762939453125,0,0,-0.00762939453125,0,-1.81379807707417E-07,0,0.0004,0,0,0
500.25,0,0.011444091796875,0,0.030517578125,-0.011444091796875,0,-6.1289184636911933E-07,0,-0.0002,0,0,0
500.375,0,0.011444091796875,0,0,-0.011444091796875,0,-6.0796068312193308E-07,0,-0.0002,0,0,0
500.5,0,0.011444091796875,0,0,-0.011444091796875,0,-6.0312151833467068E-07,0,0,0,0,0
500.625,0,0.00762939453125,0,-0.030517578125,-0.00762939453125,0,-1.6781219671834132E-07,0,0,0,0,0
500.75,0,0.00762939453125,0,0,-0.00762939453125,0,-1.6901692118421404E-07,0,0,0,0,0
500.875,0,0.011444091796875,0,0.030517578125,-0.011444091796875,0,-6.0075960857185274E-07,0,0,0,0,0
501,0,0.003814697265625,0,-0.06103515625,-0.003814697265625,0,2.6506608688881223E-07,0,-0.001,0,0,0
501.125,0,0.011444091796875,0,0.06103515625,-0.011444091796875,0,-6.03167767809487E-07,0,-0.0004,0,0,0
501.25,0,0.00762939453125,0,-0.030517578125,-0.00762939453125,0,-1.6785758333783485E-07,0,0,0,0,0
501.375,0,0.00762939453125,0,0,-0.00762939453125,0,-1.6906146104628234E-07,0,-0.0002,0,0,0
501.5,0,0.011444091796875,0,0.030517578125,-0.011444091796875,0,-6.0080331747406231E-07,0,0,0,0,0
501.625,0,0.00762939453125,0,-0.030517578125,-0.00762939453125,0,-1.6553724547213007E-07,0,0,0,0,0
501.75,0,0.003814697265625,0,-0.030517578125,-0.003814697265625,0,2.6377602625165061E-07,0,-0.0002,0,0,0
501.875,0,0.011444091796875,0,0.06103515625,-0.011444091796875,0,-6.0443376037469916E-07,0,-0.0006,0,0,0
502,0,0.003814697265625,0,-0.06103515625,-0.003814697265625,0,2.614604820576324E-07,0,0.0004,0,0,0
502.125,0,0.011444091796875,0,0.06103515625,-0.011444091796875,0,-6.0670610451853521E-07,0,-0.0002,0,0,0
502.25,0,0.00762939453125,0,-0.030517578125,-0.00762939453125,0,-1.7132990691537497E-07,0,-0.0002,0,0,0
502.375,0,0.00762939453125,0,0,-0.00762939453125,0,-1.7246900306915115E-07,0,0,0,0,0
502.5,0,0.011444091796875,0,0.030517578125,-0.011444091796875,0,-6.0414728654213017E-07,0,-0.0006,0,0,0
502.625,0,0.011444091796875,0,0,-0.011444091796875,0,-5.9937926655272467E-07,0,0.0002,0,0,0
502.75,0,0.0152587890625,0,0.030517578125,-0.0152587890625,0,-1.025260640249767E-06,0,0.0008,0,0,0
502.875,0,0.011444091796875,0,-0.030517578125,-0.011444091796875,0,-5.8424342186607014E-07,0,0.0008,0,0,0
503,0,0.011444091796875,0,0,-0.011444091796875,0,-5.7984673918693824E-07,0,-0.0008,0,0,0
503.125,0,0.011444091796875,0,0,-0.011444091796875,0,-5.755320834079469E-07,0,0.0002,0,0,0
503.25,0,0.003814697265625,0,-0.06103515625,-0.003814697265625,0,2.898229536408123E-07,0,-0.0004,0,0,0
503.375,0,0.011444091796875,0,0.06103515625,-0.011444091796875,0,-5.7887277861041981E-07,0,0.0002,0,0,0
503.5,0,0.00762939453125,0,-0.030517578125,-0.00762939453125,0,-1.440158546532022E-07,0,0.001,0,0,0
503.625,0,0.011444091796875,0,0.030517578125,-0.011444091796875,0,-5.7622497551748943E-07,0,0.0002,0,0,0
503.75,0,0.00762939453125,0,-0.030517578125,-0.00762939453125,0,-1.4141745041294012E-07,0,-0.0008,0,0,0
503.875,0,0.00762939453125,0,0,-0.00762939453125,0,-1.43114609602316E-07,0,0,0,0,0
504,0,0.00762939453125,0,0,-0.00762939453125,0,-1.4478010566803494E-07,0,0.0004,0,0,0
504.125,0,0.00762939453125,0,0,-0.00762939453125,0,-1.4641452933452988E-07,0,0.0004,0,0,0
504.25,0,0.011444091796875,0,0.030517578125,-0.011444091796875,0,-5.7857889922111092E-07,0,0.0008,0,0,0
504.375,0,0.003814697265625,0,-0.06103515625,-0.003814697265625,0,2.8683298087835087E-07,0,0,0,0,0
504.5,0,0.003814697265625,0,0,-0.003814697265625,0,2.7931390901449906E-07,0,0.0002,0,0,0
504.625,0,0.00762939453125,0,0.030517578125,-0.00762939453125,0,-1.5862532187639493E-07,0,-0.0006,0,0,0
504.75,0,0.00762939453125,0,0,-0.00762939453125,0,-1.6000144166921293E-07,0,-0.0002,0,0,0
504.875,0,0.00762939453125,0,0,-0.00762939453125,0,-1.6135188782373024E-07,0,0.0006,0,0,0
505,0,0,0,-0.06103515625,0,0,6.9844373851021845E-07,0,0,0,0,0
505.125,0,0.00762939453125,0,0.06103515625,-0.00762939453125,0,-1.7570768506990901E-07,0,0.0004,0,0,0
505.25,0,0.011444091796875,0,0.030517578125,-0.011444091796875,0,-6.0732554593237661E-07,0,0,0,0,0
505.375,0,0.019073486328125,0,0.06103515625,-0.019073486328125,0,-1.4636191084410066E-06,0,0.0002,0,0,0
505.5,0,0.00762939453125,0,-0.091552734375,-0.00762939453125,0,-1.5547051852469459E-07,0,0.0008,0,0,0
505.625,0,0.00762939453125,0,0,-0.00762939453125,0,-1.5690549604238808E-07,0,0.0002,0,0,0
505.75,0,0.00762939453125,0,0,-0.00762939453125,0,-1.5831370184009675E-07,0,-0.0002,0,0,0
505.875,0,0.00762939453125,0,0,-0.00762939453125,0,-1.5969563538556982E-07,0,0,0,0,0
506,0,0.011444091796875,0,0.030517578125,-0.011444091796875,0,-5.91612225743968E-07,0,-0.0002,0,0,0
506.125,0,0.011444091796875,0,0,-0.011444091796875,0,-5.8707806665728974E-07,0,0,0,0,0
506.25,0,0.00762939453125,0,-0.030517578125,-0.00762939453125,0,-1.5206806038952924E-07,0,-0.001,0,0,0
506.375,0,0.00762939453125,0,0,-0.00762939453125,0,-1.5356651601425337E-07,0,0.0008,0,0,0
506.5,0,0.011444091796875,0,0.030517578125,-0.011444091796875,0,-5.8559745455270258E-07,0,0.0006,0,0,0
506.625,0,0.011444091796875,0,0,-0.011444091796875,0,-5.8117551030431971E-07,0,0.001,0,0,0
506.75,0,0.00762939453125,0,-0.030517578125,-0.00762939453125,0,-1.4627562533388119E-07,0,0,0,0,0
506.875,0,0.011444091796875,0,0.030517578125,-0.011444091796875,0,-5.7844258668894467E-07,0,-0.0008,0,0,0
507,0,0.003814697265625,0,-0.06103515625,-0.003814697265625,0,2.8696675028987823E-07,0,-0.0006,0,0,0
507.125,0,0.00762939453125,0,0.030517578125,-0.00762939453125,0,-1.5111525616452566E-07,0,0.0004,0,0,0
507.25,0,0.00762939453125,0,0,-0.00762939453125,0,-1.5263148782239152E-07,0,-0.0006,0,0,0
507.375,0,0.00762939453125,0,0,-0.00762939453125,0,-1.5411943183889993E-07,0,0,0,0,0
507.5,0,0.011444091796875,0,0.030517578125,-0.011444091796875,0,-5.8614005487940572E-07,0,0.0008,0,0,0
507.625,0,0.00762939453125,0,-0.030517578125,-0.00762939453125,0,-1.5114754866885885E-07,0,-0.0004,0,0,0
507.75,0,0.003814697265625,0,-0.030517578125,-0.003814697265625,0,2.7789726105552908E-07,0,-0.0004,0,0,0
507.875,0,0.00762939453125,0,0.030517578125,-0.00762939453125,0,-1.600155400815834E-07,0,-0.0008,0,0,0
508,0,0.003814697265625,0,-0.030517578125,-0.003814697265625,0,2.6919471570729119E-07,0,0.0002,0,0,0
508.125,0,0.011444091796875,0,0.06103515625,-0.011444091796875,0,-5.9911616493272948E-07,0,0,0,0,0
508.25,0,0,0,-0.091552734375,0,0,6.9723930846651308E-07,0,0.0006,0,0,0
508.375,0,0.003814697265625,0,0.030517578125,-0.003814697265625,0,2.5367079430322593E-07,0,0,0,0,0
508.5,0,0.011444091796875,0,0.06103515625,-0.011444091796875,0,-6.1435046362719018E-07,0,0.0006,0,0,0
508.625,0,0.00762939453125,0,-0.030517578125,-0.00762939453125,0,-1.7883164870842957E-07,0,0,0,0,0
508.75,0,0.003814697265625,0,-0.030517578125,-0.003814697265625,0,2.5072965062304464E-07,0,0,0,0,0
508.875,0,0.011444091796875,0,0.06103515625,-0.011444091796875,0,-6.1723673573337812E-07,0,0.0002,0,0,0
509,0,0.0152587890625,0,0.030517578125,-0.0152587890625,0,-1.0427849507860184E-06,0,0.0002,0,0,0
509.125,0,0.00762939453125,0,-0.06103515625,-0.00762939453125,0,-1.7088035043079302E-07,0,0.0002,0,0,0
509.25,0,0.00762939453125,0,0,-0.00762939453125,0,-1.7202783375452426E-07,0,0.0002,0,0,0
509.375,0,0.00762939453125,0,0,-0.00762939453125,0,-1.7315390900610703E-07,0,0,0,0,0
509.5,0,0.011444091796875,0,0.030517578125,-0.011444091796875,0,-6.0481941450191629E-07,0,0.0002,0,0,0
509.625,0,0.003814697265625,0,-0.06103515625,-0.003814697265625,0,2.6108202290328253E-07,0,-0.0002,0,0,0
509.75,0,0.011444091796875,0,0.06103515625,-0.011444091796875,0,-6.0707750293333967E-07,0,-0.0006,0,0,0
509.875,0,0.003814697265625,0,-0.06103515625,-0.003814697265625,0,2.5886606259612696E-07,0,-0.0002,0,0,0
510,0,0.011444091796875,0,0.06103515625,-0.011444091796875,0,-6.0925212108139573E-07,0,-0.0006,0,0,0
510.125,0,0.011444091796875,0,0,-0.011444091796875,0,-6.04388862526111E-07,0,0.0008,0,0,0
510.25,0,0.003814697265625,0,-0.06103515625,-0.003814697265625,0,2.6150454226757084E-07,0,0,0,0,0
510.375,0,0.00762939453125,0,0.030517578125,-0.00762939453125,0,-1.7610242740405183E-07,0,-0.0008,0,0,0
510.5,0,0.00762939453125,0,0,-0.00762939453125,0,-1.7715248482337448E-07,0,0.0004,0,0,0
510.625,0,0.003814697265625,0,-0.030517578125,-0.003814697265625,0,2.5237748711461444E-07,0,0,0,0,0
510.75,0,0.00762939453125,0,0.030517578125,-0.00762939453125,0,-1.8505920325867207E-07,0,-0.0002,0,0,0
510.875,0,0.00762939453125,0,0,-0.00762939453125,0,-1.8594215820273633E-07,0,0.0012,0,0,0
511,0,0.00762939453125,0,0,-0.00762939453125,0,-1.8680864025978305E-07,0,-0.0006,0,0,0
511.125,0,0.00762939453125,0,0,-0.00762939453125,0,-1.8765895675693972E-07,0,0.0002,0,0,0
511.25,0,0.00762939453125,0,0,-0.00762939453125,0,-1.8849340928767205E-07,0,0.0002,0,0,0
511.375,0,0.00762939453125,0,0,-0.00762939453125,0,-1.8931229381875428E-07,0,0,0,0,0
511.5,0,0.00762939453125,0,0,-0.00762939453125,0,-1.9011590079524367E-07,0,0.0008,0,0,0
511.625,0,0.0152587890625,0,0.06103515625,-0.0152587890625,0,-1.052025393075003E-06,0,-0.0002,0,0,0
511.75,0,0.011444091796875,0,-0.030517578125,-0.011444091796875,0,-6.10508836925198E-07,0,0,0,0,0
511.875,0,0.011444091796875,0,0,-0.011444091796875,0,-6.0562213239654027E-07,0,-0.0006,0,0,0
512,0,0.0152587890625,0,0.030517578125,-0.0152587890625,0,-1.0313870357975587E-06,0,0.0008,0,0,0
512.125,0,0.003814697265625,0,-0.091552734375,-0.003814697265625,0,2.708653577805644E-07,0,0.0002,0,0,0
512.25,0,0.0152587890625,0,0.091552734375,-0.0152587890625,0,-1.0280371301811456E-06,0,0,0,0,0
512.375,0,0.011444091796875,0,-0.030517578125,-0.011444091796875,0,-5.8696811209322529E-07,0,0.0004,0,0,0
512.5,0,0.011444091796875,0,0,-0.011444091796875,0,-5.8252059611328737E-07,0,0,0,0,0
512.625,0,0.00762939453125,0,-0.030517578125,-0.00762939453125,0,-1.4759561649140717E-07,0,0.0006,0,0,0
512.75,0,0.00762939453125,0,0,-0.00762939453125,0,-1.4917751245872344E-07,0,0.0002,0,0,0
512.875,0,0.011444091796875,0,0.030517578125,-0.011444091796875,0,-5.8129033463141238E-07,0,0.0004,0,0,0
513,0,0.011444091796875,0,0,-0.011444091796875,0,-5.7694874635171332E-07,0,-0.0014,0,0,0
513.125,0,0.00762939453125,0,-0.030517578125,-0.00762939453125,0,-1.4212771818536125E-07,0,-0.0002,0,0,0
513.25,0,0.011444091796875,0,0.030517578125,-0.011444091796875,0,-5.7437206514914265E-07,0,0,0,0,0
513.375,0,0.0152587890625,0,0.030517578125,-0.0152587890625,0,-1.0007199867783482E-06,0,0.0008,0,0,0
513.5,0,0.003814697265625,0,-0.091552734375,-0.003814697265625,0,3.0096026567632163E-07,0,0,0,0,0
513.625,0,0.00762939453125,0,0.030517578125,-0.00762939453125,0,-1.3738281140177489E-07,0,0,0,0,0
513.75,0,0.011444091796875,0,0.030517578125,-0.011444091796875,0,-5.6971568192372908E-07,0,-0.0002,0,0,0
513.875,0,0.00762939453125,0,-0.030517578125,-0.00762939453125,0,-1.3502959773601814E-07,0,0.0004,0,0,0
514,0,0.00762939453125,0,0,-0.00762939453125,0,-1.3684593217452666E-07,0,-0.0002,0,0,0
514.125,0,0.011444091796875,0,0.030517578125,-0.011444091796875,0,-5.6918881900695285E-07,0,0.0008,0,0,0
514.25,0,0.003814697265625,0,-0.06103515625,-0.003814697265625,0,2.9604787465576774E-07,0,0.0004,0,0,0
514.375,0,0.011444091796875,0,0.06103515625,-0.011444091796875,0,-5.7276399310301422E-07,0,0.0002,0,0,0
514.5,0,0.011444091796875,0,0,-0.011444091796875,0,-5.6858147688199114E-07,0,0,0,0,0
514.625,0,0.011444091796875,0,0,-0.011444091796875,0,-5.6447699195534064E-07,0,-0.0002,0,0,0
514.75,0,0.00762939453125,0,-0.030517578125,-0.00762939453125,0,-1.2988864361309887E-07,0,0.0004,0,0,0
514.875,0,0.011444091796875,0,0.030517578125,-0.011444091796875,0,-5.623613293998109E-07,0,-0.0006,0,0,0
515,0,0.011444091796875,0,0,-0.011444091796875,0,-5.5837289092309009E-07,0,0,0,0,0
515.125,0,0.00762939453125,0,-0.030517578125,-0.00762939453125,0,-1.2389842400517685E-07,0,-0.0002,0,0,0
515.25,0,0.00762939453125,0,0,-0.00762939453125,0,-1.2592242766675686E-07,0,0,0,0,0
515.375,0,0.00762939453125,0,0,-0.00762939453125,0,-1.2790867041667941E-07,0,0,0,0,0
515.5,0,0.00762939453125,0,0,-0.00762939453125,0,-1.2985785674302239E-07,0,0,0,0,0
515.625,0,0.011444091796875,0,0.030517578125,-0.011444091796875,0,-5.6233111690630451E-07,0,0,0,0,0
515.75,0,0.003814697265625,0,-0.06103515625,-0.003814697265625,0,3.0277763574123352E-07,0,0.0002,0,0,0
515.875,0,0.003814697265625,0,0,-0.003814697265625,0,2.9496109173584608E-07,0,-0.0004,0,0,0
516,0,0.011444091796875,0,0.06103515625,-0.011444091796875,0,-5.7383050041049071E-07,0,0.0004,0,0,0
516.125,0,0.011444091796875,0,0,-0.011444091796875,0,-5.6962808684986092E-07,0,0,0,0,0
516.25,0,0.00762939453125,0,-0.030517578125,-0.00762939453125,0,-1.3494363688342569E-07,0,0,0,0,0
516.375,0,0.00762939453125,0,0,-0.00762939453125,0,-1.3676157505429019E-07,0,0,0,0,0
516.5,0,0.00762939453125,0,0,-0.00762939453125,0,-1.3854559678321745E-07,0,0.0004,0,0,0
516.625,0,0.011444091796875,0,0.030517578125,-0.011444091796875,0,-5.7085677374952316E-07,0,0.0008,0,0,0
516.75,0,0.0152587890625,0,0.030517578125,-0.0152587890625,0,-9.9727027856442711E-07,0,-0.0004,0,0,0
516.875,0,0.011444091796875,0,-0.030517578125,-0.011444091796875,0,-5.5677526357142733E-07,0,-0.0004,0,0,0
517,0,0.011444091796875,0,0,-0.011444091796875,0,-5.5289104177289855E-07,0,0,0,0,0
517.125,0,0.0152587890625,0,0.030517578125,-0.0152587890625,0,-9.7963972504172941E-07,0,0,0,0,0
517.25,0,0.00762939453125,0,-0.06103515625,-0.00762939453125,0,-1.0891319631561341E-07,0,-0.0002,0,0,0
517.375,0,0.003814697265625,0,-0.030517578125,-0.003814697265625,0,3.1934366639148683E-07,0,-0.0006,0,0,0
517.5,0,0.011444091796875,0,0.06103515625,-0.011444091796875,0,-5.4990282031113477E-07,0,-0.0006,0,0,0
517.625,0,0.00762939453125,0,-0.030517578125,-0.00762939453125,0,-1.1558637563111654E-07,0,0,0,0,0
517.75,0,0.00762939453125,0,0,-0.00762939453125,0,-1.1776545338189088E-07,0,0.0002,0,0,0
517.875,0,0.003814697265625,0,-0.030517578125,-0.003814697265625,0,3.1065656184118262E-07,0,0.0002,0,0,0
518,0,0.00762939453125,0,0.030517578125,-0.00762939453125,0,-1.2786741460475403E-07,0,-0.0002,0,0,0
518.125,0,0.00762939453125,0,0,-0.00762939453125,0,-1.2981737062193259E-07,0,-0.0002,0,0,0
518.25,0,0.003814697265625,0,-0.030517578125,-0.003814697265625,0,2.9882949171522619E-07,0,0.0002,0,0,0
518.375,0,0.003814697265625,0,0,-0.003814697265625,0,2.9108660642924079E-07,0,0.0002,0,0,0
518.5,0,0.003814697265625,0,0,-0.003814697265625,0,2.8348817661673497E-07,0,-0.0004,0,0,0
518.625,0,0.003814697265625,0,0,-0.003814697265625,0,2.7603150723793386E-07,0,0.0004,0,0,0
518.75,0,0.00762939453125,0,0.030517578125,-0.00762939453125,0,-1.618464853825647E-07,0,-0.0004,0,0,0
518.875,0,0.00762939453125,0,0,-0.00762939453125,0,-1.6316250939942162E-07,0,0.0002,0,0,0
519,0,0.011444091796875,0,0.030517578125,-0.011444091796875,0,-5.9501441987316849E-07,0,0.0008,0,0,0
519.125,0,0.003814697265625,0,-0.06103515625,-0.003814697265625,0,2.7070409022660781E-07,0,0.0008,0,0,0
519.25,0,0.011444091796875,0,0.06103515625,-0.011444091796875,0,-5.976349501242691E-07,0,-0.0004,0,0,0
519.375,0,0.00762939453125,0,-0.030517578125,-0.00762939453125,0,-1.6242798890452807E-07,0,-0.0002,0,0,0
519.5,0,0.003814697265625,0,-0.030517578125,-0.003814697265625,0,2.6682727483992023E-07,0,0.0004,0,0,0
519.625,0,0.003814697265625,0,0,-0.003814697265625,0,2.5968144029411392E-07,0,0.0004,0,0,0
519.75,0,0.011444091796875,0,0.06103515625,-0.011444091796875,0,-6.084519555126187E-07,0,-0.0004,0,0,0
519.875,0,0.00762939453125,0,-0.030517578125,-0.00762939453125,0,-1.7304318636504572E-07,0,0.0002,0,0,0
520,0,0.00762939453125,0,0,-0.00762939453125,0,-1.7415031864683311E-07,0,0.0002,0,0,0
520.125,0,0.00762939453125,0,0,-0.00762939453125,0,-1.7523679566742741E-07,0,0,0,0,0
520.25,0,0.011444091796875,0,0.030517578125,-0.011444091796875,0,-6.0686344169835348E-07,0,0.0004,0,0,0
520.375,0,0.00762939453125,0,-0.030517578125,-0.00762939453125,0,-1.7148430872730813E-07,0,0,0,0,0
520.5,0,0.011444091796875,0,0.030517578125,-0.011444091796875,0,-6.0318096319276985E-07,0,-0.0002,0,0,0
520.625,0,0.011444091796875,0,0,-0.011444091796875,0,-5.984309714566331E-07,0,0,0,0,0
520.75,0,0.011444091796875,0,0,-0.011444091796875,0,-5.9376959814630586E-07,0,0,0,0,0
520.875,0,0.011444091796875,0,0,-0.011444091796875,0,-5.8919518994830275E-07,0,-0.0002,0,0,0
521,0,0.003814697265625,0,-0.06103515625,-0.003814697265625,0,2.764147534372534E-07,0,0.0002,0,0,0
521.125,0,0.003814697265625,0,0,-0.003814697265625,0,2.6909004968325151E-07,0,-0.0002,0,0,0
521.25,0,0.00762939453125,0,0.030517578125,-0.00762939453125,0,-1.6865843933482183E-07,0,0.0006,0,0,0
521.375,0,0.00762939453125,0,0,-0.00762939453125,0,-1.6984737583880088E-07,0,0.0002,0,0,0
521.5,0,0.00762939453125,0,0,-0.00762939453125,0,-1.710141308975853E-07,0,0.0002,0,0,0
521.625,0,0.011444091796875,0,0.030517578125,-0.011444091796875,0,-6.0271955725601769E-07,0,-0.0008,0,0,0
521.75,0,0.003814697265625,0,-0.06103515625,-0.003814697265625,0,2.6314270407185431E-07,0,0.0008,0,0,0
521.875,0,0.011444091796875,0,0.06103515625,-0.011444091796875,0,-6.050552669519173E-07,0,0.0004,0,0,0
522,0,0.00762939453125,0,-0.030517578125,-0.00762939453125,0,-1.6970986827106002E-07,0,-0.0002,0,0,0
522.125,0,0.0152587890625,0,0.06103515625,-0.0152587890625,0,-1.0320000665772223E-06,0,0.0002,0,0,0
522.25,0,0.00762939453125,0,-0.06103515625,-0.00762939453125,0,-1.6029667487965629E-07,0,0.0002,0,0,0
522.375,0,0.003814697265625,0,-0.030517578125,-0.003814697265625,0,2.689188259127108E-07,0,0.0002,0,0,0
522.5,0,0.011444091796875,0,0.06103515625,-0.011444091796875,0,-5.9938690757745134E-07,0,-0.0002,0,0,0
522.625,0,0.00762939453125,0,-0.030517578125,-0.00762939453125,0,-1.641472608878799E-07,0,0.0004,0,0,0
522.75,0,0.011444091796875,0,0.030517578125,-0.011444091796875,0,-5.9598079930298581E-07,0,0,0,0,0
522.875,0,0.011444091796875,0,0,-0.011444091796875,0,-5.9136513773517952E-07,0,0,0,0,0
523,0,0.00762939453125,0,-0.030517578125,-0.00762939453125,0,-1.5627514954084721E-07,0,-0.0012,0,0,0
523.125,0,0.011444091796875,0,0.030517578125,-0.011444091796875,0,-5.8825555434101734E-07,0,0,0,0,0
523.25,0,0.003814697265625,0,-0.06103515625,-0.003814697265625,0,2.7733685869228178E-07,0,-0.0002,0,0,0
523.375,0,0.00762939453125,0,0.030517578125,-0.00762939453125,0,-1.6056548727395682E-07,0,0.0002,0,0,0
523.5,0,0.011444091796875,0,0.030517578125,-0.011444091796875,0,-5.92465849203061E-07,0,0.0008,0,0,0
523.625,0,0.011444091796875,0,0,-0.011444091796875,0,-5.879157644534805E-07,0,0.0002,0,0,0
523.75,0,0.011444091796875,0,0,-0.011444091796875,0,-5.8345056855638783E-07,0,0.0004,0,0,0
523.875,0,0.003814697265625,0,-0.06103515625,-0.003814697265625,0,2.8205220005226283E-07,0,0.0002,0,0,0
524,0,0.011444091796875,0,0.06103515625,-0.011444091796875,0,-5.8649855679930028E-07,0,0.0002,0,0,0
524.125,0,0.003814697265625,0,-0.06103515625,-0.003814697265625,0,2.7906107673353916E-07,0,0.0008,0,0,0
524.25,0,0.003814697265625,0,0,-0.003814697265625,0,2.7168700173475894E-07,0,0.0004,0,0,0
524.375,0,0.0152587890625,0,0.091552734375,-0.0152587890625,0,-1.0272308152628402E-06,0,0.0002,0,0,0
524.5,0,0.00762939453125,0,-0.06103515625,-0.00762939453125,0,-1.5561640130823659E-07,0,0.0008,0,0,0
524.625,0,0.00762939453125,0,0,-0.00762939453125,0,-1.570486571574834E-07,0,0.0004,0,0,0
524.75,0,0.00762939453125,0,0,-0.00762939453125,0,-1.5845419206367023E-07,0,-0.0004,0,0,0
524.875,0,0.011444091796875,0,0.030517578125,-0.011444091796875,0,-5.9039394346297745E-07,0,0,0,0,0
525,0,0.003814697265625,0,-0.06103515625,-0.003814697265625,0,2.75238364519257E-07,0,0,0,0,0
525.125,0,0,0,-0.030517578125,0,0,6.9849604703162347E-07,0,0.0002,0,0,0
525.25,0,0.011444091796875,0,0.091552734375,-0.011444091796875,0,-6.06216791360444E-07,0,0,0,0,0
525.375,0,0.0152587890625,0,0.030517578125,-0.0152587890625,0,-1.03197060048084E-06,0,-0.0004,0,0,0
525.5,0,0.003814697265625,0,-0.091552734375,-0.003814697265625,0,2.7029268039698031E-07,0,0.0008,0,0,0
525.625,0,0.011444091796875,0,0.06103515625,-0.011444091796875,0,-5.9803868446865588E-07,0,0,0,0,0
525.75,0,0.00762939453125,0,-0.030517578125,-0.00762939453125,0,-1.6282419096169583E-07,0,0.0002,0,0,0
525.875,0,0.003814697265625,0,-0.030517578125,-0.003814697265625,0,2.6643846454353E-07,0,0.0002,0,0,0
526,0,0.011444091796875,0,0.06103515625,-0.011444091796875,0,-6.0182099397770888E-07,0,0,0,0,0
526.125,0,0.0152587890625,0,0.030517578125,-0.0152587890625,0,-1.0276568134816751E-06,0,0.0012,0,0,0
526.25,0,0.00762939453125,0,-0.06103515625,-0.00762939453125,0,-1.5603445187291796E-07,0,0,0,0,0
526.375,0,0.011444091796875,0,0.030517578125,-0.011444091796875,0,-5.88019347259517E-07,0,0.0002,0,0,0
526.5,0,0.003814697265625,0,-0.06103515625,-0.003814697265625,0,2.775686589661727E-07,0,-0.0002,0,0,0
526.625,0,0.011444091796875,0,0.06103515625,-0.011444091796875,0,-5.90898450507632E-07,0,0,0,0,0
526.75,0,0.011444091796875,0,0,-0.011444091796875,0,-5.8637760799945334E-07,0,0.0004,0,0,0
526.875,0,0.011444091796875,0,0,-0.011444091796875,0,-5.819411087846238E-07,0,0.0006,0,0,0
527,0,0.00762939453125,0,-0.030517578125,-0.00762939453125,0,-1.4702694039309839E-07,0,0,0,0,0
527.125,0,0.00762939453125,0,0,-0.00762939453125,0,-1.4861944589058377E-07,0,0.0002,0,0,0
527.25,0,0.00762939453125,0,0,-0.00762939453125,0,-1.501822407405313E-07,0,0.0002,0,0,0
527.375,0,0.003814697265625,0,-0.030517578125,-0.003814697265625,0,2.7884455967483427E-07,0,-0.0002,0,0,0
527.5,0,0.003814697265625,0,0,-0.003814697265625,0,2.7147452413590345E-07,0,0.001,0,0,0
527.625,0,0.003814697265625,0,0,-0.003814697265625,0,2.6424198798305611E-07,0,0.0008,0,0,0
527.75,0,0.00762939453125,0,0.030517578125,-0.00762939453125,0,-1.7341605296269106E-07,0,0.0002,0,0,0
527.875,0,0.00762939453125,0,0,-0.00762939453125,0,-1.7451622884270853E-07,0,0.0006,0,0,0
528,0,0.011444091796875,0,0.030517578125,-0.011444091796875,0,-6.0615631815969584E-07,0,0,0,0,0
528.125,0,0.00762939453125,0,-0.030517578125,-0.00762939453125,0,-1.7079037766946514E-07,0,-0.0016,0,0,0
528.25,0,0.011444091796875,0,0.030517578125,-0.011444091796875,0,-6.0249997848965395E-07,0,0,0,0,0
528.375,0,0.011444091796875,0,0,-0.011444091796875,0,-5.9776269157401855E-07,0,0.0002,0,0,0
528.5,0,0.0152587890625,0,0.030517578125,-0.0152587890625,0,-1.0236742249719139E-06,0,-0.0008,0,0,0
528.625,0,0.011444091796875,0,-0.030517578125,-0.011444091796875,0,-5.826866036133094E-07,0,-0.0004,0,0,0
528.75,0,0.011444091796875,0,0,-0.011444091796875,0,-5.7831896578109409E-07,0,0,0,0,0
528.875,0,0.003814697265625,0,-0.06103515625,-0.003814697265625,0,2.8708806485892664E-07,0,0.0008,0,0,0
529,0,0.00762939453125,0,0.030517578125,-0.00762939453125,0,-1.5099620490596999E-07,0,0,0,0,0
529.125,0,0.003814697265625,0,-0.030517578125,-0.003814697265625,0,2.7804578126697438E-07,0,0.0006,0,0,0
529.25,0,0.011444091796875,0,0.06103515625,-0.011444091796875,0,-5.9043022965962538E-07,0,-0.0014,0,0,0
529.375,0,0.00762939453125,0,-0.030517578125,-0.00762939453125,0,-1.5535768361815029E-07,0,-0.0008,0,0,0
529.5,0,0.00762939453125,0,0,-0.00762939453125,0,-1.5679476624514708E-07,0,0.0002,0,0,0
529.625,0,0.003814697265625,0,-0.030517578125,-0.003814697265625,0,2.7235540103765663E-07,0,-0.0006,0,0,0
529.75,0,0.011444091796875,0,0.06103515625,-0.011444091796875,0,-5.9601444706462839E-07,0,0,0,0,0
529.875,0,0.011444091796875,0,0,-0.011444091796875,0,-5.9139815774590489E-07,0,0,0,0,0
530,0,0.003814697265625,0,-0.06103515625,-0.003814697265625,0,2.7425288540343549E-07,0,0,0,0,0
530.125,0,0.00762939453125,0,0.030517578125,-0.00762939453125,0,-1.635919242820519E-07,0,-0.0008,0,0,0
530.25,0,0.0152587890625,0,0.06103515625,-0.0152587890625,0,-1.0259962622742629E-06,0,-0.0002,0,0,0
530.375,0,0.00762939453125,0,-0.06103515625,-0.00762939453125,0,-1.5440488081076742E-07,0,0.0004,0,0,0
530.5,0,0.011444091796875,0,0.030517578125,-0.011444091796875,0,-5.8642017836021107E-07,0,-0.0002,0,0,0
530.625,0,0.011444091796875,0,0,-0.011444091796875,0,-5.81982884929609E-07,0,-0.0006,0,0,0
530.75,0,0.00762939453125,0,-0.030517578125,-0.00762939453125,0,-1.4706793713963178E-07,0,0.0002,0,0,0
530.875,0,0.011444091796875,0,0.030517578125,-0.011444091796875,0,-5.792201166952993E-07,0,-0.0004,0,0,0
531,0,0.00762939453125,0,-0.030517578125,-0.00762939453125,0,-1.4435671261011184E-07,0,0.0004,0,0,0
531.125,0,0.011444091796875,0,0.030517578125,-0.011444091796875,0,-5.7655947424321637E-07,0,0.0006,0,0,0
531.25,0,0.003814697265625,0,-0.06103515625,-0.003814697265625,0,2.8881473036699773E-07,0,0.0002,0,0,0
531.375,0,0.00762939453125,0,0.030517578125,-0.00762939453125,0,-1.493017530074639E-07,0,0,0,0,0
531.5,0,0.00762939453125,0,0,-0.00762939453125,0,-1.5085181836524062E-07,0,0,0,0,0
531.625,0,0.00762939453125,0,0,-0.00762939453125,0,-1.5237296486177742E-07,0,0.0008,0,0,0
531.75,0,0.00762939453125,0,0,-0.00762939453125,0,-1.5386573202305702E-07,0,-0.001,0,0,0
531.875,0,0.011444091796875,0,0.030517578125,-0.011444091796875,0,-5.8589108822512541E-07,0,0.0008,0,0,0
532,0,0.003814697265625,0,-0.06103515625,-0.003814697265625,0,2.7965721204404482E-07,0,-0.0002,0,0,0
532.125,0,0.011444091796875,0,0.06103515625,-0.011444091796875,0,-5.88848862610388E-07,0,0.0004,0,0,0
532.25,0,0.011444091796875,0,0,-0.011444091796875,0,-5.8436625832726342E-07,0,0.0002,0,0,0
532.375,0,0.011444091796875,0,0,-0.011444091796875,0,-5.7996728394439225E-07,0,0.0002,0,0,0
532.5,0,0.00762939453125,0,-0.030517578125,-0.00762939453125,0,-1.4508994030117837E-07,0,0.0002,0,0,0
532.625,0,0.0152587890625,0,0.06103515625,-0.0152587890625,0,-1.0078394613559756E-06,0,-0.0006,0,0,0
532.75,0,0.00762939453125,0,-0.06103515625,-0.00762939453125,0,-1.3658682303236274E-07,0,0.001,0,0,0
532.875,0,0.00762939453125,0,0,-0.00762939453125,0,-1.3837410502992846E-07,0,-0.0008,0,0,0
533,0,0.00762939453125,0,0,-0.00762939453125,0,-1.4012804252377703E-07,0,0.0006,0,0,0
533.125,0,0.00762939453125,0,0,-0.00762939453125,0,-1.4184925760708103E-07,0,0.0002,0,0,0
533.25,0,0.003814697265625,0,-0.030517578125,-0.003814697265625,0,2.8702207814884821E-07,0,-0.0004,0,0,0
533.375,0,0.00762939453125,0,0.030517578125,-0.00762939453125,0,-1.5106096053214423E-07,0,-0.001,0,0,0
533.5,0,0.00762939453125,0,0,-0.00762939453125,0,-1.5257820515881874E-07,0,-0.0002,0,0,0
533.625,0,0.003814697265625,0,-0.030517578125,-0.003814697265625,0,2.7649329567011365E-07,0,0.0004,0,0,0
533.75,0,0.00762939453125,0,0.030517578125,-0.00762939453125,0,-1.613933123261982E-07,0,0,0,0,0
533.875,0,0.00762939453125,0,0,-0.00762939453125,0,-1.6271779098573776E-07,0,0.001,0,0,0
534,0,0.003814697265625,0,-0.030517578125,-0.003814697265625,0,2.6654287946374494E-07,0,0.0004,0,0,0
534.125,0,0.00762939453125,0,0.030517578125,-0.00762939453125,0,-1.7115808816320589E-07,0,0.0004,0,0,0
534.25,0,0.011444091796875,0,0.030517578125,-0.011444091796875,0,-6.0286082877669975E-07,0,0,0,0,0
534.375,0,0.011444091796875,0,0,-0.011444091796875,0,-5.9811680964211167E-07,0,-0.0002,0,0,0
534.5,0,0.00762939453125,0,-0.030517578125,-0.00762939453125,0,-1.6290085858948157E-07,0,0,0,0,0
534.625,0,0.00762939453125,0,0,-0.00762939453125,0,-1.6419721164710252E-07,0,0.0004,0,0,0
534.75,0,0.00762939453125,0,0,-0.00762939453125,0,-1.6546937923796028E-07,0,0.0012,0,0,0
534.875,0,0.003814697265625,0,-0.030517578125,-0.003814697265625,0,2.6384262633649385E-07,0,-0.0002,0,0,0
535,0,0.00762939453125,0,0.030517578125,-0.00762939453125,0,-1.7380796390145991E-07,0,-0.0004,0,0,0
535.125,0,0.011444091796875,0,0.030517578125,-0.011444091796875,0,-6.0546126699388851E-07,0,0,0,0,0
535.25,0,0.00762939453125,0,-0.030517578125,-0.00762939453125,0,-1.7010829375572744E-07,0,-0.0004,0,0,0
535.375,0,0.003814697265625,0,-0.030517578125,-0.003814697265625,0,2.592902579276182E-07,0,0.0002,0,0,0
535.5,0,0.011444091796875,0,0.06103515625,-0.011444091796875,0,-6.088358397684125E-07,0,0.0008,0,0,0
535.625,0,0.0152587890625,0,0.030517578125,-0.0152587890625,0,-1.0345407864991611E-06,0,0.0004,0,0,0
535.75,0,0.011444091796875,0,-0.030517578125,-0.011444091796875,0,-5.9335043266648076E-07,0,-0.0002,0,0,0
535.875,0,0.003814697265625,0,-0.06103515625,-0.003814697265625,0,2.7233703318416518E-07,0,0,0,0,0
536,0,0.011444091796875,0,0.06103515625,-0.011444091796875,0,-5.9603247223746848E-07,0,0,0,0,0
536.125,0,0.00762939453125,0,-0.030517578125,-0.00762939453125,0,-1.6085540771557697E-07,0,0.0006,0,0,0
536.25,0,0.00762939453125,0,0,-0.00762939453125,0,-1.6218992181569768E-07,0,0,0,0,0
536.375,0,0.011444091796875,0,0.030517578125,-0.011444091796875,0,-5.94059977411672E-07,0,0,0,0,0
536.5,0,0.003814697265625,0,-0.06103515625,-0.003814697265625,0,2.716407260911327E-07,0,-0.0004,0,0,0
536.625,0,0,0,-0.030517578125,0,0,6.9496552810008839E-07,0,-0.0002,0,0,0
536.75,0,0.003814697265625,0,0.030517578125,-0.003814697265625,0,2.5143943481833165E-07,0,0,0,0,0
536.875,0,0.011444091796875,0,0.06103515625,-0.011444091796875,0,-6.1654019365756094E-07,0,0,0,0,0
537,0,0.00762939453125,0,-0.030517578125,-0.00762939453125,0,-1.8098052594599162E-07,0,0,0,0,0
537.125,0,0.011444091796875,0,0.030517578125,-0.011444091796875,0,-6.1250001382510687E-07,0,0.0004,0,0,0
537.25,0,0.003814697265625,0,-0.06103515625,-0.003814697265625,0,2.5354471701281867E-07,0,-0.0004,0,0,0
537.375,0,0.00762939453125,0,0.030517578125,-0.00762939453125,0,-1.8391374983543511E-07,0,-0.0002,0,0,0
537.5,0,0.00762939453125,0,0,-0.00762939453125,0,-1.8481807498072165E-07,0,0.0004,0,0,0
537.625,0,0.011444091796875,0,0.030517578125,-0.011444091796875,0,-6.162659674606624E-07,0,0.0006,0,0,0
537.75,0,0.00762939453125,0,-0.030517578125,-0.00762939453125,0,-1.8071141586196966E-07,0,-0.0004,0,0,0
537.875,0,0.003814697265625,0,-0.030517578125,-0.003814697265625,0,2.488849534265253E-07,0,0.0002,0,0,0
538,0,0.0152587890625,0,0.091552734375,-0.0152587890625,0,-1.0496074561727967E-06,0,0,0,0,0
538.125,0,0.011444091796875,0,-0.030517578125,-0.011444091796875,0,-6.0813601036715291E-07,0,-0.0004,0,0,0
538.25,0,0.011444091796875,0,0,-0.011444091796875,0,-6.0329357457957392E-07,0,0.0004,0,0,0
538.375,0,0.00762939453125,0,-0.030517578125,-0.00762939453125,0,-1.6798104298848646E-07,0,0.0004,0,0,0
538.5,0,0.00762939453125,0,0,-0.00762939453125,0,-1.6918261736663374E-07,0,-0.0004,0,0,0
538.625,0,0.011444091796875,0,0.030517578125,-0.011444091796875,0,-6.0092221343629464E-07,0,0,0,0,0
538.75,0,0.011444091796875,0,0,-0.011444091796875,0,-5.9621436216246516E-07,0,0.0002,0,0,0
538.875,0,0.011444091796875,0,0,-0.011444091796875,0,-5.9159434311909166E-07,0,0.0008,0,0,0
539,0,0.00762939453125,0,-0.030517578125,-0.00762939453125,0,-1.5650007874462314E-07,0,-0.0004,0,0,0
539.125,0,0.00762939453125,0,0,-0.00762939453125,0,-1.579158482276432E-07,0,0.0004,0,0,0
539.25,0,0.00762939453125,0,0,-0.00762939453125,0,-1.5930520434620625E-07,0,0.0004,0,0,0
539.375,0,0.00762939453125,0,0,-0.00762939453125,0,-1.6066863988238613E-07,0,0.0004,0,0,0
539.5,0,0.00762939453125,0,0,-0.00762939453125,0,-1.6200663842464667E-07,0,0,0,0,0
539.625,0,0.00762939453125,0,0,-0.00762939453125,0,-1.6331967453936265E-07,0,-0.0004,0,0,0
539.75,0,0.00762939453125,0,0,-0.00762939453125,0,-1.6460821393914079E-07,0,0.0008,0,0,0
539.875,0,0.003814697265625,0,-0.030517578125,-0.003814697265625,0,2.6468772526775265E-07,0,0.0002,0,0,0
540,0,0.011444091796875,0,0.06103515625,-0.011444091796875,0,-6.0353907051063517E-07,0,0.0002,0,0,0
540.125,0,0.011444091796875,0,0,-0.011444091796875,0,-5.9878239772986868E-07,0,-0.0012,0,0,0
540.25,0,0.011444091796875,0,0,-0.011444091796875,0,-5.9411446802010912E-07,0,0.0004,0,0,0
540.375,0,0.00762939453125,0,-0.030517578125,-0.00762939453125,0,-1.5897318682666966E-07,0,0,0,0,0
540.5,0,0.00762939453125,0,0,-0.00762939453125,0,-1.6034281666203088E-07,0,-0.0004,0,0,0
540.625,0,0.011444091796875,0,0.030517578125,-0.011444091796875,0,-5.9224733285501579E-07,0,0.0002,0,0,0
540.75,0,0.003814697265625,0,-0.06103515625,-0.003814697265625,0,2.7341955296639364E-07,0,0.0002,0,0,0
540.875,0,0.003814697265625,0,0,-0.003814697265625,0,2.6615072929923322E-07,0,-0.0012,0,0,0
541,0,0.00762939453125,0,0.030517578125,-0.00762939453125,0,-1.7154292216125032E-07,0,0.0006,0,0,0
541.125,0,0.00762939453125,0,0,-0.00762939453125,0,-1.7267804418689923E-07,0,0.0004,0,0,0
541.25,0,0.011444091796875,0,0.030517578125,-0.011444091796875,0,-6.0435242767524386E-07,0,0,0,0,0
541.375,0,0.00762939453125,0,-0.030517578125,-0.00762939453125,0,-1.6902014154568266E-07,0,-0.0002,0,0,0
541.5,0,0.00762939453125,0,0,-0.00762939453125,0,-1.7020232993675563E-07,0,0.0012,0,0,0
541.625,0,0.011444091796875,0,0.030517578125,-0.011444091796875,0,-6.0192290169484672E-07,0,-0.001,0,0,0
541.75,0,0.00762939453125,0,-0.030517578125,-0.00762939453125,0,-1.6663594212158413E-07,0,0,0,0,0
541.875,0,0.011444091796875,0,0.030517578125,-0.011444091796875,0,-5.9842305034785518E-07,0,0.0002,0,0,0
542,0,0.00762939453125,0,-0.030517578125,-0.00762939453125,0,-1.632013859022826E-07,0,0.0016,0,0,0
542.125,0,0.00762939453125,0,0,-0.00762939453125,0,-1.6449213215912312E-07,0,0,0,0,0
542.25,0,0.00762939453125,0,0,-0.00762939453125,0,-1.6575879755272119E-07,0,0.001,0,0,0
542.375,0,0.011444091796875,0,0.030517578125,-0.011444091796875,0,-5.9756227026449413E-07,0,0,0,0,0
542.5,0,0.011444091796875,0,0,-0.011444091796875,0,-5.929171039154466E-07,0,0,0,0,0
542.625,0,0.00762939453125,0,-0.030517578125,-0.00762939453125,0,-1.5779816139709762E-07,0,0.0008,0,0,0
542.75,0,0.00762939453125,0,0,-0.00762939453125,0,-1.5918971314509346E-07,0,0.0008,0,0,0
542.875,0,0.003814697265625,0,-0.030517578125,-0.003814697265625,0,2.7000513556790224E-07,0,0,0,0,0
543,0,0.00762939453125,0,0.030517578125,-0.00762939453125,0,-1.6776042578946829E-07,0,0.0002,0,0,0
543.125,0,0.00762939453125,0,0,-0.00762939453125,0,-1.689661161219097E-07,0,0.0008,0,0,0
543.25,0,0.00762939453125,0,0,-0.00762939453125,0,-1.7014931244063275E-07,0,0,0,0,0
543.375,0,0.00762939453125,0,0,-0.00762939453125,0,-1.7131043440617512E-07,0,0,0,0,0
543.5,0,0.00762939453125,0,0,-0.00762939453125,0,-1.7244989384965951E-07,0,0.001,0,0,0
543.625,0,0.00762939453125,0,0,-0.00762939453125,0,-1.7356809491886354E-07,0,-0.0004,0,0,0
543.75,0,0.011444091796875,0,0.030517578125,-0.011444091796875,0,-6.0522587313731747E-07,0,0,0,0,0
543.875,0,0.011444091796875,0,0,-0.011444091796875,0,-6.0043773045055288E-07,0,0,0,0,0
544,0,0.00762939453125,0,-0.030517578125,-0.00762939453125,0,-1.6517847903870156E-07,0,-0.0006,0,0,0
544.125,0,0.011444091796875,0,0.030517578125,-0.011444091796875,0,-5.9699277848787469E-07,0,0.0004,0,0,0
544.25,0,0.00762939453125,0,-0.030517578125,-0.00762939453125,0,-1.617977979709808E-07,0,-0.0006,0,0,0
544.375,0,0.00762939453125,0,0,-0.00762939453125,0,-1.6311473032663302E-07,0,0.0008,0,0,0
544.5,0,0.00762939453125,0,0,-0.00762939453125,0,-1.6440709327696026E-07,0,0,0,0,0
544.625,0,0.003814697265625,0,-0.030517578125,-0.003814697265625,0,2.6488509371361988E-07,0,-0.0004,0,0,0
544.75,0,0.003814697265625,0,0,-0.003814697265625,0,2.5777549355381055E-07,0,0,0,0,0
544.875,0,0.00762939453125,0,0.030517578125,-0.00762939453125,0,-1.7976190495955798E-07,0,-0.0002,0,0,0
545,0,0.00762939453125,0,0,-0.00762939453125,0,-1.8074368917794281E-07,0,0.0008,0,0,0
545.125,0,0.00762939453125,0,0,-0.00762939453125,0,-1.8170715669668877E-07,0,-0.0002,0,0,0
545.25,0,0.00762939453125,0,0,-0.00762939453125,0,-1.8265264924209312E-07,0,-0.0004,0,0,0
545.375,0,0,0,-0.06103515625,0,0,6.7754037566648449E-07,0,0.0002,0,0,0
545.5,0,0.00762939453125,0,0.06103515625,-0.00762939453125,0,-1.9622106342267123E-07,0,0.001,0,0,0
545.625,0,0.00762939453125,0,0,-0.00762939453125,0,-1.9689577664089951E-07,0,-0.0002,0,0,0
545.75,0,0.011444091796875,0,0.030517578125,-0.011444091796875,0,-6.2811834095860794E-07,0,0.0004,0,0,0
545.875,0,0.011444091796875,0,0,-0.011444091796875,0,-6.2290310395801865E-07,0,-0.0002,0,0,0
546,0,0.011444091796875,0,0,-0.011444091796875,0,-6.1778516525159262E-07,0,0,0,0,0
546.125,0,0.00762939453125,0,-0.030517578125,-0.00762939453125,0,-1.82202270673753E-07,0,-0.0006,0,0,0
546.25,0,0.003814697265625,0,-0.030517578125,-0.003814697265625,0,2.4742191281187534E-07,0,0.0004,0,0,0
546.375,0,0.003814697265625,0,0,-0.003814697265625,0,2.406381152401771E-07,0,0,0,0,0
546.5,0,0.00762939453125,0,0.030517578125,-0.00762939453125,0,-1.9657955903512534E-07,0,0.0004,0,0,0
546.625,0,0.00762939453125,0,0,-0.00762939453125,0,-1.9724758396448912E-07,0,0.0004,0,0,0
546.75,0,0.00762939453125,0,0,-0.00762939453125,0,-1.9790314585792983E-07,0,-0.0002,0,0,0
546.875,0,0.011444091796875,0,0.030517578125,-0.011444091796875,0,-6.2910691614836813E-07,0,0,0,0,0
547,0,0.00762939453125,0,-0.030517578125,-0.00762939453125,0,-1.9331279683633636E-07,0,0,0,0,0
547.125,0,0.011444091796875,0,0.030517578125,-0.011444091796875,0,-6.24602207171391E-07,0,0.0004,0,0,0
547.25,0,0.00762939453125,0,-0.030517578125,-0.00762939453125,0,-1.8889213015678743E-07,0,0.0004,0,0,0
547.375,0,0.00762939453125,0,0,-0.00762939453125,0,-1.8970357593476834E-07,0,-0.0004,0,0,0
547.5,0,0.0152587890625,0,0.06103515625,-0.0152587890625,0,-1.0516207607710809E-06,0,0.0002,0,0,0
547.625,0,0.00762939453125,0,-0.06103515625,-0.00762939453125,0,-1.7955131474556289E-07,0,0,0,0,0
547.75,0,0.00762939453125,0,0,-0.00762939453125,0,-1.8053702784936307E-07,0,0,0,0,0
547.875,0,0.00762939453125,0,0,-0.00762939453125,0,-1.8150435095410409E-07,0,-0.0002,0,0,0
548,0,0.00762939453125,0,0,-0.00762939453125,0,-1.8245362715359698E-07,0,-0.0008,0,0,0
548.125,0,0.003814697265625,0,-0.030517578125,-0.003814697265625,0,2.4717524577504476E-07,0,0.0002,0,0,0
548.25,0,0.00762939453125,0,0.030517578125,-0.00762939453125,0,-1.9016438875818913E-07,0,0.0004,0,0,0
548.375,0,0.00762939453125,0,0,-0.00762939453125,0,-1.9095209858866909E-07,0,-0.001,0,0,0
548.5,0,0.011444091796875,0,0.030517578125,-0.011444091796875,0,-6.2228555139245636E-07,0,0,0,0,0
548.625,0,0.00762939453125,0,-0.030517578125,-0.00762939453125,0,-1.86618695166367E-07,0,-0.0004,0,0,0
548.75,0,0.011444091796875,0,0.030517578125,-0.011444091796875,0,-6.1803299429810911E-07,0,0.0002,0,0,0
548.875,0,0.011444091796875,0,0,-0.011444091796875,0,-6.1300591500272116E-07,0,0,0,0,0
549,0,0.0152587890625,0,0.030517578125,-0.0152587890625,0,-1.0386330625449026E-06,0,0,0,0,0
549.125,0,0.0152587890625,0,0,-0.0152587890625,0,-1.0279267999033272E-06,0,0.0006,0,0,0
549.25,0,0.011444091796875,0,-0.030517578125,-0.011444091796875,0,-5.8685984019699642E-07,0,-0.0002,0,0,0
549.375,0,0.011444091796875,0,0,-0.011444091796875,0,-5.8241434419636285E-07,0,0.0008,0,0,0
549.5,0,0.003814697265625,0,-0.06103515625,-0.003814697265625,0,2.8306909204779711E-07,0,-0.0002,0,0,0
549.625,0,0.00762939453125,0,0.030517578125,-0.00762939453125,0,-1.5494019757741125E-07,0,0.001,0,0,0
549.75,0,0.00762939453125,0,0,-0.00762939453125,0,-1.5638506905074357E-07,0,0,0,0,0
549.875,0,0.00762939453125,0,0,-0.00762939453125,0,-1.578029842170807E-07,0,-0.0004,0,0,0
550,0,0.011444091796875,0,0.030517578125,-0.011444091796875,0,-5.8975488490368048E-07,0,0.0006,0,0,0
550.125,0,0.00762939453125,0,-0.030517578125,-0.00762939453125,0,-1.5469493846078892E-07,0,0.0002,0,0,0
550.25,0,0.00762939453125,0,0,-0.00762939453125,0,-1.5614438562141457E-07,0,0.0008,0,0,0
550.375,0,0.00762939453125,0,0,-0.00762939453125,0,-1.5756679110853759E-07,0,-0.0002,0,0,0
550.5,0,0.003814697265625,0,-0.030517578125,-0.003814697265625,0,2.7159777948944641E-07,0,0.0006,0,0,0
550.625,0,0.011444091796875,0,0.06103515625,-0.011444091796875,0,-5.9675793401372948E-07,0,-0.0002,0,0,0
550.75,0,0.00762939453125,0,-0.030517578125,-0.00762939453125,0,-1.6156733488290209E-07,0,-0.0004,0,0,0
550.875,0,0.00762939453125,0,0,-0.00762939453125,0,-1.6288856688310261E-07,0,0,0,0,0
551,0,0.011444091796875,0,0.030517578125,-0.011444091796875,0,-5.9474558817722712E-07,0,0.0008,0,0,0
551.125,0,0.00762939453125,0,-0.030517578125,-0.00762939453125,0,-1.5959253246334062E-07,0,0,0,0,0
551.25,0,0,0,-0.06103515625,0,0,7.0017027038140266E-07,0,0.0002,0,0,0
551.375,0,0.00762939453125,0,0.06103515625,-0.00762939453125,0,-1.740133643150875E-07,0,-0.0004,0,0,0
551.5,0,0.0152587890625,0,0.06103515625,-0.0152587890625,0,-1.0362232742615884E-06,0,0.0012,0,0,0
551.625,0,0.011444091796875,0,-0.030517578125,-0.011444091796875,0,-5.9500153102336113E-07,0,0.0002,0,0,0
551.75,0,0.00762939453125,0,-0.030517578125,-0.00762939453125,0,-1.5984370030072058E-07,0,0,0,0,0
551.875,0,0.011444091796875,0,0.030517578125,-0.011444091796875,0,-5.9175752827963954E-07,0,0.0002,0,0,0
552,0,0.011444091796875,0,0,-0.011444091796875,0,-5.8722065834993413E-07,0,0,0,0,0
552.125,0,0.011444091796875,0,0,-0.011444091796875,0,-5.8276843072985938E-07,0,-0.0002,0,0,0
552.25,0,0.00762939453125,0,-0.030517578125,-0.00762939453125,0,-1.4783882737075989E-07,0,0.0002,0,0,0
552.375,0,0.00762939453125,0,0,-0.00762939453125,0,-1.4941618586380984E-07,0,0.0002,0,0,0
552.5,0,0.003814697265625,0,-0.030517578125,-0.003814697265625,0,2.7959632261568928E-07,0,0.0002,0,0,0
552.625,0,0.0152587890625,0,0.091552734375,-0.0152587890625,0,-1.0194690549682492E-06,0,0,0,0,0
552.75,0,0.00762939453125,0,-0.06103515625,-0.00762939453125,0,-1.4799944862953766E-07,0,0,0,0,0
552.875,0,0.00762939453125,0,0,-0.00762939453125,0,-1.4957381048514165E-07,0,0,0,0,0
553,0,0.00762939453125,0,0,-0.00762939453125,0,-1.5111880019084553E-07,0,0.0004,0,0,0
553.125,0,0.011444091796875,0,0.030517578125,-0.011444091796875,0,-5.831954046451845E-07,0,-0.0004,0,0,0
553.25,0,0.011444091796875,0,0,-0.011444091796875,0,-5.788182743445608E-07,0,-0.0002,0,0,0
553.375,0,0.011444091796875,0,0,-0.011444091796875,0,-5.7452280616428437E-07,0,-0.0002,0,0,0
553.5,0,0,0,-0.091552734375,0,0,7.2137384017577656E-07,0,0.0002,0,0,0
553.625,0,0.00762939453125,0,0.06103515625,-0.00762939453125,0,-1.5320537983561526E-07,0,0.0008,0,0,0
553.75,0,0.011444091796875,0,0.030517578125,-0.011444091796875,0,-5.8524305592676589E-07,0,0.0008,0,0,0
553.875,0,0.011444091796875,0,0,-0.011444091796875,0,-5.808277235316417E-07,0,0.0002,0,0,0
554,0,0.011444091796875,0,0,-0.011444091796875,0,-5.7649476597588939E-07,0,0,0,0,0
554.125,0,0.00762939453125,0,-0.030517578125,-0.00762939453125,0,-1.4168220751401019E-07,0,0.0008,0,0,0
554.25,0,0.0152587890625,0,0.06103515625,-0.0152587890625,0,-1.0044953050826106E-06,0,0.0004,0,0,0
554.375,0,0.003814697265625,0,-0.091552734375,-0.003814697265625,0,2.9725538176092541E-07,0,-0.0006,0,0,0
554.5,0,0.011444091796875,0,0.06103515625,-0.011444091796875,0,-5.7157901390627354E-07,0,0.0002,0,0,0
554.625,0,0.011444091796875,0,0,-0.011444091796875,0,-5.6741860530077187E-07,0,0.0002,0,0,0
554.75,0,0.00762939453125,0,-0.030517578125,-0.00762939453125,0,-1.3277537662220664E-07,0,0,0,0,0
554.875,0,0.00762939453125,0,0,-0.00762939453125,0,-1.3463376703420514E-07,0,-0.0002,0,0,0
555,0,0.00762939453125,0,0,-0.00762939453125,0,-1.3645748630528397E-07,0,0.0002,0,0,0
555.125,0,0.003814697265625,0,-0.030517578125,-0.003814697265625,0,2.9231325763667323E-07,0,0.0002,0,0,0
555.25,0,0.00762939453125,0,0.030517578125,-0.00762939453125,0,-1.4586849616277286E-07,0,0,0,0,0
555.375,0,0.011444091796875,0,0.030517578125,-0.011444091796875,0,-5.7804305314078663E-07,0,0.0004,0,0,0
555.5,0,0.00762939453125,0,-0.030517578125,-0.00762939453125,0,-1.4320160899259976E-07,0,0.0002,0,0,0
555.625,0,0.00762939453125,0,0,-0.00762939453125,0,-1.4486548195043946E-07,0,0,0,0,0
555.75,0,0.00762939453125,0,0,-0.00762939453125,0,-1.4649831279063735E-07,0,0.0004,0,0,0
555.875,0,0.003814697265625,0,-0.030517578125,-0.003814697265625,0,2.8245975826395227E-07,0,0,0,0,0
556,0,0.00762939453125,0,0.030517578125,-0.00762939453125,0,-1.5553816329922221E-07,0,-0.0002,0,0,0
556.125,0,0.011444091796875,0,0.030517578125,-0.011444091796875,0,-5.8753231771501355E-07,0,-0.0006,0,0,0
556.25,0,0.003814697265625,0,-0.06103515625,-0.003814697265625,0,2.7804660222296151E-07,0,0.0004,0,0,0
556.375,0,0.00762939453125,0,0.030517578125,-0.00762939453125,0,-1.5986898510408594E-07,0,0.0002,0,0,0
556.5,0,0.0152587890625,0,0.06103515625,-0.0152587890625,0,-1.0223427802717329E-06,0,0,0,0,0
556.625,0,0.00762939453125,0,-0.06103515625,-0.00762939453125,0,-1.5081956015288226E-07,0,0.0008,0,0,0
556.75,0,0.011444091796875,0,0.030517578125,-0.011444091796875,0,-5.8290174739190314E-07,0,0.0002,0,0,0
556.875,0,0.011444091796875,0,0,-0.011444091796875,0,-5.78530095720498E-07,0,-0.0004,0,0,0
557,0,0.011444091796875,0,0,-0.011444091796875,0,-5.742400039571576E-07,0,0.0008,0,0,0
557.125,0,0.00762939453125,0,-0.030517578125,-0.00762939453125,0,-1.3946951156018433E-07,0,0.0002,0,0,0
557.25,0,0.011444091796875,0,0.030517578125,-0.011444091796875,0,-5.7176345147058234E-07,0,0,0,0,0
557.375,0,0.00762939453125,0,-0.030517578125,-0.00762939453125,0,-1.3703916298194972E-07,0,-0.0006,0,0,0
557.5,0,0.00762939453125,0,0,-0.00762939453125,0,-1.3881800587972539E-07,0,0.0004,0,0,0
557.625,0,0.00762939453125,0,0,-0.00762939453125,0,-1.4056366171821335E-07,0,0,0,0,0
557.75,0,0,0,-0.06103515625,0,0,7.1884412817828888E-07,0,0,0,0,0
557.875,0,0.003814697265625,0,0.030517578125,-0.003814697265625,0,2.7487254276370024E-07,0,0.0002,0,0,0
558,0,0.00762939453125,0,0.030517578125,-0.00762939453125,0,-1.6298382758607004E-07,0,0.001,0,0,0
558.125,0,0.00762939453125,0,0,-0.00762939453125,0,-1.6427863272902564E-07,0,0,0,0,0
558.25,0,0.00762939453125,0,0,-0.00762939453125,0,-1.6554928128395481E-07,0,0.0002,0,0,0
558.375,0,0.011444091796875,0,0.030517578125,-0.011444091796875,0,-5.9735666284503756E-07,0,0.0002,0,0,0
558.5,0,0.00762939453125,0,-0.030517578125,-0.00762939453125,0,-1.62154893503931E-07,0,0,0,0,0
558.625,0,0.00762939453125,0,0,-0.00762939453125,0,-1.634651636913624E-07,0,-0.0012,0,0,0
558.75,0,0.00762939453125,0,0,-0.00762939453125,0,-1.6475098876649772E-07,0,0.0006,0,0,0
558.875,0,0.011444091796875,0,0.030517578125,-0.011444091796875,0,-5.9657326370638252E-07,0,0.0008,0,0,0
559,0,0.00762939453125,0,-0.030517578125,-0.00762939453125,0,-1.613861098851136E-07,0,0,0,0,0
559.125,0,0.0152587890625,0,0.06103515625,-0.0152587890625,0,-1.0238316007488124E-06,0,-0.0004,0,0,0
559.25,0,0.00762939453125,0,-0.06103515625,-0.00762939453125,0,-1.5228060438648171E-07,0,-0.0002,0,0,0
559.375,0,0.003814697265625,0,-0.030517578125,-0.003814697265625,0,2.7678534424079869E-07,0,0.0004,0,0,0
559.5,0,0.011444091796875,0,0.06103515625,-0.011444091796875,0,-5.9166715128802841E-07,0,-0.0006,0,0,0
559.625,0,0.011444091796875,0,0,-0.011444091796875,0,-5.8713196748056719E-07,0,0.0002,0,0,0
559.75,0,0.00762939453125,0,-0.030517578125,-0.00762939453125,0,-1.5212095560977117E-07,0,0.0004,0,0,0
559.875,0,0.011444091796875,0,0.030517578125,-0.011444091796875,0,-5.8417886330828922E-07,0,0.0004,0,0,0
560,0,0.011444091796875,0,0,-0.011444091796875,0,-5.797833850686765E-07,0,-0.0002,0,0,0
560.125,0,0.00762939453125,0,-0.030517578125,-0.00762939453125,0,-1.4490947234277352E-07,0,0,0,0,0
560.25,0,0.00762939453125,0,0,-0.00762939453125,0,-1.4654148247431843E-07,0,0.001,0,0,0
560.375,0,0.011444091796875,0,0.030517578125,-0.011444091796875,0,-5.7870348385416835E-07,0,-0.0004,0,0,0
560.5,0,0.011444091796875,0,0,-0.011444091796875,0,-5.7441015726762965E-07,0,0.0002,0,0,0
560.625,0,0.00762939453125,0,-0.030517578125,-0.00762939453125,0,-1.3963649039807671E-07,0,-0.0002,0,0,0
560.75,0,0.011444091796875,0,0.030517578125,-0.011444091796875,0,-5.7192731506057965E-07,0,0,0,0,0
560.875,0,0.003814697265625,0,-0.06103515625,-0.003814697265625,0,2.9336046947194429E-07,0,0,0,0,0
561,0,0.011444091796875,0,0.06103515625,-0.011444091796875,0,-5.7540126059605173E-07,0,-0.0006,0,0,0
561.125,0,0.011444091796875,0,0,-0.011444091796875,0,-5.7116954208023443E-07,0,-0.0004,0,0,0
561.25,0,0.00762939453125,0,-0.030517578125,-0.00762939453125,0,-1.3645633388777278E-07,0,-0.0008,0,0,0
561.375,0,0.011444091796875,0,0.030517578125,-0.011444091796875,0,-5.6880648927744881E-07,0,0.0004,0,0,0
561.5,0,0.00762939453125,0,-0.030517578125,-0.00762939453125,0,-1.3413736748157903E-07,0,0.0002,0,0,0
561.625,0,0.011444091796875,0,0.030517578125,-0.011444091796875,0,-5.6653078676808648E-07,0,0.001,0,0,0
561.75,0,0,0,-0.091552734375,0,0,7.2921675611721639E-07,0,0.0008,0,0,0
561.875,0,0.011444091796875,0,0.091552734375,-0.011444091796875,0,-5.7606922450964833E-07,0,0.0002,0,0,0
562,0,0.011444091796875,0,0,-0.011444091796875,0,-5.7182504409625119E-07,0,-0.0002,0,0,0
562.125,0,0.00762939453125,0,-0.030517578125,-0.00762939453125,0,-1.3709960650213974E-07,0,0,0,0,0
562.25,0,0.00762939453125,0,0,-0.00762939453125,0,-1.3887732173277258E-07,0,0.001,0,0,0
562.375,0,0.00762939453125,0,0,-0.00762939453125,0,-1.406218709424884E-07,0,-0.0004,0,0,0
562.5,0,0.0152587890625,0,0.06103515625,-0.0152587890625,0,-1.003454750726094E-06,0,0,0,0,0
562.625,0,0.011444091796875,0,-0.030517578125,-0.011444091796875,0,-5.6284435486132122E-07,0,0.0002,0,0,0
562.75,0,0.0152587890625,0,0.030517578125,-0.0152587890625,0,-9.89407343714986E-07,0,-0.0004,0,0,0
562.875,0,0.00762939453125,0,-0.06103515625,-0.00762939453125,0,-1.1849858498957425E-07,0,0,0,0,0
563,0,0.00762939453125,0,0,-0.00762939453125,0,-1.2062333098077711E-07,0,0.0006,0,0,0
563.125,0,0.011444091796875,0,0.030517578125,-0.011444091796875,0,-5.5326887547245542E-07,0,0.0008,0,0,0
563.25,0,0.003814697265625,0,-0.06103515625,-0.003814697265625,0,3.1167080707669396E-07,0,0,0,0,0
563.375,0,0.0152587890625,0,0.091552734375,-0.0152587890625,0,-9.8799296951075485E-07,0,0.0004,0,0,0
563.5,0,0.00762939453125,0,-0.06103515625,-0.00762939453125,0,-1.171105981187209E-07,0,0.0002,0,0,0
563.625,0,0.00762939453125,0,0,-0.00762939453125,0,-1.1926123914687794E-07,0,0.0002,0,0,0
563.75,0,0.011444091796875,0,0.030517578125,-0.011444091796875,0,-5.51932195563636E-07,0,-0.0002,0,0,0
563.875,0,0.003814697265625,0,-0.06103515625,-0.003814697265625,0,3.129825491591105E-07,0,0.0008,0,0,0
564,0,0.00762939453125,0,0.030517578125,-0.00762939453125,0,-1.2558482216960031E-07,0,0,0,0,0
564.125,0,0.011444091796875,0,0.030517578125,-0.011444091796875,0,-5.581378023868029E-07,0,-0.0004,0,0,0
564.25,0,0.00762939453125,0,-0.030517578125,-0.00762939453125,0,-1.2366772140831211E-07,0,-0.0006,0,0,0
564.375,0,0.00762939453125,0,0,-0.00762939453125,0,-1.2569602918284642E-07,0,0,0,0,0
564.5,0,0.00762939453125,0,0,-0.00762939453125,0,-1.2768649574585419E-07,0,0.0008,0,0,0
564.625,0,0.00762939453125,0,0,-0.00762939453125,0,-1.2963982708353129E-07,0,-0.0004,0,0,0
564.75,0,0.011444091796875,0,0.030517578125,-0.011444091796875,0,-5.6211715492656474E-07,0,0,0,0,0
564.875,0,0.00762939453125,0,-0.030517578125,-0.00762939453125,0,-1.275728329856883E-07,0,0.0002,0,0,0
565,0,0.003814697265625,0,-0.030517578125,-0.003814697265625,0,3.0103215403819761E-07,0,0,0,0,0
565.125,0,0.011444091796875,0,0.06103515625,-0.011444091796875,0,-5.6787270314397768E-07,0,0,0,0,0
565.25,0,0.00762939453125,0,-0.030517578125,-0.00762939453125,0,-1.3322100256940425E-07,0,0.0004,0,0,0
565.375,0,0.003814697265625,0,-0.030517578125,-0.003814697265625,0,2.9548935977406509E-07,0,0.0006,0,0,0
565.5,0,0.011444091796875,0,0.06103515625,-0.011444091796875,0,-5.7331208802772391E-07,0,-0.0006,0,0,0
565.625,0,0.011444091796875,0,0,-0.011444091796875,0,-5.6911934625008517E-07,0,-0.0002,0,0,0
565.75,0,0.00762939453125,0,-0.030517578125,-0.00762939453125,0,-1.3444438762460422E-07,0,-0.0002,0,0,0
565.875,0,0.0152587890625,0,0.06103515625,-0.0152587890625,0,-9.97392517892317E-07,0,0.0002,0,0,0
566,0,0.011444091796875,0,-0.030517578125,-0.011444091796875,0,-5.568952223360213E-07,0,-0.0006,0,0,0
566.125,0,0,0,-0.091552734375,0,0,7.3867255422563516E-07,0,-0.0004,0,0,0
566.25,0,0.00762939453125,0,0.06103515625,-0.00762939453125,0,-1.3622939999094807E-07,0,-0.0004,0,0,0
566.375,0,0.00762939453125,0,0,-0.00762939453125,0,-1.3802335026691042E-07,0,0.001,0,0,0
566.5,0,0.00762939453125,0,0,-0.00762939453125,0,-1.3978383163213195E-07,0,-0.0004,0,0,0
566.625,0,0.00762939453125,0,0,-0.00762939453125,0,-1.4151146850079024E-07,0,0.0002,0,0,0
566.75,0,0,0,-0.06103515625,0,0,7.1791400419385336E-07,0,-0.0002,0,0,0
566.875,0,0.00762939453125,0,0.06103515625,-0.00762939453125,0,-1.5660066723823363E-07,0,0.0004,0,0,0
567,0,0.00762939453125,0,0,-0.00762939453125,0,-1.5801456008768178E-07,0,0,0,0,0
567.125,0,0.00762939453125,0,0,-0.00762939453125,0,-1.5940207458416812E-07,0,0.0002,0,0,0
567.25,0,0.011444091796875,0,0.030517578125,-0.011444091796875,0,-5.9132414177232609E-07,0,-0.0004,0,0,0
567.375,0,0.00762939453125,0,-0.030517578125,-0.00762939453125,0,-1.5623491842094395E-07,0,0.0002,0,0,0
567.5,0,0.003814697265625,0,-0.030517578125,-0.003814697265625,0,2.729048040367675E-07,0,0.0006,0,0,0
567.625,0,0.011444091796875,0,0.06103515625,-0.011444091796875,0,-5.9547529402627974E-07,0,0,0,0,0
567.75,0,0.011444091796875,0,0,-0.011444091796875,0,-5.9086906343948319E-07,0,0.0002,0,0,0
567.875,0,0.00762939453125,0,-0.030517578125,-0.00762939453125,0,-1.557883302766565E-07,0,0.0002,0,0,0
568,0,0.011444091796875,0,0.030517578125,-0.011444091796875,0,-5.8777781744143748E-07,0,0,0,0,0
568.125,0,0.003814697265625,0,-0.06103515625,-0.003814697265625,0,2.77805682672778E-07,0,-0.0004,0,0,0
568.25,0,0.011444091796875,0,0.06103515625,-0.011444091796875,0,-5.9066584884403774E-07,0,0.0008,0,0,0
568.375,0,0.00762939453125,0,-0.030517578125,-0.00762939453125,0,-1.5558890696308062E-07,0,0,0,0,0
568.5,0,0.00762939453125,0,0,-0.00762939453125,0,-1.5702167576176434E-07,0,0.0008,0,0,0
568.625,0,0.00762939453125,0,0,-0.00762939453125,0,-1.5842771404752476E-07,0,-0.0004,0,0,0
568.75,0,0.0152587890625,0,0.06103515625,-0.0152587890625,0,-1.0209283983508361E-06,0,-0.0004,0,0,0
568.875,0,0.00762939453125,0,-0.06103515625,-0.00762939453125,0,-1.494315657093299E-07,0,0,0,0,0
569,0,0.011444091796875,0,0.030517578125,-0.011444091796875,0,-5.8153964812658526E-07,0,0.0002,0,0,0
569.125,0,0.011444091796875,0,0,-0.011444091796875,0,-5.7719340851890442E-07,0,-0.0006,0,0,0
569.25,0,0.00762939453125,0,-0.030517578125,-0.00762939453125,0,-1.4236781580227174E-07,0,-0.0008,0,0,0
569.375,0,0.00762939453125,0,0,-0.00762939453125,0,-1.4404724445874884E-07,0,-0.0008,0,0,0
569.5,0,0.011444091796875,0,0.030517578125,-0.011444091796875,0,-5.7625577969777429E-07,0,0.0014,0,0,0
569.625,0,0.00762939453125,0,-0.030517578125,-0.00762939453125,0,-1.4144767989370614E-07,0,0.0006,0,0,0
569.75,0,0.00762939453125,0,0,-0.00762939453125,0,-1.4314427510546957E-07,0,0,0,0,0
569.875,0,0.011444091796875,0,0.030517578125,-0.011444091796875,0,-5.7536965663120182E-07,0,0.0002,0,0,0
570,0,0.003814697265625,0,-0.06103515625,-0.003814697265625,0,2.8998235009538756E-07,0,0.001,0,0,0
570.125,0,0.011444091796875,0,0.06103515625,-0.011444091796875,0,-5.78716355942678E-07,0,-0.0004,0,0,0
570.25,0,0.00762939453125,0,-0.030517578125,-0.00762939453125,0,-1.438623502917115E-07,0,0,0,0,0
570.375,0,0.011444091796875,0,0.030517578125,-0.011444091796875,0,-5.7607433501674335E-07,0,-0.0008,0,0,0
570.5,0,0.011444091796875,0,0,-0.011444091796875,0,-5.718300592589501E-07,0,0,0,0,0
570.625,0,0.011444091796875,0,0,-0.011444091796875,0,-5.6766496701499244E-07,0,0,0,0,0
570.75,0,0.00762939453125,0,-0.030517578125,-0.00762939453125,0,-1.3301714207847429E-07,0,-0.0002,0,0,0
570.875,0,0.00762939453125,0,0,-0.00762939453125,0,-1.3487102198280461E-07,0,0.0004,0,0,0
571,0,0.00762939453125,0,0,-0.00762939453125,0,-1.3669031489669623E-07,0,0,0,0,0
571.125,0,0.011444091796875,0,0.030517578125,-0.011444091796875,0,-5.6903610500958193E-07,0,0,0,0,0
571.25,0,0.0152587890625,0,0.030517578125,-0.0152587890625,0,-9.95483577209403E-07,0,0.0004,0,0,0
571.375,0,0.003814697265625,0,-0.091552734375,-0.003814697265625,0,3.0609898194416849E-07,0,0.0008,0,0,0
571.5,0,0.00762939453125,0,0.030517578125,-0.00762939453125,0,-1.3233996581573869E-07,0,0.0002,0,0,0
571.625,0,0.00762939453125,0,0,-0.00762939453125,0,-1.3420647948823807E-07,0,0,0,0,0
571.75,0,0.003814697265625,0,-0.030517578125,-0.003814697265625,0,2.9452226844789545E-07,0,-0.0008,0,0,0
571.875,0,0.003814697265625,0,0,-0.003814697265625,0,2.8685974105867379E-07,0,0.0002,0,0,0
572,0,0.00762939453125,0,0.030517578125,-0.00762939453125,0,-1.5122026897339017E-07,0,0,0,0,0
572.125,0,0.003814697265625,0,-0.030517578125,-0.003814697265625,0,2.7782589746049744E-07,0,0.0002,0,0,0
572.25,0,0.00762939453125,0,0.030517578125,-0.00762939453125,0,-1.6008557227862469E-07,0,0,0,0,0
572.375,0,0.00762939453125,0,0,-0.00762939453125,0,-1.6143444884679689E-07,0,0,0,0,0
572.5,0,0.003814697265625,0,-0.030517578125,-0.003814697265625,0,2.6780227887468847E-07,0,0,0,0,0
572.625,0,0.003814697265625,0,0,-0.003814697265625,0,2.6063825412403151E-07,0,0,0,0,0
572.75,0,0.00762939453125,0,0.030517578125,-0.00762939453125,0,-1.7695255360545682E-07,0,0.001,0,0,0
572.875,0,0.00762939453125,0,0,-0.00762939453125,0,-1.7798675060861605E-07,0,0.001,0,0,0
573,0,0.00762939453125,0,0,-0.00762939453125,0,-1.790016530707554E-07,0,-0.0004,0,0,0
573.125,0,0.00762939453125,0,0,-0.00762939453125,0,-1.7999762096131208E-07,0,0.0006,0,0,0
573.25,0,0.00762939453125,0,0,-0.00762939453125,0,-1.8097500753393793E-07,0,-0.001,0,0,0
573.375,0,0.00762939453125,0,0,-0.00762939453125,0,-1.819341594517928E-07,0,-0.0002,0,0,0
573.5,0,0.003814697265625,0,-0.030517578125,-0.003814697265625,0,2.4768502200525278E-07,0,0,0,0,0
573.625,0,0.011444091796875,0,0.06103515625,-0.011444091796875,0,-6.2022456210597225E-07,0,0.0006,0,0,0
573.75,0,0.003814697265625,0,-0.06103515625,-0.003814697265625,0,2.4596428210030562E-07,0,0.0002,0,0,0
573.875,0,0.011444091796875,0,0.06103515625,-0.011444091796875,0,-6.2191319895262486E-07,0,0.0006,0,0,0
574,0,0.00762939453125,0,-0.030517578125,-0.00762939453125,0,-1.8625328953589793E-07,0,0,0,0,0
574.125,0,0.011444091796875,0,0.030517578125,-0.011444091796875,0,-6.176744058735538E-07,0,0.0006,0,0,0
574.25,0,0.00762939453125,0,-0.030517578125,-0.00762939453125,0,-1.8209357768283033E-07,0,0.0008,0,0,0
574.375,0,0.011444091796875,0,0.030517578125,-0.011444091796875,0,-6.1359229986418394E-07,0,-0.0008,0,0,0
574.5,0,0.011444091796875,0,0,-0.011444091796875,0,-6.0864806857613918E-07,0,0.0004,0,0,0
574.625,0,0.00762939453125,0,-0.030517578125,-0.00762939453125,0,-1.732356406367334E-07,0,-0.0004,0,0,0
574.75,0,0.011444091796875,0,0.030517578125,-0.011444091796875,0,-6.0489962130284882E-07,0,0,0,0,0
574.875,0,0.0152587890625,0,0.030517578125,-0.0152587890625,0,-1.0306780042632663E-06,0,0.0006,0,0,0
575,0,0.00762939453125,0,-0.06103515625,-0.00762939453125,0,-1.5899927767831394E-07,0,-0.0002,0,0,0
575.125,0,0.011444091796875,0,0.030517578125,-0.011444091796875,0,-5.9092885966432858E-07,0,0.0008,0,0,0
575.25,0,0.019073486328125,0,0.06103515625,-0.019073486328125,0,-1.4475283276579117E-06,0,-0.0002,0,0,0
575.375,0,0.011444091796875,0,-0.06103515625,-0.011444091796875,0,-5.7024037500342486E-07,0,-0.0008,0,0,0
575.5,0,0.011444091796875,0,0,-0.011444091796875,0,-5.6610494077238266E-07,0,-0.0002,0,0,0
575.625,0,0.003814697265625,0,-0.06103515625,-0.003814697265625,0,2.990742183829709E-07,0,0.001,0,0,0
575.75,0,0.011444091796875,0,0.06103515625,-0.011444091796875,0,-5.6979411048815848E-07,0,0,0,0,0
575.875,0,0.00762939453125,0,-0.030517578125,-0.00762939453125,0,-1.3510656309455066E-07,0,-0.0002,0,0,0
576,0,0.00762939453125,0,0,-0.00762939453125,0,-1.3692146162552631E-07,0,0.0004,0,0,0
576.125,0,0.011444091796875,0,0.030517578125,-0.011444091796875,0,-5.6926293933949051E-07,0,-0.0002,0,0,0
576.25,0,0.00762939453125,0,-0.030517578125,-0.00762939453125,0,-1.3458530176334037E-07,0,0,0,0,0
576.375,0,0.00762939453125,0,0,-0.00762939453125,0,-1.3640992522883657E-07,0,0.0008,0,0,0
576.5,0,0.011444091796875,0,0.030517578125,-0.011444091796875,0,-5.6876094644366078E-07,0,0,0,0,0
576.625,0,0.011444091796875,0,0,-0.011444091796875,0,-5.6465311323538805E-07,0,0.0002,0,0,0
576.75,0,0.00762939453125,0,-0.030517578125,-0.00762939453125,0,-1.3006147907888456E-07,0,0,0,0,0
576.875,0,0.00762939453125,0,0,-0.00762939453125,0,-1.3197050143751737E-07,0,0.0004,0,0,0
577,0,0.00762939453125,0,0,-0.00762939453125,0,-1.3384390803813313E-07,0,-0.0004,0,0,0
577.125,0,0.00762939453125,0,0,-0.00762939453125,0,-1.3568236334765827E-07,0,0.0004,0,0,0
577.25,0,0.00762939453125,0,0,-0.00762939453125,0,-1.3748651943636334E-07,0,0.0002,0,0,0
577.375,0,0.011444091796875,0,0.030517578125,-0.011444091796875,0,-5.6981745512489473E-07,0,-0.0012,0,0,0
577.5,0,0.003814697265625,0,-0.06103515625,-0.003814697265625,0,2.9543096671468887E-07,0,-0.0008,0,0,0
577.625,0,0.00762939453125,0,0.030517578125,-0.00762939453125,0,-1.4280895275871494E-07,0,0.0002,0,0,0
577.75,0,0.00762939453125,0,0,-0.00762939453125,0,-1.4448015132452704E-07,0,0.0008,0,0,0
577.875,0,0.0152587890625,0,0.06103515625,-0.0152587890625,0,-1.0072410489336824E-06,0,-0.001,0,0,0
578,0,0.00762939453125,0,-0.06103515625,-0.00762939453125,0,-1.3599957491725038E-07,0,-0.0002,0,0,0
578.125,0,0.00762939453125,0,0,-0.00762939453125,0,-1.377978129346182E-07,0,0.0008,0,0,0
578.25,0,0.00762939453125,0,0,-0.00762939453125,0,-1.3956250204681264E-07,0,0,0,0,0
578.375,0,0.011444091796875,0,0.030517578125,-0.011444091796875,0,-5.7185470707618395E-07,0,-0.0006,0,0,0
578.5,0,0.00762939453125,0,-0.030517578125,-0.00762939453125,0,-1.3712871607340728E-07,0,0,0,0,0
578.625,0,0.011444091796875,0,0.030517578125,-0.011444091796875,0,-5.6946632713582062E-07,0,0,0,0,0
578.75,0,0.00762939453125,0,-0.030517578125,-0.00762939453125,0,-1.347848950464711E-07,0,0.0006,0,0,0
578.875,0,0.011444091796875,0,0.030517578125,-0.011444091796875,0,-5.6716623370702026E-07,0,0,0,0,0
579,0,0.011444091796875,0,0,-0.011444091796875,0,-5.63088152325738E-07,0,0.0004,0,0,0
579.125,0,0.00762939453125,0,-0.030517578125,-0.00762939453125,0,-1.2852571492998078E-07,0,0.0004,0,0,0
579.25,0,0.00762939453125,0,0,-0.00762939453125,0,-1.30463389338733E-07,0,-0.0002,0,0,0
579.375,0,0.011444091796875,0,0.030517578125,-0.011444091796875,0,-5.6292535235701168E-07,0,0.0004,0,0,0
579.5,0,0.011444091796875,0,0,-0.011444091796875,0,-5.5892639116164965E-07,0,-0.0002,0,0,0
579.625,0,0.00762939453125,0,-0.030517578125,-0.00762939453125,0,-1.244415978426496E-07,0,-0.0004,0,0,0
579.75,0,0.003814697265625,0,-0.030517578125,-0.003814697265625,0,3.041049711576628E-07,0,-0.0006,0,0,0
579.875,0,0.00762939453125,0,0.030517578125,-0.00762939453125,0,-1.3429677525395507E-07,0,0.0004,0,0,0
580,0,0.011444091796875,0,0.030517578125,-0.011444091796875,0,-5.6668722054247794E-07,0,0.001,0,0,0
580.125,0,0.011444091796875,0,0,-0.011444091796875,0,-5.6261807589097156E-07,0,0,0,0,0
580.25,0,0.003814697265625,0,-0.06103515625,-0.003814697265625,0,3.0249603041924749E-07,0,0,0,0,0
580.375,0,0.00762939453125,0,0.030517578125,-0.00762939453125,0,-1.3587569872005083E-07,0,0,0,0,0
580.5,0,0.011444091796875,0,0.030517578125,-0.011444091796875,0,-5.6823668675479064E-07,0,0,0,0,0
580.625,0,0.00762939453125,0,-0.030517578125,-0.00762939453125,0,-1.3357819550427447E-07,0,0.0006,0,0,0
580.75,0,0.00762939453125,0,0,-0.00762939453125,0,-1.3542160809115429E-07,0,-0.0008,0,0,0
580.875,0,0.019073486328125,0,0.091552734375,-0.019073486328125,0,-1.4289119457188142E-06,0,0.0002,0,0,0
581,0,0.00762939453125,0,-0.091552734375,-0.00762939453125,0,-1.2141087148160468E-07,0,0.0004,0,0,0
581.125,0,0.0152587890625,0,0.06103515625,-0.0152587890625,0,-9.8460216210569645E-07,0,0.0004,0,0,0
581.25,0,0.00762939453125,0,-0.06103515625,-0.00762939453125,0,-1.1378305145834415E-07,0,-0.0008,0,0,0
581.375,0,0.00762939453125,0,0,-0.00762939453125,0,-1.1599577300436966E-07,0,0.0008,0,0,0
581.5,0,0.00762939453125,0,0,-0.00762939453125,0,-1.1816721281538249E-07,0,0.0002,0,0,0
581.625,0,0.011444091796875,0,0.030517578125,-0.011444091796875,0,-5.5085857998160645E-07,0,0,0,0,0
581.75,0,0.00762939453125,0,-0.030517578125,-0.00762939453125,0,-1.1652430413005062E-07,0,0,0,0,0
581.875,0,0.00762939453125,0,0,-0.00762939453125,0,-1.186858833773086E-07,0,-0.0002,0,0,0
582,0,0.00762939453125,0,0,-0.00762939453125,0,-1.2080713502805788E-07,0,0,0,0,0
582.125,0,0.00762939453125,0,0,-0.00762939453125,0,-1.2288881145584305E-07,0,0,0,0,0
582.25,0,0.011444091796875,0,0.030517578125,-0.011444091796875,0,-5.5549208991327221E-07,0,0.0002,0,0,0
582.375,0,0,0,-0.091552734375,0,0,7.4004950904778751E-07,0,0.0004,0,0,0
582.5,0,0.003814697265625,0,0.030517578125,-0.003814697265625,0,2.95682304529896E-07,0,-0.0004,0,0,0
582.625,0,0.00762939453125,0,0.030517578125,-0.00762939453125,0,-1.4256230403830364E-07,0,0.0006,0,0,0
582.75,0,0.00762939453125,0,0,-0.00762939453125,0,-1.4423810421661216E-07,0,0.0004,0,0,0
582.875,0,0.011444091796875,0,0.030517578125,-0.011444091796875,0,-5.7644307867232847E-07,0,0,0,0,0
583,0,0.011444091796875,0,0,-0.011444091796875,0,-5.7219192343261173E-07,0,-0.001,0,0,0
583.125,0,0.011444091796875,0,0,-0.011444091796875,0,-5.68020080054082E-07,0,0,0,0,0
583.25,0,0.011444091796875,0,0,-0.011444091796875,0,-5.6392606885157826E-07,0,0.0006,0,0,0
583.375,0,0.011444091796875,0,0,-0.011444091796875,0,-5.5990843774574976E-07,0,-0.0002,0,0,0
583.5,0,0.011444091796875,0,0,-0.011444091796875,0,-5.559657617480267E-07,0,-0.0002,0,0,0
583.625,0,0.011444091796875,0,0,-0.011444091796875,0,-5.520966424552E-07,0,0.0002,0,0,0
583.75,0,0.011444091796875,0,0,-0.011444091796875,0,-5.4829970755343047E-07,0,0.001,0,0,0
583.875,0,0.00762939453125,0,-0.030517578125,-0.00762939453125,0,-1.140131714157582E-07,0,0.0002,0,0,0
584,0,0.011444091796875,0,0.030517578125,-0.011444091796875,0,-5.4678203863462055E-07,0,0.0002,0,0,0
584.125,0,0.00762939453125,0,-0.030517578125,-0.00762939453125,0,-1.1252381695262649E-07,0,-0.0002,0,0,0
584.25,0,0.011444091796875,0,0.030517578125,-0.011444091796875,0,-5.4532047037730281E-07,0,0.0004,0,0,0
584.375,0,0.003814697265625,0,-0.06103515625,-0.003814697265625,0,3.1947092240917816E-07,0,-0.0008,0,0,0
584.5,0,0.003814697265625,0,0,-0.003814697265625,0,3.1134293938067704E-07,0,0,0,0,0
584.625,0,0.011444091796875,0,0.06103515625,-0.011444091796875,0,-5.577542814131986E-07,0,0.0002,0,0,0
584.75,0,0.00762939453125,0,-0.030517578125,-0.00762939453125,0,-1.2329135561030262E-07,0,-0.0006,0,0,0
584.875,0,0.011444091796875,0,0.030517578125,-0.011444091796875,0,-5.5588712398534245E-07,0,0,0,0,0
585,0,0.011444091796875,0,0,-0.011444091796875,0,-5.5201947180132883E-07,0,0,0,0,0
585.125,0,0.00762939453125,0,-0.030517578125,-0.00762939453125,0,-1.1766353772144044E-07,0,-0.0004,0,0,0
585.25,0,0,0,-0.06103515625,0,0,7.4131701502346884E-07,0,0,0,0,0
585.375,0,0.011444091796875,0,0.091552734375,-0.011444091796875,0,-5.64194714605863E-07,0,0.0008,0,0,0
585.5,0,0.00762939453125,0,-0.030517578125,-0.00762939453125,0,-1.2961163258317334E-07,0,-0.0004,0,0,0
585.625,0,0.011444091796875,0,0.030517578125,-0.011444091796875,0,-5.6208948643811939E-07,0,-0.0002,0,0,0
585.75,0,0.011444091796875,0,0,-0.011444091796875,0,-5.5810611961134472E-07,0,-0.0006,0,0,0
585.875,0,0.019073486328125,0,0.06103515625,-0.019073486328125,0,-1.4153179464711806E-06,0,0.0004,0,0,0
586,0,0.003814697265625,0,-0.1220703125,-0.003814697265625,0,3.2248994964817412E-07,0,0.0006,0,0,0
586.125,0,0.011444091796875,0,0.06103515625,-0.011444091796875,0,-5.4681523582380264E-07,0,-0.0002,0,0,0
586.25,0,0.011444091796875,0,0,-0.011444091796875,0,-5.4311683371276913E-07,0,-0.0008,0,0,0
586.375,0,0.011444091796875,0,0,-0.011444091796875,0,-5.3948743100032338E-07,0,0.001,0,0,0
586.5,0,0.011444091796875,0,0,-0.011444091796875,0,-5.35925740396208E-07,0,-0.0002,0,0,0
586.625,0,0.003814697265625,0,-0.06103515625,-0.003814697265625,0,3.2869037920495419E-07,0,0.001,0,0,0
586.75,0,0.00762939453125,0,0.030517578125,-0.00762939453125,0,-1.10170045932873E-07,0,0,0,0,0
586.875,0,0.011444091796875,0,0.030517578125,-0.011444091796875,0,-5.4301061258815563E-07,0,0.0004,0,0,0
587,0,0.0152587890625,0,0.030517578125,-0.0152587890625,0,-9.6994363051045837E-07,0,-0.0006,0,0,0
587.125,0,0.00762939453125,0,-0.06103515625,-0.00762939453125,0,-9.9397997390396734E-08,0,-0.0004,0,0,0
587.25,0,0.0152587890625,0,0.06103515625,-0.0152587890625,0,-9.6299997214992932E-07,0,-0.0004,0,0,0
587.375,0,0.00762939453125,0,-0.06103515625,-0.00762939453125,0,-9.25838836917221E-08,0,0,0,0,0
587.5,0,0.00762939453125,0,0,-0.00762939453125,0,-9.5192108426028579E-08,0,0.0008,0,0,0
587.625,0,0.011444091796875,0,0.030517578125,-0.011444091796875,0,-5.2831211161877544E-07,0,0.0002,0,0,0
587.75,0,0.00762939453125,0,-0.030517578125,-0.00762939453125,0,-9.4398474927216019E-08,0,-0.0008,0,0,0
587.875,0,0.00762939453125,0,0,-0.00762939453125,0,-9.6972845661829429E-08,0,0.0006,0,0,0
588,0,0.00762939453125,0,0,-0.00762939453125,0,-9.9499187537736418E-08,0,-0.0002,0,0,0
588.125,0,0.00762939453125,0,0,-0.00762939453125,0,-1.0197839660741211E-07,0,-0.0002,0,0,0
588.25,0,0.011444091796875,0,0.030517578125,-0.011444091796875,0,-5.3497179112184306E-07,0,0.0004,0,0,0
588.375,0,0.00762939453125,0,-0.030517578125,-0.00762939453125,0,-1.0093390783223849E-07,0,0.0006,0,0,0
588.5,0,0.00762939453125,0,0,-0.00762939453125,0,-1.0338634998082493E-07,0,0.0008,0,0,0
588.625,0,0.011444091796875,0,0.030517578125,-0.011444091796875,0,-5.3635347695238507E-07,0,0.0002,0,0,0
588.75,0,0.011444091796875,0,0,-0.011444091796875,0,-5.3285025509720982E-07,0,0.001,0,0,0
588.875,0,0.00762939453125,0,-0.030517578125,-0.00762939453125,0,-9.8851952336002937E-08,0,0.0008,0,0,0
589,0,0.011444091796875,0,0.030517578125,-0.011444091796875,0,-5.3190367549290407E-07,0,-0.0004,0,0,0
589.125,0,0.003814697265625,0,-0.06103515625,-0.003814697265625,0,3.326374062808188E-07,0,0,0,0,0
589.25,0,0.00762939453125,0,0.030517578125,-0.00762939453125,0,-1.0629665673798194E-07,0,0,0,0,0
589.375,0,0.011444091796875,0,0.030517578125,-0.011444091796875,0,-5.392094874459338E-07,0,-0.0002,0,0,0
589.5,0,0.003814697265625,0,-0.06103515625,-0.003814697265625,0,3.2546789552377066E-07,0,-0.0002,0,0,0
589.625,0,0.011444091796875,0,0.06103515625,-0.011444091796875,0,-5.4389284812394643E-07,0,-0.0002,0,0,0
589.75,0,0.00762939453125,0,-0.030517578125,-0.00762939453125,0,-1.0968852874939682E-07,0,0.0008,0,0,0
589.875,0,0.011444091796875,0,0.030517578125,-0.011444091796875,0,-5.4253807885079266E-07,0,0.0002,0,0,0
590,0,0,0,-0.091552734375,0,0,7.52761843043854E-07,0,-0.0002,0,0,0
590.125,0,0.011444091796875,0,0.091552734375,-0.011444091796875,0,-5.5296340751333793E-07,0,0.0004,0,0,0
590.25,0,0.003814697265625,0,-0.06103515625,-0.003814697265625,0,3.1197057605964989E-07,0,0.0002,0,0,0
590.375,0,0.0152587890625,0,0.091552734375,-0.0152587890625,0,-9.8769879318076578E-07,0,0.0002,0,0,0
590.5,0,0.003814697265625,0,-0.091552734375,-0.003814697265625,0,3.1373852881362561E-07,0,-0.0006,0,0,0
590.625,0,0.00762939453125,0,0.030517578125,-0.00762939453125,0,-1.2484294648213369E-07,0,0.0006,0,0,0
590.75,0,0.00762939453125,0,0,-0.00762939453125,0,-1.2684932861936182E-07,0,0,0,0,0
590.875,0,0.00762939453125,0,0,-0.00762939453125,0,-1.28818278601662E-07,0,0,0,0,0
591,0,0.011444091796875,0,0.030517578125,-0.011444091796875,0,-5.61310933699401E-07,0,-0.001,0,0,0
591.125,0,0.011444091796875,0,0,-0.011444091796875,0,-5.5734209197539439E-07,0,-0.0002,0,0,0
591.25,0,0.00762939453125,0,-0.030517578125,-0.00762939453125,0,-1.2288685620253266E-07,0,0.0008,0,0,0
591.375,0,0.011444091796875,0,0.030517578125,-0.011444091796875,0,-5.5549017113822968E-07,0,0.0004,0,0,0
591.5,0,0.011444091796875,0,0,-0.011444091796875,0,-5.5162992472213864E-07,0,0,0,0,0
591.625,0,0.00762939453125,0,-0.030517578125,-0.00762939453125,0,-1.1728125824414392E-07,0,0.0002,0,0,0
591.75,0,0.011444091796875,0,0.030517578125,-0.011444091796875,0,-5.499891542600593E-07,0,-0.0002,0,0,0
591.875,0,0.011444091796875,0,0,-0.011444091796875,0,-5.4623153780275039E-07,0,-0.0002,0,0,0
592,0,0.00762939453125,0,-0.030517578125,-0.00762939453125,0,-1.1198358656328285E-07,0,0.0006,0,0,0
592.125,0,0.00762939453125,0,0,-0.00762939453125,0,-1.1422987990377838E-07,0,0.001,0,0,0
592.25,0,0.00762939453125,0,0,-0.00762939453125,0,-1.1643426517562892E-07,0,0.0002,0,0,0
592.375,0,0.011444091796875,0,0.030517578125,-0.011444091796875,0,-5.4915796315427874E-07,0,0,0,0,0
592.5,0,0.00762939453125,0,-0.030517578125,-0.00762939453125,0,-1.1485541493395144E-07,0,0,0,0,0
592.625,0,0.0152587890625,0,0.06103515625,-0.0152587890625,0,-9.7816900771602313E-07,0,-0.0002,0,0,0
592.75,0,0.00762939453125,0,-0.06103515625,-0.00762939453125,0,-1.0746991749116239E-07,0,0,0,0,0
592.875,0,0.011444091796875,0,0.030517578125,-0.011444091796875,0,-5.403608592092409E-07,0,0,0,0,0
593,0,0.0152587890625,0,0.030517578125,-0.0152587890625,0,-9.6734331236980657E-07,0,-0.0008,0,0,0
593.125,0,0.00762939453125,0,-0.06103515625,-0.00762939453125,0,-9.6846192197351822E-08,0,0,0,0,0
593.25,0,0.011444091796875,0,0.030517578125,-0.011444091796875,0,-5.2993533590483761E-07,0,-0.0002,0,0,0
593.375,0,0.011444091796875,0,0,-0.011444091796875,0,-5.2655185437508865E-07,0,0,0,0,0
593.5,0,0.0152587890625,0,0.030517578125,-0.0152587890625,0,-9.5379193583026566E-07,0,0.0002,0,0,0
593.625,0,0.00762939453125,0,-0.06103515625,-0.00762939453125,0,-8.3547637499026E-08,0,0.0014,0,0,0
593.75,0,0.011444091796875,0,0.030517578125,-0.011444091796875,0,-5.1688488626613574E-07,0,0,0,0,0
593.875,0,0.011444091796875,0,0,-0.011444091796875,0,-5.13744881013259E-07,0,0.0002,0,0,0
594,0,0.011444091796875,0,0,-0.011444091796875,0,-5.1066345740388843E-07,0,-0.0006,0,0,0
594.125,0,0.00762939453125,0,-0.030517578125,-0.00762939453125,0,-7.707908359131085E-08,0,0.0006,0,0,0
594.25,0,0.003814697265625,0,-0.030517578125,-0.003814697265625,0,3.50583864617958E-07,0,0,0,0,0
594.375,0,0.011444091796875,0,0.06103515625,-0.011444091796875,0,-5.19245456191036E-07,0,0.001,0,0,0
594.5,0,0.00762939453125,0,-0.030517578125,-0.00762939453125,0,-8.5500971947732664E-08,0,-0.0002,0,0,0
594.625,0,0.00762939453125,0,0,-0.00762939453125,0,-8.8241339330651568E-08,0,0,0,0,0
594.75,0,0.003814697265625,0,-0.030517578125,-0.003814697265625,0,3.3962985798452174E-07,0,0,0,0,0
594.875,0,0.011444091796875,0,0.06103515625,-0.011444091796875,0,-5.29995098926999E-07,0,-0.001,0,0,0
595,0,0.011444091796875,0,0,-0.011444091796875,0,-5.2661050242584809E-07,0,0,0,0,0
595.125,0,0.0152587890625,0,0.030517578125,-0.0152587890625,0,-9.5384948971113512E-07,0,0.0006,0,0,0
595.25,0,0.011444091796875,0,-0.030517578125,-0.011444091796875,0,-5.141645565391864E-07,0,-0.0006,0,0,0
595.375,0,0.003814697265625,0,-0.06103515625,-0.003814697265625,0,3.5004557459625071E-07,0,0.0004,0,0,0
595.5,0,0.00762939453125,0,0.030517578125,-0.00762939453125,0,-8.921326466597052E-08,0,0.0004,0,0,0
595.625,0,0.003814697265625,0,-0.030517578125,-0.003814697265625,0,3.3867606541616426E-07,0,0,0,0,0
595.75,0,0.011444091796875,0,0.06103515625,-0.011444091796875,0,-5.3093109702314445E-07,0,0.0002,0,0,0
595.875,0,0.00762939453125,0,-0.030517578125,-0.00762939453125,0,-9.6968599117367E-08,0,-0.0004,0,0,0
596,0,0.00762939453125,0,0,-0.00762939453125,0,-9.9495020219114015E-08,0,-0.0002,0,0,0
596.125,0,0.003814697265625,0,-0.030517578125,-0.003814697265625,0,3.2858613187920368E-07,0,-0.0004,0,0,0
596.25,0,0.011444091796875,0,0.06103515625,-0.011444091796875,0,-5.40832787279645E-07,0,0.0008,0,0,0
596.375,0,0.00762939453125,0,-0.030517578125,-0.00762939453125,0,-1.0668555806229302E-07,0,0.0008,0,0,0
596.5,0,0.003814697265625,0,-0.030517578125,-0.003814697265625,0,3.2152974461560122E-07,0,-0.0002,0,0,0
596.625,0,0.003814697265625,0,0,-0.003814697265625,0,3.1336335108175819E-07,0,0.0008,0,0,0
596.75,0,0.003814697265625,0,0,-0.003814697265625,0,3.0534931422129727E-07,0,0.0008,0,0,0
596.875,0,0.011444091796875,0,0.06103515625,-0.011444091796875,0,-5.6363608624613954E-07,0,0.0008,0,0,0
597,0,0.0152587890625,0,0.030517578125,-0.0152587890625,0,-9.9018430412905657E-07,0,0,0,0,0
597.125,0,0.00762939453125,0,-0.06103515625,-0.00762939453125,0,-1.1926105000815007E-07,0,0,0,0,0
597.25,0,0.0152587890625,0,0.06103515625,-0.0152587890625,0,-9.8249244886933622E-07,0,0.0002,0,0,0
597.375,0,0.011444091796875,0,-0.030517578125,-0.011444091796875,0,-5.4227313709377517E-07,0,-0.0004,0,0,0
597.5,0,0.011444091796875,0,0,-0.011444091796875,0,-5.3865947484371107E-07,0,-0.0002,0,0,0
597.625,0,0.011444091796875,0,0,-0.011444091796875,0,-5.3511323103936173E-07,0,0,0,0,0
597.75,0,0.00762939453125,0,-0.030517578125,-0.00762939453125,0,-1.0107270896983215E-07,0,-0.001,0,0,0
597.875,0,0.003814697265625,0,-0.030517578125,-0.003814697265625,0,3.2703787734674794E-07,0,-0.0006,0,0,0
598,0,0.00762939453125,0,0.030517578125,-0.00762939453125,0,-1.1179171781884851E-07,0,-0.0002,0,0,0
598.125,0,0.011444091796875,0,0.030517578125,-0.011444091796875,0,-5.4460202968260765E-07,0,0.0006,0,0,0
598.25,0,0.0152587890625,0,0.030517578125,-0.0152587890625,0,-9.7150535726321061E-07,0,0.0006,0,0,0
598.375,0,0.011444091796875,0,-0.030517578125,-0.011444091796875,0,-5.3149102663634353E-07,0,0,0,0,0
598.5,0,0.011444091796875,0,0,-0.011444091796875,0,-5.2807852129532691E-07,0,0,0,0,0
598.625,0,0.011444091796875,0,0,-0.011444091796875,0,-5.2472968150747048E-07,0,0.001,0,0,0
598.75,0,0.011444091796875,0,0,-0.011444091796875,0,-5.214433194936343E-07,0,-0.0002,0,0,0
598.875,0,0.011444091796875,0,0,-0.011444091796875,0,-5.1821826963453108E-07,0,0.0002,0,0,0
599,0,0.003814697265625,0,-0.06103515625,-0.003814697265625,0,3.46067489774206E-07,0,0,0,0,0
599.125,0,0.00762939453125,0,0.030517578125,-0.00762939453125,0,-9.3117132176859846E-08,0,-0.0008,0,0,0
599.25,0,0.011444091796875,0,0.030517578125,-0.011444091796875,0,-5.2627584725354427E-07,0,-0.0002,0,0,0
599.375,0,0.003814697265625,0,-0.06103515625,-0.003814697265625,0,3.3816023869976396E-07,0,0,0,0,0
599.5,0,0.00762939453125,0,0.030517578125,-0.00762939453125,0,-1.0087686128039679E-07,0,0.0002,0,0,0
599.625,0,0.00762939453125,0,0,-0.00762939453125,0,-1.033303677204395E-07,0,0,0,0,0
599.75,0,0.00762939453125,0,0,-0.00762939453125,0,-1.057381002117033E-07,0,-0.0006,0,0,0
599.875,0,0.003814697265625,0,-0.030517578125,-0.003814697265625,0,3.2245952617791415E-07,0,-0.0004,0,0,0
600,0,0.00762939453125,0,0.030517578125,-0.00762939453125,0,-1.162846527815237E-07,0,0.0002,0,0,0
600.125,0,0.0152587890625,0,0.06103515625,-0.0152587890625,0,-9.7957158092601384E-07,0,0,0,0,0
600.25,0,0.00762939453125,0,-0.06103515625,-0.00762939453125,0,-1.0884632353353338E-07,0,0,0,0,0
600.375,0,0.011444091796875,0,0.030517578125,-0.011444091796875,0,-5.41711586272884E-07,0,-0.0008,0,0,0
600.5,0,0.011444091796875,0,0,-0.011444091796875,0,-5.3810840061994348E-07,0,0.0004,0,0,0
600.625,0,0.00762939453125,0,-0.030517578125,-0.00762939453125,0,-1.0401199903987819E-07,0,0.0004,0,0,0
600.75,0,0.00762939453125,0,0,-0.00762939453125,0,-1.0640701464701531E-07,0,-0.0006,0,0,0
600.875,0,0.003814697265625,0,-0.030517578125,-0.003814697265625,0,3.2180309137363134E-07,0,-0.0002,0,0,0
601,0,0.00762939453125,0,0.030517578125,-0.00762939453125,0,-1.1692884078155222E-07,0,0,0,0,0
601.125,0,0.0152587890625,0,0.06103515625,-0.0152587890625,0,-9.8020375060482E-07,0,0,0,0,0
601.25,0,0.00762939453125,0,-0.06103515625,-0.00762939453125,0,-1.094666991114459E-07,0,0.0004,0,0,0
601.375,0,0.00762939453125,0,0,-0.00762939453125,0,-1.1175994887130207E-07,0,-0.0008,0,0,0
601.5,0,0.011444091796875,0,0.030517578125,-0.011444091796875,0,-5.4457085343380208E-07,0,0.0002,0,0,0
601.625,0,0.003814697265625,0,-0.06103515625,-0.003814697265625,0,3.20206554091823E-07,0,0,0,0,0
601.75,0,0.003814697265625,0,0,-0.003814697265625,0,3.1206484671908868E-07,0,-0.0004,0,0,0
601.875,0,0.00762939453125,0,0.030517578125,-0.00762939453125,0,-1.2648540345444669E-07,0,0,0,0,0
602,0,0.011444091796875,0,0.030517578125,-0.011444091796875,0,-5.5902158193804421E-07,0,0.0006,0,0,0
602.125,0,0.011444091796875,0,0,-0.011444091796875,0,-5.5509545160396954E-07,0,0,0,0,0
602.25,0,0.00762939453125,0,-0.030517578125,-0.00762939453125,0,-1.2068213037415027E-07,0,0.0004,0,0,0
602.375,0,0.011444091796875,0,0.030517578125,-0.011444091796875,0,-5.5332657787240869E-07,0,-0.0008,0,0,0
602.5,0,0.00762939453125,0,-0.030517578125,-0.00762939453125,0,-1.1894625771169743E-07,0,-0.0008,0,0,0
602.625,0,0.011444091796875,0,0.030517578125,-0.011444091796875,0,-5.5162309059319385E-07,0,0.001,0,0,0
602.75,0,0.011444091796875,0,0,-0.011444091796875,0,-5.4783499053217381E-07,0,0.0002,0,0,0
602.875,0,0.0152587890625,0,0.030517578125,-0.0152587890625,0,-9.7467800223916949E-07,0,0.0002,0,0,0
603,0,0.003814697265625,0,-0.091552734375,-0.003814697265625,0,3.2651639680711222E-07,0,0.0002,0,0,0
603.125,0,0.011444091796875,0,0.06103515625,-0.011444091796875,0,-5.4286390825004526E-07,0,0.001,0,0,0
603.25,0,0.011444091796875,0,0,-0.011444091796875,0,-5.3923922425240972E-07,0,0,0,0,0
603.375,0,0.00762939453125,0,-0.030517578125,-0.00762939453125,0,-1.05121725412445E-07,0,-0.001,0,0,0
603.5,0,0.00762939453125,0,0,-0.00762939453125,0,-1.0749603736162245E-07,0,-0.0004,0,0,0
603.625,0,0.00762939453125,0,0,-0.00762939453125,0,-1.0982605285745745E-07,0,0.0008,0,0,0
603.75,0,0.00762939453125,0,0,-0.00762939453125,0,-1.1211259831864336E-07,0,0.0004,0,0,0
603.875,0,0.00762939453125,0,0,-0.00762939453125,0,-1.1435648474575755E-07,0,-0.0002,0,0,0
604,0,0.003814697265625,0,-0.030517578125,-0.003814697265625,0,3.14001930906843E-07,0,-0.0008,0,0,0
604.125,0,0.011444091796875,0,0.06103515625,-0.011444091796875,0,-5.5514489747718851E-07,0,0.0004,0,0,0
604.25,0,0,0,-0.091552734375,0,0,7.4039022407320444E-07,0,0,0,0,0
604.375,0,0.00762939453125,0,0.06103515625,-0.00762939453125,0,-1.3454377592501537E-07,0,-0.0006,0,0,0
604.5,0,0.003814697265625,0,-0.030517578125,-0.003814697265625,0,2.9419126479664676E-07,0,-0.0002,0,0,0
604.625,0,0.00762939453125,0,0.030517578125,-0.00762939453125,0,-1.4402552612442413E-07,0,0.0004,0,0,0
604.75,0,0.0152587890625,0,0.06103515625,-0.0152587890625,0,-1.0067949054682444E-06,0,-0.0008,0,0,0
604.875,0,0.011444091796875,0,-0.030517578125,-0.011444091796875,0,-5.6612219386238151E-07,0,-0.0002,0,0,0
605,0,0.011444091796875,0,0,-0.011444091796875,0,-5.6206359065551588E-07,0,-0.0008,0,0,0
605.125,0,0.011444091796875,0,0,-0.011444091796875,0,-5.5808070695452683E-07,0,0,0,0,0
605.25,0,0.00762939453125,0,-0.030517578125,-0.00762939453125,0,-1.236116911794322E-07,0,0,0,0,0
605.375,0,0.00762939453125,0,0,-0.00762939453125,0,-1.2564104428434958E-07,0,0.0002,0,0,0
605.5,0,0.011444091796875,0,0.030517578125,-0.011444091796875,0,-5.5819297559124206E-07,0,-0.0002,0,0,0
605.625,0,0.00762939453125,0,-0.030517578125,-0.00762939453125,0,-1.2372186527148167E-07,0,-0.0006,0,0,0
605.75,0,0.00762939453125,0,0,-0.00762939453125,0,-1.2574916290869621E-07,0,0.0006,0,0,0
605.875,0,0.003814697265625,0,-0.030517578125,-0.003814697265625,0,3.0282180073569838E-07,0,0.0002,0,0,0
606,0,0.011444091796875,0,0.06103515625,-0.011444091796875,0,-5.6611644506732039E-07,0,0.0002,0,0,0
606.125,0,0.00762939453125,0,-0.030517578125,-0.00762939453125,0,-1.3149751019734491E-07,0,0,0,0,0
606.25,0,0.011444091796875,0,0.030517578125,-0.011444091796875,0,-5.6394018009519779E-07,0,0,0,0,0
606.375,0,0.003814697265625,0,-0.06103515625,-0.003814697265625,0,3.0119859210916238E-07,0,0.0002,0,0,0
606.5,0,0.00762939453125,0,0.030517578125,-0.00762939453125,0,-1.3714893131631336E-07,0,-0.0006,0,0,0
606.625,0,0.00762939453125,0,0,-0.00762939453125,0,-1.3892572631642196E-07,0,0,0,0,0
606.75,0,0.011444091796875,0,0.030517578125,-0.011444091796875,0,-5.7122981137968714E-07,0,-0.0002,0,0,0
606.875,0,0.00762939453125,0,-0.030517578125,-0.00762939453125,0,-1.3651547877043937E-07,0,0.0002,0,0,0
607,0,0.003814697265625,0,-0.030517578125,-0.003814697265625,0,2.9225634711044662E-07,0,0.0008,0,0,0
607.125,0,0.00762939453125,0,0.030517578125,-0.00762939453125,0,-1.45924344935311E-07,0,0.0002,0,0,0
607.25,0,0.00762939453125,0,0,-0.00762939453125,0,-1.4753742105253674E-07,0,0.0002,0,0,0
607.375,0,0.003814697265625,0,-0.030517578125,-0.003814697265625,0,2.8144003617018341E-07,0,0.0006,0,0,0
607.5,0,0.00762939453125,0,0.030517578125,-0.00762939453125,0,-1.5653886090374291E-07,0,-0.0004,0,0,0
607.625,0,0.00762939453125,0,0,-0.00762939453125,0,-1.5795390684573772E-07,0,0.0002,0,0,0
607.75,0,0.00762939453125,0,0,-0.00762939453125,0,-1.5934255292204988E-07,0,0,0,0,0
607.875,0,0.011444091796875,0,0.030517578125,-0.011444091796875,0,-5.9126573057866585E-07,0,0.0002,0,0,0
608,0,0.011444091796875,0,0,-0.011444091796875,0,-5.86738035893992E-07,0,-0.0004,0,0,0
608.125,0,0.011444091796875,0,0,-0.011444091796875,0,-5.822948123405939E-07,0,0.0002,0,0,0
608.25,0,0.011444091796875,0,0,-0.011444091796875,0,-5.7793448397916558E-07,0,0.0002,0,0,0
608.375,0,0.011444091796875,0,0,-0.011444091796875,0,-5.7365550427198076E-07,0,-0.0002,0,0,0
608.5,0,0.011444091796875,0,0,-0.011444091796875,0,-5.69456355534361E-07,0,0.001,0,0,0
608.625,0,0.011444091796875,0,0,-0.011444091796875,0,-5.6533554839637743E-07,0,0.0002,0,0,0
608.75,0,0.011444091796875,0,0,-0.011444091796875,0,-5.6129162127459572E-07,0,0,0,0,0
608.875,0,0.00762939453125,0,-0.030517578125,-0.00762939453125,0,-1.2676270093792287E-07,0,-0.0004,0,0,0
609,0,0.011444091796875,0,0.030517578125,-0.011444091796875,0,-5.5929370600905322E-07,0,0.0004,0,0,0
609.125,0,0.00762939453125,0,-0.030517578125,-0.00762939453125,0,-1.248020598647513E-07,0,0,0,0,0
609.25,0,0.011444091796875,0,0.030517578125,-0.011444091796875,0,-5.573696437206741E-07,0,0,0,0,0
609.375,0,0.00762939453125,0,-0.030517578125,-0.00762939453125,0,-1.2291389392748755E-07,0,-0.0004,0,0,0
609.5,0,0.011444091796875,0,0.030517578125,-0.011444091796875,0,-5.5551670443270207E-07,0,-0.0004,0,0,0
609.625,0,0.011444091796875,0,0,-0.011444091796875,0,-5.5165596299705759E-07,0,0.0002,0,0,0
609.75,0,0.011444091796875,0,0,-0.011444091796875,0,-5.4786724965061625E-07,0,-0.0002,0,0,0
609.875,0,0.011444091796875,0,0,-0.011444091796875,0,-5.4414922059822341E-07,0,0.0002,0,0,0
610,0,0.011444091796875,0,0,-0.011444091796875,0,-5.4050055711529692E-07,0,0,0,0,0
610.125,0,0.0152587890625,0,0.030517578125,-0.0152587890625,0,-9.6748040399584966E-07,0,-0.0004,0,0,0
610.25,0,0.011444091796875,0,-0.030517578125,-0.011444091796875,0,-5.2754116508331063E-07,0,-0.0004,0,0,0
610.375,0,0.011444091796875,0,0,-0.011444091796875,0,-5.2420235050481316E-07,0,0.0006,0,0,0
610.5,0,0.011444091796875,0,0,-0.011444091796875,0,-5.2092582666458485E-07,0,0,0,0,0
610.625,0,0.003814697265625,0,-0.06103515625,-0.003814697265625,0,3.4341044639872705E-07,0,-0.0002,0,0,0
610.75,0,0.011444091796875,0,0.06103515625,-0.011444091796875,0,-5.2628504322369336E-07,0,0.0002,0,0,0
610.875,0,0.011444091796875,0,0,-0.011444091796875,0,-5.229696635368773E-07,0,0.0002,0,0,0
611,0,0.0152587890625,0,0.030517578125,-0.0152587890625,0,-9.5027657629001559E-07,0,0,0,0,0
611.125,0,0.00762939453125,0,-0.06103515625,-0.00762939453125,0,-8.0097862415742785E-08,0,0,0,0,0
611.25,0,0.011444091796875,0,0.030517578125,-0.011444091796875,0,-5.1349947206056765E-07,0,0,0,0,0
611.375,0,0.00762939453125,0,-0.030517578125,-0.00762939453125,0,-7.9862188018160411E-08,0,-0.0002,0,0,0
611.5,0,0.011444091796875,0,0.030517578125,-0.011444091796875,0,-5.1326819453255423E-07,0,-0.0004,0,0,0
611.625,0,0.011444091796875,0,0,-0.011444091796875,0,-5.1019566424508215E-07,0,0.001,0,0,0
611.75,0,0.011444091796875,0,0,-0.011444091796875,0,-5.0718045675151233E-07,0,0.0006,0,0,0
611.875,0,0.0152587890625,0,0.030517578125,-0.0152587890625,0,-9.347819415224197E-07,0,0.0002,0,0,0
612,0,0.00762939453125,0,-0.06103515625,-0.00762939453125,0,-6.4892303970354311E-08,0,0.0008,0,0,0
612.125,0,0.00762939453125,0,0,-0.00762939453125,0,-6.8017157856753319E-08,0,-0.0002,0,0,0
612.25,0,0.00762939453125,0,0,-0.00762939453125,0,-7.1083712771768714E-08,0,0.0012,0,0,0
612.375,0,0.003814697265625,0,-0.030517578125,-0.003814697265625,0,3.5646738254307713E-07,0,0,0,0,0
612.5,0,0.011444091796875,0,0.06103515625,-0.011444091796875,0,-5.1347170437198817E-07,0,-0.0002,0,0,0
612.625,0,0.00762939453125,0,-0.030517578125,-0.00762939453125,0,-7.9834938378661275E-08,0,-0.0008,0,0,0
612.75,0,0.011444091796875,0,0.030517578125,-0.011444091796875,0,-5.1324145327713037E-07,0,0.0002,0,0,0
612.875,0,0.00762939453125,0,-0.030517578125,-0.00762939453125,0,-7.9608982973291066E-08,0,-0.0004,0,0,0
613,0,0.011444091796875,0,0.030517578125,-0.011444091796875,0,-5.1301971341853151E-07,0,0,0,0,0
613.125,0,0.0152587890625,0,0.030517578125,-0.0152587890625,0,-9.405122578454395E-07,0,0.001,0,0,0
613.25,0,0.011444091796875,0,-0.030517578125,-0.011444091796875,0,-5.0107615131535688E-07,0,0.0002,0,0,0
613.375,0,0.00762939453125,0,-0.030517578125,-0.00762939453125,0,-6.7670643492556991E-08,0,0,0,0,0
613.5,0,0.00762939453125,0,0,-0.00762939453125,0,-7.0743663167761714E-08,0,-0.0002,0,0,0
613.625,0,0.00762939453125,0,0,-0.00762939453125,0,-7.3759350918780851E-08,0,-0.0002,0,0,0
613.75,0,0.011444091796875,0,0.030517578125,-0.011444091796875,0,-5.0727921527688521E-07,0,-0.001,0,0,0
613.875,0,0.0152587890625,0,0.030517578125,-0.0152587890625,0,-9.3487885755510209E-07,0,0,0,0,0
614,0,0.00762939453125,0,-0.06103515625,-0.00762939453125,0,-6.4987411884890536E-08,0,0.0004,0,0,0
614.125,0,0.00762939453125,0,0,-0.00762939453125,0,-6.8110491386377652E-08,0,-0.0002,0,0,0
614.25,0,0.003814697265625,0,-0.030517578125,-0.003814697265625,0,3.593851338953833E-07,0,0.0002,0,0,0
614.375,0,0.011444091796875,0,0.06103515625,-0.011444091796875,0,-5.106083881737008E-07,0,0.0008,0,0,0
614.5,0,0.00762939453125,0,-0.030517578125,-0.00762939453125,0,-7.7025041762592716E-08,0,0.0004,0,0,0
614.625,0,0.00762939453125,0,0,-0.00762939453125,0,-7.99235407027866E-08,0,0,0,0,0
614.75,0,0.00762939453125,0,0,-0.00762939453125,0,-8.2767963672419013E-08,0,0,0,0,0
614.875,0,0.00762939453125,0,0,-0.00762939453125,0,-8.5559319542168357E-08,0,0.0002,0,0,0
615,0,0.00762939453125,0,0,-0.00762939453125,0,-8.82985983606737E-08,0,-0.0006,0,0,0
615.125,0,0.011444091796875,0,0.030517578125,-0.011444091796875,0,-5.21547210621442E-07,0,-0.0002,0,0,0
615.25,0,0.0152587890625,0,0.030517578125,-0.0152587890625,0,-9.4888066142878256E-07,0,0,0,0,0
615.375,0,0.00762939453125,0,-0.06103515625,-0.00762939453125,0,-7.872799050035854E-08,0,0,0,0,0
615.5,0,0.011444091796875,0,0.030517578125,-0.011444091796875,0,-5.1215515721968923E-07,0,0.001,0,0,0
615.625,0,0.00762939453125,0,-0.030517578125,-0.00762939453125,0,-7.8542953445124316E-08,0,-0.0004,0,0,0
615.75,0,0.0152587890625,0,0.06103515625,-0.0152587890625,0,-9.4253401123201429E-07,0,0,0,0,0
615.875,0,0.00762939453125,0,-0.06103515625,-0.00762939453125,0,-7.2499746856873855E-08,0,-0.0008,0,0,0
616,0,0.00762939453125,0,0,-0.00762939453125,0,-7.5482672156763871E-08,0,0.0004,0,0,0
616.125,0,0.00762939453125,0,0,-0.00762939453125,0,-7.8409946382069353E-08,0,0.0004,0,0,0
616.25,0,0.011444091796875,0,0.030517578125,-0.011444091796875,0,-5.1184304670521792E-07,0,0.0004,0,0,0
616.375,0,0.011444091796875,0,0,-0.011444091796875,0,-5.087971047496883E-07,0,-0.0004,0,0,0
616.5,0,0.00762939453125,0,-0.030517578125,-0.00762939453125,0,-7.5247550625945644E-08,0,0,0,0,0
616.625,0,0.011444091796875,0,0.030517578125,-0.011444091796875,0,-5.0873965032199051E-07,0,-0.0004,0,0,0
616.75,0,0.00762939453125,0,-0.030517578125,-0.00762939453125,0,-7.5191168099257626E-08,0,-0.0002,0,0,0
616.875,0,0.0152587890625,0,0.06103515625,-0.0152587890625,0,-9.3924475861409792E-07,0,0.0006,0,0,0
617,0,0.011444091796875,0,-0.030517578125,-0.011444091796875,0,-4.9983229923812333E-07,0,-0.0002,0,0,0
617.125,0,0.011444091796875,0,0,-0.011444091796875,0,-4.9701043631103338E-07,0,0,0,0,0
617.25,0,0.00762939453125,0,-0.030517578125,-0.00762939453125,0,-6.3680780675666187E-08,0,0,0,0,0
617.375,0,0.00762939453125,0,0,-0.00762939453125,0,-6.6828237398695438E-08,0,-0.0008,0,0,0
617.5,0,0.00762939453125,0,0,-0.00762939453125,0,-6.9916973459544052E-08,0,0.0004,0,0,0
617.625,0,0.011444091796875,0,0.030517578125,-0.011444091796875,0,-5.0350852329853309E-07,0,0,0,0,0
617.75,0,0.0152587890625,0,0.030517578125,-0.0152587890625,0,-9.31178513654367E-07,0,-0.0002,0,0,0
617.875,0,0.0152587890625,0,0,-0.0152587890625,0,-9.2247698144133285E-07,0,0.0004,0,0,0
618,0,0.011444091796875,0,-0.030517578125,-0.011444091796875,0,-4.8337735082378973E-07,0,0,0,0,0
618.125,0,0.0152587890625,0,0.030517578125,-0.0152587890625,0,-9.1142291926765277E-07,0,-0.0004,0,0,0
618.25,0,0.00762939453125,0,-0.06103515625,-0.00762939453125,0,-4.19690803223342E-08,0,-0.0004,0,0,0
618.375,0,0.00762939453125,0,0,-0.00762939453125,0,-4.5521602319966531E-08,0,0,0,0,0
618.5,0,0.011444091796875,0,0.030517578125,-0.011444091796875,0,-4.7956828545339521E-07,0,-0.0002,0,0,0
618.625,0,0.011444091796875,0,0,-0.011444091796875,0,-4.7712447897396678E-07,0,0.0002,0,0,0
618.75,0,0.011444091796875,0,0,-0.011444091796875,0,-4.7472626547558345E-07,0,-0.0002,0,0,0
618.875,0,0.003814697265625,0,-0.06103515625,-0.003814697265625,0,3.887480834806793E-07,0,-0.001,0,0,0
619,0,0.019073486328125,0,0.1220703125,-0.019073486328125,0,-1.3429141275559971E-06,0,-0.0002,0,0,0
619.125,0,0.0152587890625,0,-0.030517578125,-0.0152587890625,0,-8.9813835315605547E-07,0,-0.0002,0,0,0
619.25,0,0.011444091796875,0,-0.030517578125,-0.011444091796875,0,-4.59492797207442E-07,0,0.0002,0,0,0
619.375,0,0.003814697265625,0,-0.06103515625,-0.003814697265625,0,4.03697347890681E-07,0,0.0004,0,0,0
619.5,0,0.011444091796875,0,0.06103515625,-0.011444091796875,0,-4.6712288691108516E-07,0,-0.0006,0,0,0
619.625,0,0.00762939453125,0,-0.030517578125,-0.00762939453125,0,-3.4350829630885256E-08,0,0.0002,0,0,0
619.75,0,0.003814697265625,0,-0.030517578125,-0.003814697265625,0,3.9251495706444745E-07,0,0.0004,0,0,0
619.875,0,0.011444091796875,0,0.06103515625,-0.011444091796875,0,-4.780966529802967E-07,0,0,0,0,0
620,0,0.0152587890625,0,0.030517578125,-0.0152587890625,0,-9.0624074099136363E-07,0,0.0004,0,0,0
620.125,0,0.00762939453125,0,-0.06103515625,-0.00762939453125,0,-3.6883583578691822E-08,0,-0.001,0,0,0
620.25,0,0.011444091796875,0,0.030517578125,-0.011444091796875,0,-4.7109142228153791E-07,0,0,0,0,0
620.375,0,0.011444091796875,0,0,-0.011444091796875,0,-4.6880576476569138E-07,0,0.0002,0,0,0
620.5,0,0.00762939453125,0,-0.030517578125,-0.00762939453125,0,-3.600231080217299E-08,0,-0.0004,0,0,0
620.625,0,0.00762939453125,0,0,-0.00762939453125,0,-3.966615209285215E-08,0,0,0,0,0
620.75,0,0.003814697265625,0,-0.030517578125,-0.003814697265625,0,3.8729880014537322E-07,0,0.0014,0,0,0
620.875,0,0.003814697265625,0,0,-0.003814697265625,0,3.7790538338879745E-07,0,0.0002,0,0,0
621,0,0.011444091796875,0,0.06103515625,-0.011444091796875,0,-4.9243366251419566E-07,0,0.0002,0,0,0
621.125,0,0.011444091796875,0,0,-0.011444091796875,0,-4.897498325724313E-07,0,0,0,0,0
621.25,0,0.00762939453125,0,-0.030517578125,-0.00762939453125,0,-5.6555634704042261E-08,0,-0.0002,0,0,0
621.375,0,0.00762939453125,0,0,-0.00762939453125,0,-5.9836022020374393E-08,0,0.0002,0,0,0
621.5,0,0.011444091796875,0,0.030517578125,-0.011444091796875,0,-4.9361564756492845E-07,0,0,0,0,0
621.625,0,0.011444091796875,0,0,-0.011444091796875,0,-4.9090976586805693E-07,0,0.0002,0,0,0
621.75,0,0.011444091796875,0,0,-0.011444091796875,0,-4.8825436656983454E-07,0,0,0,0,0
621.875,0,0.011444091796875,0,0,-0.011444091796875,0,-4.8564850784321235E-07,0,0.0002,0,0,0
622,0,0.011444091796875,0,0,-0.011444091796875,0,-4.8309126543237829E-07,0,-0.0008,0,0,0
622.125,0,0.00762939453125,0,-0.030517578125,-0.00762939453125,0,-5.0021293409185893E-08,0,-0.001,0,0,0
622.25,0,0.011444091796875,0,0.030517578125,-0.011444091796875,0,-4.8398402786162586E-07,0,-0.0002,0,0,0
622.375,0,0.0152587890625,0,0.030517578125,-0.0152587890625,0,-9.1201827780915155E-07,0,-0.0002,0,0,0
622.5,0,0.00762939453125,0,-0.06103515625,-0.00762939453125,0,-4.2553331531510984E-08,0,0.0004,0,0,0
622.625,0,0.011444091796875,0,0.030517578125,-0.011444091796875,0,-4.766553923369992E-07,0,0,0,0,0
622.75,0,0.00762939453125,0,-0.030517578125,-0.00762939453125,0,-4.3705491457948642E-08,0,0,0,0,0
622.875,0,0.0152587890625,0,0.06103515625,-0.0152587890625,0,-9.0834649585780133E-07,0,0.0004,0,0,0
623,0,0.011444091796875,0,-0.030517578125,-0.011444091796875,0,-4.6951049125434373E-07,0,0.0004,0,0,0
623.125,0,0.011444091796875,0,0,-0.011444091796875,0,-4.672543284464306E-07,0,-0.0004,0,0,0
623.25,0,0.003814697265625,0,-0.06103515625,-0.003814697265625,0,3.9608061999419884E-07,0,-0.0004,0,0,0
623.375,0,0.00762939453125,0,0.030517578125,-0.00762939453125,0,-4.4037074079116149E-08,0,0.0002,0,0,0
623.5,0,0.011444091796875,0,0.030517578125,-0.011444091796875,0,-4.7811145337773452E-07,0,-0.0002,0,0,0
623.625,0,0.011444091796875,0,0,-0.011444091796875,0,-4.7569482634879475E-07,0,0.0004,0,0,0
623.75,0,0.011444091796875,0,0,-0.011444091796875,0,-4.7332328522630911E-07,0,-0.0002,0,0,0
623.875,0,0.00762939453125,0,-0.030517578125,-0.00762939453125,0,-4.0435549947365122E-08,0,0.0004,0,0,0
624,0,0.00762939453125,0,0,-0.00762939453125,0,-4.4016682320617053E-08,0,0.001,0,0,0
624.125,0,0.011444091796875,0,0.030517578125,-0.011444091796875,0,-4.7809144205895794E-07,0,-0.0016,0,0,0
624.25,0,0.0152587890625,0,0.030517578125,-0.0152587890625,0,-9.0623562728780365E-07,0,0.0002,0,0,0
624.375,0,0.011444091796875,0,-0.030517578125,-0.011444091796875,0,-4.6743900419491604E-07,0,0.0002,0,0,0
624.5,0,0.011444091796875,0,0,-0.011444091796875,0,-4.6522148817472149E-07,0,-0.0002,0,0,0
624.625,0,0.011444091796875,0,0,-0.011444091796875,0,-4.6304534333785386E-07,0,-0.0002,0,0,0
624.75,0,0.011444091796875,0,0,-0.011444091796875,0,-4.6090979784104603E-07,0,0.0008,0,0,0
624.875,0,0.00762939453125,0,-0.030517578125,-0.00762939453125,0,-2.8253655325205094E-08,0,-0.0004,0,0,0
625,0,0.00762939453125,0,0,-0.00762939453125,0,-3.2062059741180936E-08,0,-0.0008,0,0,0
625.125,0,0.011444091796875,0,0.030517578125,-0.011444091796875,0,-4.6635985141157277E-07,0,0.0002,0,0,0
625.25,0,0.0152587890625,0,0.030517578125,-0.0152587890625,0,-8.9472290756760426E-07,0,0.0004,0,0,0
625.375,0,0.00762939453125,0,-0.06103515625,-0.00762939453125,0,-2.5580633111251069E-08,0,-0.0008,0,0,0
625.5,0,0.00762939453125,0,0,-0.00762939453125,0,-2.9438906881514917E-08,0,0.0002,0,0,0
625.625,0,0.011444091796875,0,0.030517578125,-0.011444091796875,0,-4.637856375164344E-07,0,0.001,0,0,0
625.75,0,0.00762939453125,0,-0.030517578125,-0.00762939453125,0,-3.1075841773583688E-08,0,0.0002,0,0,0
625.875,0,0.0152587890625,0,0.06103515625,-0.0152587890625,0,-8.9595247177780107E-07,0,0.0002,0,0,0
626,0,0.00762939453125,0,-0.06103515625,-0.00762939453125,0,-2.6787257903698862E-08,0,0.0002,0,0,0
626.125,0,0.011444091796875,0,0.030517578125,-0.011444091796875,0,-4.6118345914220397E-07,0,-0.0008,0,0,0
626.25,0,0.011444091796875,0,0,-0.011444091796875,0,-4.5908264996824128E-07,0,0,0,0,0
626.375,0,0.011444091796875,0,0,-0.011444091796875,0,-4.5702103463129232E-07,0,0.0002,0,0,0
626.5,0,0.00762939453125,0,-0.030517578125,-0.00762939453125,0,-2.4437442994092436E-08,0,0.0002,0,0,0
626.625,0,0.011444091796875,0,0.030517578125,-0.011444091796875,0,-4.5887748365586409E-07,0,0.0008,0,0,0
626.75,0,0.00762939453125,0,-0.030517578125,-0.00762939453125,0,-2.6259257097322844E-08,0,-0.0006,0,0,0
626.875,0,0.011444091796875,0,0.030517578125,-0.011444091796875,0,-4.6066530900565779E-07,0,-0.0014,0,0,0
627,0,0.0152587890625,0,0.030517578125,-0.0152587890625,0,-8.8913460563783132E-07,0,0,0,0,0
627.125,0,0.0152587890625,0,0,-0.0152587890625,0,-8.8121746740909846E-07,0,0.0002,0,0,0
627.25,0,0.011444091796875,0,-0.030517578125,-0.011444091796875,0,-4.4288759669563823E-07,0,0,0,0,0
627.375,0,0.011444091796875,0,0,-0.011444091796875,0,-4.4112812506896167E-07,0,0,0,0,0
627.5,0,0.011444091796875,0,0,-0.011444091796875,0,-4.3940147910061766E-07,0,-0.0004,0,0,0
627.625,0,0.00762939453125,0,-0.030517578125,-0.00762939453125,0,-7.1466074615418289E-09,0,0.0004,0,0,0
627.75,0,0.011444091796875,0,0.030517578125,-0.011444091796875,0,-4.4190923534260672E-07,0,0.0006,0,0,0
627.875,0,0.0152587890625,0,0.030517578125,-0.0152587890625,0,-8.70728455472487E-07,0,-0.0008,0,0,0
628,0,0.011444091796875,0,-0.030517578125,-0.011444091796875,0,-4.3259427346287193E-07,0,0.0008,0,0,0
628.125,0,0.011444091796875,0,0,-0.011444091796875,0,-4.3102683966529243E-07,0,0.0006,0,0,0
628.25,0,0.011444091796875,0,0,-0.011444091796875,0,-4.2948864876399956E-07,0,-0.0004,0,0,0
628.375,0,0.011444091796875,0,0,-0.011444091796875,0,-4.2797915518763675E-07,0,-0.0012,0,0,0
628.5,0,0.011444091796875,0,0,-0.011444091796875,0,-4.2649782354332304E-07,0,0.0002,0,0,0
628.625,0,0.00762939453125,0,-0.030517578125,-0.00762939453125,0,5.5163104889952116E-09,0,0,0,0,0
628.75,0,0.0152587890625,0,0.06103515625,-0.0152587890625,0,-8.60043002583031E-07,0,0.0002,0,0,0
628.875,0,0.00762939453125,0,-0.06103515625,-0.00762939453125,0,8.4522647293778011E-09,0,-0.0008,0,0,0
629,0,0.0152587890625,0,0.06103515625,-0.0152587890625,0,-8.5716182309963429E-07,0,0,0,0,0
629.125,0,0.011444091796875,0,-0.030517578125,-0.011444091796875,0,-4.1928074755234679E-07,0,0.0004,0,0,0
629.25,0,0.011444091796875,0,0,-0.011444091796875,0,-4.1796169812545774E-07,0,0.001,0,0,0
629.375,0,0.011444091796875,0,0,-0.011444091796875,0,-4.1666725760112455E-07,0,0,0,0,0
629.5,0,0.011444091796875,0,0,-0.011444091796875,0,-4.1539696686229477E-07,0,-0.0002,0,0,0
629.625,0,0.011444091796875,0,0,-0.011444091796875,0,-4.141503753574529E-07,0,0.0006,0,0,0
629.75,0,0.0152587890625,0,0.030517578125,-0.0152587890625,0,-8.434874798565706E-07,0,0,0,0,0
629.875,0,-0.003814697265625,0,-0.152587890625,0.003814697265625,0,1.3163802353789035E-06,0,-0.001,0,0,0
630,0,0.011444091796875,0,0.1220703125,-0.011444091796875,0,-4.282528649754892E-07,0,0,0,0,0
630.125,0,0.011444091796875,0,0,-0.011444091796875,0,-4.2676642685270659E-07,0,-0.0002,0,0,0
630.25,0,0.011444091796875,0,0,-0.011444091796875,0,-4.2530772052690841E-07,0,0,0,0,0
630.375,0,0.00762939453125,0,-0.030517578125,-0.00762939453125,0,6.6842102971256348E-09,0,0.0012,0,0,0
630.5,0,0.011444091796875,0,0.030517578125,-0.011444091796875,0,-4.2833645283231816E-07,0,-0.0006,0,0,0
630.625,0,0.0152587890625,0,0.030517578125,-0.0152587890625,0,-8.5740889416483061E-07,0,0,0,0,0
630.75,0,0.00762939453125,0,-0.06103515625,-0.00762939453125,0,1.1037229790200033E-08,0,-0.0004,0,0,0
630.875,0,0.00762939453125,0,0,-0.00762939453125,0,6.4957932804836671E-09,0,0.0002,0,0,0
631,0,0.011444091796875,0,0.030517578125,-0.011444091796875,0,-4.2852135463875804E-07,0,0.0002,0,0,0
631.125,0,0.011444091796875,0,0,-0.011444091796875,0,-4.2702990742698604E-07,0,-0.0008,0,0,0
631.25,0,0.00762939453125,0,-0.030517578125,-0.00762939453125,0,4.9941534512696908E-09,0,-0.0004,0,0,0
631.375,0,0.011444091796875,0,0.030517578125,-0.011444091796875,0,-4.2999497905969556E-07,0,0,0,0,0
631.5,0,0.011444091796875,0,0,-0.011444091796875,0,-4.284760391103206E-07,0,0,0,0,0
631.625,0,0.00762939453125,0,-0.030517578125,-0.00762939453125,0,3.5750015860925969E-09,0,0.0008,0,0,0
631.75,0,0.003814697265625,0,-0.030517578125,-0.003814697265625,0,4.2973322337464925E-07,0,-0.0004,0,0,0
631.875,0,0.00762939453125,0,0.030517578125,-0.00762939453125,0,-1.1012311945899966E-08,0,-0.0006,0,0,0
632,0,0.011444091796875,0,0.030517578125,-0.011444091796875,0,-4.4570281914442926E-07,0,0.0008,0,0,0
632.125,0,0.011444091796875,0,0,-0.011444091796875,0,-4.4389082519864687E-07,0,-0.0002,0,0,0
632.25,0,0.011444091796875,0,0,-0.011444091796875,0,-4.4211263679611E-07,0,0,0,0,0
632.375,0,0.00762939453125,0,-0.030517578125,-0.00762939453125,0,-9.80718432648907E-09,0,0.0002,0,0,0
632.5,0,0.0152587890625,0,0.06103515625,-0.0152587890625,0,-8.7508061395621E-07,0,-0.0004,0,0,0
632.625,0,0.00762939453125,0,-0.06103515625,-0.00762939453125,0,-6.30479679827432E-09,0,-0.0006,0,0,0
632.75,0,0.00762939453125,0,0,-0.00762939453125,0,-1.0522691040553471E-08,0,-0.0008,0,0,0
632.875,0,0.00762939453125,0,0,-0.00762939453125,0,-1.466189395687973E-08,0,-0.0002,0,0,0
633,0,0.011444091796875,0,0.030517578125,-0.011444091796875,0,-4.492843125711247E-07,0,0.0002,0,0,0
633.125,0,0.0152587890625,0,0.030517578125,-0.0152587890625,0,-8.7796593925442213E-07,0,0.0006,0,0,0
633.25,0,0.00762939453125,0,-0.06103515625,-0.00762939453125,0,-9.1362919005451868E-09,0,0.0004,0,0,0
633.375,0,0.00762939453125,0,0,-0.00762939453125,0,-1.3301360232256601E-08,0,0.001,0,0,0
633.5,0,0.00762939453125,0,0,-0.00762939453125,0,-1.7388722786895314E-08,0,0,0,0,0
633.625,0,0.00762939453125,0,0,-0.00762939453125,0,-2.1399829285644648E-08,0,0.0002,0,0,0
633.75,0,0.0152587890625,0,0.06103515625,-0.0152587890625,0,-8.8645698023440834E-07,0,-0.0004,0,0,0
633.875,0,0.011444091796875,0,-0.030517578125,-0.011444091796875,0,-4.4802935832381325E-07,0,-0.0002,0,0,0
634,0,0.0152587890625,0,0.030517578125,-0.0152587890625,0,-8.7673439811518278E-07,0,0,0,0,0
634.125,0,0.00762939453125,0,-0.06103515625,-0.00762939453125,0,-7.9277270617167848E-09,0,0,0,0,0
634.25,0,0.0152587890625,0,0.06103515625,-0.0152587890625,0,-8.7323622086700519E-07,0,0,0,0,0
634.375,0,0.011444091796875,0,-0.030517578125,-0.011444091796875,0,-4.3505525262408558E-07,0,0.0004,0,0,0
634.5,0,0.011444091796875,0,0,-0.011444091796875,0,-4.3344190546258213E-07,0,0.0002,0,0,0
634.625,0,0.00762939453125,0,-0.030517578125,-0.00762939453125,0,-1.2982188662676753E-09,0,0,0,0,0
634.75,0,0.00762939453125,0,0,-0.00762939453125,0,-5.609518545792501E-09,0,0.0002,0,0,0
634.875,0,0.00762939453125,0,0,-0.00762939453125,0,-9.84038427679358E-09,0,-0.0002,0,0,0
635,0,0.0152587890625,0,0.06103515625,-0.0152587890625,0,-8.7511319451020892E-07,0,-0.0008,0,0,0
635.125,0,0.00762939453125,0,-0.06103515625,-0.00762939453125,0,-6.3367695117615522E-09,0,0.0002,0,0,0
635.25,0,0.00762939453125,0,0,-0.00762939453125,0,-1.0554067253731758E-08,0,0,0,0,0
635.375,0,0.011444091796875,0,0.030517578125,-0.011444091796875,0,-4.4525312371413591E-07,0,-0.0006,0,0,0
635.5,0,0.00762939453125,0,-0.030517578125,-0.00762939453125,0,-1.2889080614802192E-08,0,0.0002,0,0,0
635.625,0,0.011444091796875,0,0.030517578125,-0.011444091796875,0,-4.4754457379766878E-07,0,0.0002,0,0,0
635.75,0,0.003814697265625,0,-0.06103515625,-0.003814697265625,0,4.154226587547882E-07,0,0.0014,0,0,0
635.875,0,0.011444091796875,0,0.06103515625,-0.011444091796875,0,-4.55616329815116E-07,0,-0.0002,0,0,0
636,0,0.011444091796875,0,0,-0.011444091796875,0,-4.5361938402969168E-07,0,0.0002,0,0,0
636.125,0,0.011444091796875,0,0,-0.011444091796875,0,-4.5165969434949068E-07,0,0.0002,0,0,0
636.25,0,0.011444091796875,0,0,-0.011444091796875,0,-4.4973656570437813E-07,0,0,0,0,0
636.375,0,0.003814697265625,0,-0.06103515625,-0.003814697265625,0,4.1327156183968106E-07,0,-0.0002,0,0,0
636.5,0,0.00762939453125,0,0.030517578125,-0.00762939453125,0,-2.7166855782043522E-08,0,0.0014,0,0,0
636.625,0,0.011444091796875,0,0.030517578125,-0.011444091796875,0,-4.6155597503634986E-07,0,0.0002,0,0,0
636.75,0,0.00762939453125,0,-0.030517578125,-0.00762939453125,0,-2.8887777087779161E-08,0,-0.001,0,0,0
636.875,0,0.00762939453125,0,0,-0.00762939453125,0,-3.2684350983726227E-08,0,-0.0006,0,0,0
637,0,0.00762939453125,0,0,-0.00762939453125,0,-3.6410093934943677E-08,0,0.0008,0,0,0
637.125,0,0,0,-0.06103515625,0,0,8.2105455042949764E-07,0,-0.0002,0,0,0
637.25,0,0.00762939453125,0,0.06103515625,-0.00762939453125,0,-5.5384367054430307E-08,0,0.0008,0,0,0
637.375,0,0.00762939453125,0,0,-0.00762939453125,0,-5.868660617621309E-08,0,0.0008,0,0,0
637.5,0,0.00762939453125,0,0,-0.00762939453125,0,-6.1927236931313313E-08,0,-0.0002,0,0,0
637.625,0,0.011444091796875,0,0.030517578125,-0.011444091796875,0,-4.9566784763463575E-07,0,-0.0002,0,0,0
637.75,0,0.00762939453125,0,-0.030517578125,-0.00762939453125,0,-6.2363240062848665E-08,0,-0.0002,0,0,0
637.875,0,0.011444091796875,0,0.030517578125,-0.011444091796875,0,-4.96095716454932E-07,0,-0.0008,0,0,0
638,0,0.003814697265625,0,-0.06103515625,-0.003814697265625,0,3.6777731258571848E-07,0,-0.0004,0,0,0
638.125,0,0.0152587890625,0,0.091552734375,-0.0152587890625,0,-9.3293321744301676E-07,0,0,0,0,0
638.25,0,0.003814697265625,0,-0.091552734375,-0.003814697265625,0,3.674823682242333E-07,0,0,0,0,0
638.375,0,0.00762939453125,0,0.030517578125,-0.00762939453125,0,-7.2101781330787349E-08,0,0,0,0,0
638.5,0,0.00762939453125,0,0,-0.00762939453125,0,-7.5092131291688865E-08,0,0.0006,0,0,0
638.625,0,0.0152587890625,0,0.06103515625,-0.0152587890625,0,-9.3914756949100352E-07,0,0.0014,0,0,0
638.75,0,0.00762939453125,0,-0.06103515625,-0.00762939453125,0,-6.9176484412345E-08,0,-0.0004,0,0,0
638.875,0,0.011444091796875,0,0.030517578125,-0.011444091796875,0,-5.0278184921719872E-07,0,0.0006,0,0,0
639,0,0.011444091796875,0,0,-0.011444091796875,0,-4.9990495788363732E-07,0,-0.0006,0,0,0
639.125,0,0.00762939453125,0,-0.030517578125,-0.00762939453125,0,-6.65213004816387E-08,0,-0.0002,0,0,0
639.25,0,0.011444091796875,0,0.030517578125,-0.011444091796875,0,-5.0017620184007918E-07,0,0,0,0,0
639.375,0,0.00762939453125,0,-0.030517578125,-0.00762939453125,0,-6.6787483963501731E-08,0,-0.0002,0,0,0
639.5,0,0.011444091796875,0,0.030517578125,-0.011444091796875,0,-5.0043741925832579E-07,0,-0.0006,0,0,0
639.625,0,0.00762939453125,0,-0.030517578125,-0.00762939453125,0,-6.704382796771207E-08,0,0.001,0,0,0
639.75,0,0.00762939453125,0,0,-0.00762939453125,0,-7.0128541853806082E-08,0,0.0002,0,0,0
639.875,0,0.011444091796875,0,0.030517578125,-0.011444091796875,0,-5.0371614455791747E-07,0,-0.0002,0,0,0
640,0,0.011444091796875,0,0,-0.011444091796875,0,-5.0082182250301274E-07,0,0,0,0,0
640.125,0,0.0152587890625,0,0.030517578125,-0.0152587890625,0,-9.28541937408182E-07,0,0.0008,0,0,0
640.25,0,0.011444091796875,0,-0.030517578125,-0.011444091796875,0,-4.8932915567791213E-07,0,0.0002,0,0,0
640.375,0,0.00762939453125,0,-0.030517578125,-0.00762939453125,0,-5.6142806186159882E-08,0,-0.0002,0,0,0
640.5,0,0.00762939453125,0,0,-0.00762939453125,0,-5.943089545555136E-08,0,-0.0002,0,0,0
640.625,0,0.00762939453125,0,0,-0.00762939453125,0,-6.2657640345592058E-08,0,-0.0006,0,0,0
640.75,0,0.011444091796875,0,0.030517578125,-0.011444091796875,0,-4.9638462424609562E-07,0,0.001,0,0,0
640.875,0,0.0152587890625,0,0.030517578125,-0.0152587890625,0,-9.2418752193203082E-07,0,0.0012,0,0,0
641,0,0.00762939453125,0,-0.06103515625,-0.00762939453125,0,-5.44955396262521E-08,0,-0.0008,0,0,0
641.125,0,0.003814697265625,0,-0.030517578125,-0.003814697265625,0,3.7274607772044738E-07,0,0.0012,0,0,0
641.25,0,0.00762939453125,0,0.030517578125,-0.00762939453125,0,-6.6936274457943042E-08,0,-0.0002,0,0,0
641.375,0,0.011444091796875,0,0.030517578125,-0.011444091796875,0,-5.0058343383648661E-07,0,0.0002,0,0,0
641.5,0,0.00762939453125,0,-0.030517578125,-0.00762939453125,0,-6.71871184185943E-08,0,-0.0006,0,0,0
641.625,0,0.00762939453125,0,0,-0.00762939453125,0,-7.0269159000207774E-08,0,0.0004,0,0,0
641.75,0,0.00762939453125,0,0,-0.00762939453125,0,-7.3293699358705947E-08,0,0,0,0,0
641.875,0,0.011444091796875,0,0.030517578125,-0.011444091796875,0,-5.0682225116523579E-07,0,0,0,0,0
642,0,0.011444091796875,0,0,-0.011444091796875,0,-5.0386997989836865E-07,0,0.0006,0,0,0
642.125,0,0.011444091796875,0,0,-0.011444091796875,0,-5.0097278780779607E-07,0,0.001,0,0,0
642.25,0,0.00762939453125,0,-0.030517578125,-0.00762939453125,0,-6.7569208390735559E-08,0,0.0004,0,0,0
642.375,0,0.011444091796875,0,0.030517578125,-0.011444091796875,0,-5.0120455941004789E-07,0,0.0004,0,0,0
642.5,0,0.00762939453125,0,-0.030517578125,-0.00762939453125,0,-6.7796655936087927E-08,0,0.0002,0,0,0
642.625,0,0.003814697265625,0,-0.030517578125,-0.003814697265625,0,3.5969311426105125E-07,0,-0.0004,0,0,0
642.75,0,0.011444091796875,0,0.06103515625,-0.011444091796875,0,-5.1030615365701571E-07,0,-0.0004,0,0,0
642.875,0,0.011444091796875,0,0,-0.011444091796875,0,-5.07288884812964E-07,0,0,0,0,0
643,0,0.00762939453125,0,-0.030517578125,-0.00762939453125,0,-7.3767468859557578E-08,0,0.0002,0,0,0
643.125,0,0.011444091796875,0,0.030517578125,-0.011444091796875,0,-5.072871817649495E-07,0,0,0,0,0
643.25,0,0.00762939453125,0,-0.030517578125,-0.00762939453125,0,-7.3765797584531777E-08,0,0,0,0,0
643.375,0,0.00762939453125,0,0,-0.00762939453125,0,-7.6725102754385244E-08,0,-0.001,0,0,0
643.5,0,0.00762939453125,0,0,-0.00762939453125,0,-7.9629197519629518E-08,0,0.0002,0,0,0
643.625,0,0.00762939453125,0,0,-0.00762939453125,0,-8.2479111915560784E-08,0,0.0006,0,0,0
643.75,0,0.011444091796875,0,0.030517578125,-0.011444091796875,0,-5.1583629567633034E-07,0,0.0004,0,0,0
643.875,0,0.00762939453125,0,-0.030517578125,-0.00762939453125,0,-8.2155414583290793E-08,0,0,0,0,0
644,0,0.003814697265625,0,-0.030517578125,-0.003814697265625,0,3.4560224041419731E-07,0,0.0002,0,0,0
644.125,0,0.00762939453125,0,0.030517578125,-0.00762939453125,0,-9.3573701592105877E-08,0,-0.0006,0,0,0
644.25,0,0.00762939453125,0,0,-0.00762939453125,0,-9.6163459746038585E-08,0,0.0008,0,0,0
644.375,0,0,0,-0.06103515625,0,0,7.62415975866294E-07,0,0.0006,0,0,0
644.5,0,0.00762939453125,0,0.06103515625,-0.00762939453125,0,-1.129289485207676E-07,0,0.0004,0,0,0
644.625,0,0.00762939453125,0,0,-0.00762939453125,0,-1.1515760467510654E-07,0,0.0006,0,0,0
644.75,0,0.003814697265625,0,-0.030517578125,-0.003814697265625,0,3.13215757106028E-07,0,0.0006,0,0,0
644.875,0,0.003814697265625,0,0,-0.003814697265625,0,3.0520447383894461E-07,0,0.0004,0,0,0
645,0,0.011444091796875,0,0.06103515625,-0.011444091796875,0,-5.6377822440764837E-07,0,0,0,0,0
645.125,0,0.0152587890625,0,0.030517578125,-0.0152587890625,0,-9.9032379048382138E-07,0,0.0002,0,0,0
645.25,0,0.003814697265625,0,-0.091552734375,-0.003814697265625,0,3.1116250488603545E-07,0,-0.0004,0,0,0
645.375,0,0.011444091796875,0,0.06103515625,-0.011444091796875,0,-5.5793134962390445E-07,0,0,0,0,0
645.5,0,0.011444091796875,0,0,-0.011444091796875,0,-5.5402555925604713E-07,0,0,0,0,0
645.625,0,0.011444091796875,0,0,-0.011444091796875,0,-5.5019263743474084E-07,0,-0.0002,0,0,0
645.75,0,0.011444091796875,0,0,-0.011444091796875,0,-5.4643122468480215E-07,0,0.0004,0,0,0
645.875,0,0.00762939453125,0,-0.030517578125,-0.00762939453125,0,-1.1217954797840213E-07,0,0,0,0,0
646,0,0.011444091796875,0,0.030517578125,-0.011444091796875,0,-5.4498262427205294E-07,0,0.0012,0,0,0
646.125,0,0.011444091796875,0,0,-0.011444091796875,0,-5.4131841235752031E-07,0,0,0,0,0
646.25,0,0.00762939453125,0,-0.030517578125,-0.00762939453125,0,-1.0716212305494601E-07,0,-0.0004,0,0,0
646.375,0,0.011444091796875,0,0.030517578125,-0.011444091796875,0,-5.4005880715320655E-07,0,0,0,0,0
646.5,0,0.00762939453125,0,-0.030517578125,-0.00762939453125,0,-1.0592601772948431E-07,0,0.0004,0,0,0
646.625,0,0.00762939453125,0,0,-0.00762939453125,0,-1.0828532436433995E-07,0,0.0004,0,0,0
646.75,0,0.011444091796875,0,0.030517578125,-0.011444091796875,0,-5.4116105340890036E-07,0,-0.0006,0,0,0
646.875,0,0.00762939453125,0,-0.030517578125,-0.00762939453125,0,-1.0700769988034175E-07,0,-0.0012,0,0,0
647,0,0.00762939453125,0,0,-0.00762939453125,0,-1.0934682606547028E-07,0,-0.0004,0,0,0
647.125,0,0.0152587890625,0,0.06103515625,-0.0152587890625,0,-9.72763190073488E-07,0,0.0004,0,0,0
647.25,0,0.011444091796875,0,-0.030517578125,-0.011444091796875,0,-5.327253926345147E-07,0,-0.0002,0,0,0
647.375,0,0.00762939453125,0,-0.030517578125,-0.00762939453125,0,-9.8729419375231461E-08,0,0.0014,0,0,0
647.5,0,0.003814697265625,0,-0.030517578125,-0.003814697265625,0,3.2933744925790308E-07,0,0.0002,0,0,0
647.625,0,0.011444091796875,0,0.06103515625,-0.011444091796875,0,-5.4009548688604417E-07,0,-0.0006,0,0,0
647.75,0,0.00762939453125,0,-0.030517578125,-0.00762939453125,0,-1.0596201314530339E-07,0,-0.0002,0,0,0
647.875,0,0.0152587890625,0,0.06103515625,-0.0152587890625,0,-9.6944152606163674E-07,0,0.0006,0,0,0
648,0,0.0152587890625,0,0,-0.0152587890625,0,-9.6002613830639878E-07,0,-0.0006,0,0,0
648.125,0,0.00762939453125,0,-0.06103515625,-0.00762939453125,0,-8.9665531307628254E-08,0,0.0002,0,0,0
648.25,0,0.00762939453125,0,0,-0.00762939453125,0,-9.23282024091291E-08,0,0.0004,0,0,0
648.375,0,0.003814697265625,0,-0.030517578125,-0.003814697265625,0,3.35619241643435E-07,0,0.0002,0,0,0
648.5,0,0.011444091796875,0,0.06103515625,-0.011444091796875,0,-5.3393089103124156E-07,0,-0.0008,0,0,0
648.625,0,0.0152587890625,0,0.030517578125,-0.0152587890625,0,-9.6103330517060323E-07,0,0,0,0,0
648.75,0,0.00762939453125,0,-0.06103515625,-0.00762939453125,0,-9.0653907919766733E-08,0,-0.0002,0,0,0
648.875,0,0.0152587890625,0,0.06103515625,-0.0152587890625,0,-9.5441901716185632E-07,0,0.0004,0,0,0
649,0,0.00762939453125,0,-0.06103515625,-0.00762939453125,0,-8.4163019660692343E-08,0,0,0,0,0
649.125,0,0.011444091796875,0,0.030517578125,-0.011444091796875,0,-5.1748878752394632E-07,0,-0.0008,0,0,0
649.25,0,0.0152587890625,0,0.030517578125,-0.0152587890625,0,-9.4489795447694523E-07,0,-0.0008,0,0,0
649.375,0,0.0152587890625,0,0,-0.0152587890625,0,-9.3594046492414676E-07,0,0,0,0,0
649.5,0,0.011444091796875,0,-0.030517578125,-0.011444091796875,0,-4.9658965224599444E-07,0,-0.0008,0,0,0
649.625,0,0.0152587890625,0,0.030517578125,-0.0152587890625,0,-9.243887248182017E-07,0,-0.0008,0,0,0
649.75,0,0.00762939453125,0,-0.06103515625,-0.00762939453125,0,-5.4692988762094344E-08,0,0.0016,0,0,0
649.875,0,0.003814697265625,0,-0.030517578125,-0.003814697265625,0,3.7255231230292885E-07,0,0.0008,0,0,0
650,0,0.00762939453125,0,0.030517578125,-0.00762939453125,0,-6.7126424882587729E-08,0,0,0,0,0
650.125,0,0.00762939453125,0,0,-0.00762939453125,0,-7.0209597795774919E-08,0,0.0004,0,0,0
650.25,0,0.011444091796875,0,0.030517578125,-0.011444091796875,0,-5.03795688276207E-07,0,0.0002,0,0,0
650.375,0,0.00762939453125,0,-0.030517578125,-0.00762939453125,0,-7.0339443294736255E-08,0,0.0004,0,0,0
650.5,0,0.003814697265625,0,-0.030517578125,-0.003814697265625,0,3.5719776652449264E-07,0,0,0,0,0
650.625,0,0.003814697265625,0,0,-0.003814697265625,0,3.4836593100066481E-07,0,0.0002,0,0,0
650.75,0,0.0152587890625,0,0.091552734375,-0.0152587890625,0,-9.5198244974983731E-07,0,0.001,0,0,0
650.875,0,0.011444091796875,0,-0.030517578125,-0.011444091796875,0,-5.12332349089498E-07,0,0,0,0,0
651,0,0.011444091796875,0,0,-0.011444091796875,0,-5.092772784429204E-07,0,-0.0004,0,0,0
651.125,0,0.003814697265625,0,-0.06103515625,-0.003814697265625,0,3.5484167297780483E-07,0,0,0,0,0
651.25,0,0.00762939453125,0,0.030517578125,-0.00762939453125,0,-8.4506644900845913E-08,0,0.0006,0,0,0
651.375,0,0.003814697265625,0,-0.030517578125,-0.003814697265625,0,3.4329487592652821E-07,0,0.0008,0,0,0
651.5,0,0.0152587890625,0,0.091552734375,-0.0152587890625,0,-9.5695889646614349E-07,0,-0.0004,0,0,0
651.625,0,0.011444091796875,0,-0.030517578125,-0.011444091796875,0,-5.1721595251288454E-07,0,0,0,0,0
651.75,0,0.011444091796875,0,0,-0.011444091796875,0,-5.1406977070828832E-07,0,0.0008,0,0,0
651.875,0,0.011444091796875,0,0,-0.011444091796875,0,-5.10982285780302E-07,0,-0.0008,0,0,0
652,0,0.011444091796875,0,0,-0.011444091796875,0,-5.079524026481139E-07,0,-0.0004,0,0,0
652.125,0,0.0152587890625,0,0.030517578125,-0.0152587890625,0,-9.3553948557708827E-07,0,-0.0004,0,0,0
652.25,0,0.00762939453125,0,-0.06103515625,-0.00762939453125,0,-6.5635714871675373E-08,0,-0.0002,0,0,0
652.375,0,0.00762939453125,0,0,-0.00762939453125,0,-6.8746699280512239E-08,0,0.0008,0,0,0
652.5,0,0.003814697265625,0,-0.030517578125,-0.003814697265625,0,3.5876079544128097E-07,0,0.0004,0,0,0
652.625,0,0.011444091796875,0,0.06103515625,-0.011444091796875,0,-5.1122107863049108E-07,0,0.0002,0,0,0
652.75,0,0.0152587890625,0,0.030517578125,-0.0152587890625,0,-9.3874717936494165E-07,0,0,0,0,0
652.875,0,0.0152587890625,0,0,-0.0152587890625,0,-9.2990444201345491E-07,0,0.0002,0,0,0
653,0,0.00762939453125,0,-0.06103515625,-0.00762939453125,0,-6.0105801741465367E-08,0,-0.0002,0,0,0
653.125,0,0.00762939453125,0,0,-0.00762939453125,0,-6.3319955213257547E-08,0,0,0,0,0
653.25,0,0.00762939453125,0,0,-0.00762939453125,0,-6.6474143692097525E-08,0,0.0006,0,0,0
653.375,0,0.00762939453125,0,0,-0.00762939453125,0,-6.9569485917464073E-08,0,0,0,0,0
653.5,0,0.0152587890625,0,0.06103515625,-0.0152587890625,0,-9.3372795758853081E-07,0,-0.0004,0,0,0
653.625,0,0.00762939453125,0,-0.06103515625,-0.00762939453125,0,-6.3857983733212345E-08,0,-0.0006,0,0,0
653.75,0,0.0152587890625,0,0.06103515625,-0.0152587890625,0,-9.2812301229125757E-07,0,-0.0006,0,0,0
653.875,0,0.0152587890625,0,0,-0.0152587890625,0,-9.1947848517126343E-07,0,-0.0002,0,0,0
654,0,0.011444091796875,0,-0.030517578125,-0.011444091796875,0,-4.8043479612878194E-07,0,0,0,0,0
654.125,0,0.011444091796875,0,0,-0.011444091796875,0,-4.7797482355554409E-07,0,0,0,0,0
654.25,0,0.011444091796875,0,0,-0.011444091796875,0,-4.7556074556677823E-07,0,-0.0008,0,0,0
654.375,0,0.011444091796875,0,0,-0.011444091796875,0,-4.7319170592818851E-07,0,0,0,0,0
654.5,0,0.00762939453125,0,-0.030517578125,-0.00762939453125,0,-4.0306425464098163E-08,0,0,0,0,0
654.625,0,0.011444091796875,0,0.030517578125,-0.011444091796875,0,-4.7445040576959757E-07,0,-0.0008,0,0,0
654.75,0,0.011444091796875,0,0,-0.011444091796875,0,-4.7210208123335025E-07,0,0,0,0,0
654.875,0,0.00762939453125,0,-0.030517578125,-0.00762939453125,0,-3.9237129399401539E-08,0,0.0006,0,0,0
655,0,0.00762939453125,0,0,-0.00762939453125,0,-4.2840620157323993E-08,0,0,0,0,0
655.125,0,0.011444091796875,0,0.030517578125,-0.011444091796875,0,-4.7693732115016688E-07,0,0.0002,0,0,0
655.25,0,0.011444091796875,0,0,-0.011444091796875,0,-4.745425993698E-07,0,-0.0002,0,0,0
655.375,0,0.011444091796875,0,0,-0.011444091796875,0,-4.7219255481967193E-07,0,0.0002,0,0,0
655.5,0,0.00762939453125,0,-0.030517578125,-0.00762939453125,0,-3.9325915061355652E-08,0,-0.0002,0,0,0
655.625,0,0.00762939453125,0,0,-0.00762939453125,0,-4.2927749385744338E-08,0,-0.0002,0,0,0
655.75,0,0.003814697265625,0,-0.030517578125,-0.003814697265625,0,3.84098052983129E-07,0,0.0004,0,0,0
655.875,0,0.00762939453125,0,0.030517578125,-0.00762939453125,0,-5.5796087811640314E-08,0,0,0,0,0
656,0,0.003814697265625,0,-0.030517578125,-0.003814697265625,0,3.7146979326840459E-07,0,0.0004,0,0,0
656.125,0,0.011444091796875,0,0.06103515625,-0.011444091796875,0,-4.9874918676978174E-07,0,0.0006,0,0,0
656.25,0,0.00762939453125,0,-0.030517578125,-0.00762939453125,0,-6.53870920614457E-08,0,-0.0004,0,0,0
656.375,0,0.011444091796875,0,0.030517578125,-0.011444091796875,0,-4.9906315382822392E-07,0,0,0,0,0
656.5,0,0.011444091796875,0,0,-0.011444091796875,0,-4.9625564049566593E-07,0,-0.0004,0,0,0
656.625,0,0.011444091796875,0,0,-0.011444091796875,0,-4.9350050565675414E-07,0,0,0,0,0
656.75,0,0.011444091796875,0,0,-0.011444091796875,0,-4.9079677210986141E-07,0,0,0,0,0
656.875,0,0.011444091796875,0,0,-0.011444091796875,0,-4.88143480884565E-07,0,-0.0002,0,0,0
657,0,0.011444091796875,0,0,-0.011444091796875,0,-4.855396909015152E-07,0,-0.0004,0,0,0
657.125,0,0.011444091796875,0,0,-0.011444091796875,0,-4.8298447863864992E-07,0,0.001,0,0,0
657.25,0,0.011444091796875,0,0,-0.011444091796875,0,-4.80476937803636E-07,0,-0.0002,0,0,0
657.375,0,0.0152587890625,0,0.030517578125,-0.0152587890625,0,-9.0857661792817591E-07,0,-0.0002,0,0,0
657.5,0,0.00762939453125,0,-0.06103515625,-0.00762939453125,0,-3.9175881126628512E-08,0,0,0,0,0
657.625,0,0.011444091796875,0,0.030517578125,-0.011444091796875,0,-4.7334095348134817E-07,0,0,0,0,0
657.75,0,0.003814697265625,0,-0.06103515625,-0.003814697265625,0,3.9010755034191146E-07,0,-0.0004,0,0,0
657.875,0,0.00762939453125,0,0.030517578125,-0.00762939453125,0,-4.9898706899669806E-08,0,-0.0002,0,0,0
658,0,0.00762939453125,0,0,-0.00762939453125,0,-5.33032894768617E-08,0,0.0004,0,0,0
658.125,0,0.011444091796875,0,0.030517578125,-0.011444091796875,0,-4.8720479322803164E-07,0,0,0,0,0
658.25,0,0.003814697265625,0,-0.06103515625,-0.003814697265625,0,3.7650236191975137E-07,0,-0.0006,0,0,0
658.375,0,0.011444091796875,0,0.06103515625,-0.011444091796875,0,-4.9381050845265763E-07,0,0,0,0,0
658.5,0,0.003814697265625,0,-0.06103515625,-0.003814697265625,0,3.70019886506281E-07,0,0.0004,0,0,0
658.625,0,0.011444091796875,0,0.06103515625,-0.011444091796875,0,-5.0017204328382752E-07,0,0,0,0,0
658.75,0,0.011444091796875,0,0,-0.011444091796875,0,-4.9734384190728737E-07,0,0.0008,0,0,0
658.875,0,0.0152587890625,0,0.030517578125,-0.0152587890625,0,-9.2512884390753192E-07,0,0.0008,0,0,0
659,0,0.00762939453125,0,-0.06103515625,-0.00762939453125,0,-5.5419299787694849E-08,0,0.0008,0,0,0
659.125,0,0.0152587890625,0,0.06103515625,-0.0152587890625,0,-9.1984176501693818E-07,0,0,0,0,0
659.25,0,0.011444091796875,0,-0.030517578125,-0.011444091796875,0,-4.8079129842833863E-07,0,0,0,0,0
659.375,0,0.00762939453125,0,-0.030517578125,-0.00762939453125,0,-4.776423583881139E-08,0,-0.0004,0,0,0
659.5,0,0.00762939453125,0,0,-0.00762939453125,0,-5.1208640267462574E-08,0,0.0004,0,0,0
659.625,0,0.011444091796875,0,0.030517578125,-0.011444091796875,0,-4.8514922293200153E-07,0,0.001,0,0,0
659.75,0,0.011444091796875,0,0,-0.011444091796875,0,-4.8260129545166E-07,0,0,0,0,0
659.875,0,0.00762939453125,0,-0.030517578125,-0.00762939453125,0,-4.9540464574557319E-08,0,-0.0002,0,0,0
660,0,0.011444091796875,0,0.030517578125,-0.011444091796875,0,-4.8351216963090053E-07,0,0,0,0,0
660.125,0,0.003814697265625,0,-0.06103515625,-0.003814697265625,0,3.8012609392538865E-07,0,0,0,0,0
660.25,0,0.00762939453125,0,0.030517578125,-0.00762939453125,0,-5.96939438438114E-08,0,-0.0002,0,0,0
660.375,0,0.00762939453125,0,0,-0.00762939453125,0,-6.2915781160244742E-08,0,0.0002,0,0,0
660.5,0,0.003814697265625,0,-0.030517578125,-0.003814697265625,0,3.6448292878600637E-07,0,0,0,0,0
660.625,0,0.011444091796875,0,0.06103515625,-0.011444091796875,0,-5.056057005134483E-07,0,0.0004,0,0,0
660.75,0,0.011444091796875,0,0,-0.011444091796875,0,-5.02676125876316E-07,0,0.0002,0,0,0
660.875,0,0.011444091796875,0,0,-0.011444091796875,0,-4.9980120697482629E-07,0,0.0002,0,0,0
661,0,0.011444091796875,0,0,-0.011444091796875,0,-4.9697992412188834E-07,0,0.0008,0,0,0
661.125,0,0.011444091796875,0,0,-0.011444091796875,0,-4.9421127665424772E-07,0,0.0004,0,0,0
661.25,0,0.011444091796875,0,0,-0.011444091796875,0,-4.9149428257756719E-07,0,0,0,0,0
661.375,0,0.00762939453125,0,-0.030517578125,-0.00762939453125,0,-5.8267539302376175E-08,0,0,0,0,0
661.5,0,0.011444091796875,0,0.030517578125,-0.011444091796875,0,-4.9207642731244584E-07,0,0.0002,0,0,0
661.625,0,0.00762939453125,0,-0.030517578125,-0.00762939453125,0,-5.8838823228886283E-08,0,0,0,0,0
661.75,0,0.00762939453125,0,0,-0.00762939453125,0,-6.2076614139974428E-08,0,-0.0006,0,0,0
661.875,0,0.011444091796875,0,0.030517578125,-0.011444091796875,0,-4.9581443798095716E-07,0,0.0002,0,0,0
662,0,0.00762939453125,0,-0.030517578125,-0.00762939453125,0,-6.2507095540047924E-08,0,0.0006,0,0,0
662.125,0,0.00762939453125,0,0,-0.00762939453125,0,-6.5676449170459821E-08,0,-0.0016,0,0,0
662.25,0,0.019073486328125,0,0.091552734375,-0.019073486328125,0,-1.3604679903653527E-06,0,0.0004,0,0,0
662.375,0,0.011444091796875,0,-0.06103515625,-0.011444091796875,0,-4.8480428265062408E-07,0,0.0006,0,0,0
662.5,0,0.00762939453125,0,-0.030517578125,-0.00762939453125,0,-5.1702351647774771E-08,0,0,0,0,0
662.625,0,0.011444091796875,0,0.030517578125,-0.011444091796875,0,-4.85633723364641E-07,0,0.0002,0,0,0
662.75,0,0.003814697265625,0,-0.06103515625,-0.003814697265625,0,3.7804412105043667E-07,0,-0.0002,0,0,0
662.875,0,0.011444091796875,0,0.06103515625,-0.011444091796875,0,-4.92297513217728E-07,0,-0.0002,0,0,0
663,0,0.00762939453125,0,-0.030517578125,-0.00762939453125,0,-5.9055784435435716E-08,0,-0.0002,0,0,0
663.125,0,0.00762939453125,0,0,-0.00762939453125,0,-6.2289527600410982E-08,0,-0.0004,0,0,0
663.25,0,0.00762939453125,0,0,-0.00762939453125,0,-6.5462940296477787E-08,0,0,0,0,0
663.375,0,0.00762939453125,0,0,-0.00762939453125,0,-6.8577148081632853E-08,0,0,0,0,0
663.5,0,0.003814697265625,0,-0.030517578125,-0.003814697265625,0,3.5892718340090154E-07,0,0.0006,0,0,0
663.625,0,0.011444091796875,0,0.06103515625,-0.011444091796875,0,-5.1105779489501955E-07,0,0.0002,0,0,0
663.75,0,0.019073486328125,0,0.06103515625,-0.019073486328125,0,-1.3691473808552804E-06,0,0,0,0,0
663.875,0,0.00762939453125,0,-0.091552734375,-0.00762939453125,0,-6.2761306801567276E-08,0,0,0,0,0
664,0,0.00762939453125,0,0,-0.00762939453125,0,-6.5925917728608233E-08,0,-0.0004,0,0,0
664.125,0,0.00762939453125,0,0,-0.00762939453125,0,-6.9031487955321131E-08,0,0.0008,0,0,0
664.25,0,0.011444091796875,0,0.030517578125,-0.011444091796875,0,-5.0263955789283254E-07,0,0.0002,0,0,0
664.375,0,0.0152587890625,0,0.030517578125,-0.0152587890625,0,-9.303257601392579E-07,0,0.0002,0,0,0
664.5,0,0.011444091796875,0,-0.030517578125,-0.011444091796875,0,-4.9107969844322554E-07,0,0.001,0,0,0
664.625,0,0.0152587890625,0,0.030517578125,-0.0152587890625,0,-9.1898156770633438E-07,0,0.0008,0,0,0
664.75,0,0.003814697265625,0,-0.091552734375,-0.003814697265625,0,3.8117372840552448E-07,0,0.0012,0,0,0
664.875,0,0.0152587890625,0,0.091552734375,-0.0152587890625,0,-9.197867324330708E-07,0,-0.0004,0,0,0
665,0,0.00762939453125,0,-0.06103515625,-0.00762939453125,0,-5.0176853646494042E-08,0,-0.0004,0,0,0
665.125,0,0.0152587890625,0,0.06103515625,-0.0152587890625,0,-9.1469712479840675E-07,0,0.0002,0,0,0
665.25,0,0.0152587890625,0,0,-0.0152587890625,0,-9.0630307832781261E-07,0,0.0002,0,0,0
665.375,0,0.00762939453125,0,-0.06103515625,-0.00762939453125,0,-3.6944757915933211E-08,0,0,0,0,0
665.5,0,0.00762939453125,0,0,-0.00762939453125,0,-4.0591016401363513E-08,0,-0.0002,0,0,0
665.625,0,0.011444091796875,0,0.030517578125,-0.011444091796875,0,-4.7472968722376037E-07,0,0.001,0,0,0
665.75,0,0.003814697265625,0,-0.06103515625,-0.003814697265625,0,3.8874472557049491E-07,0,-0.0008,0,0,0
665.875,0,0.00762939453125,0,0.030517578125,-0.00762939453125,0,-5.123610607192621E-08,0,-0.0002,0,0,0
666,0,0.00762939453125,0,0,-0.00762939453125,0,-5.4615737403745887E-08,0,0.0008,0,0,0
666.125,0,0.0152587890625,0,0.06103515625,-0.0152587890625,0,-9.1905319432928285E-07,0,0.0008,0,0,0
666.25,0,0.003814697265625,0,-0.091552734375,-0.003814697265625,0,3.8110343808775804E-07,0,0,0,0,0
666.375,0,0.011444091796875,0,0.06103515625,-0.011444091796875,0,-4.8929527246073724E-07,0,-0.0004,0,0,0
666.5,0,0.011444091796875,0,0,-0.011444091796875,0,-4.8666999402844149E-07,0,0,0,0,0
666.625,0,0.0152587890625,0,0.030517578125,-0.0152587890625,0,-9.14654133132264E-07,0,-0.0004,0,0,0
666.75,0,0.011444091796875,0,-0.030517578125,-0.011444091796875,0,-4.7570044982179146E-07,0,0.0008,0,0,0
666.875,0,0.00762939453125,0,-0.030517578125,-0.00762939453125,0,-4.2768364868986135E-08,0,0.0006,0,0,0
667,0,0.011444091796875,0,0.030517578125,-0.011444091796875,0,-4.76866413895734E-07,0,-0.0006,0,0,0
667.125,0,0.003814697265625,0,-0.06103515625,-0.003814697265625,0,3.8664786283188669E-07,0,-0.0002,0,0,0
667.25,0,0.00762939453125,0,0.030517578125,-0.00762939453125,0,-5.3293848600362188E-08,0,-0.001,0,0,0
667.375,0,0,0,-0.06103515625,0,0,8.0448578826160728E-07,0,0.0004,0,0,0
667.5,0,0.011444091796875,0,0.091552734375,-0.011444091796875,0,-5.0220445231166915E-07,0,0.001,0,0,0
667.625,0,0.00762939453125,0,-0.030517578125,-0.00762939453125,0,-6.8777894292640084E-08,0,0,0,0,0
667.75,0,0.011444091796875,0,0.030517578125,-0.011444091796875,0,-5.02390695411263E-07,0,0,0,0,0
667.875,0,0.00762939453125,0,-0.030517578125,-0.00762939453125,0,-6.8960662739809081E-08,0,0,0,0,0
668,0,0.011444091796875,0,0.030517578125,-0.011444091796875,0,-5.0257005403101016E-07,0,0.0008,0,0,0
668.125,0,0.0152587890625,0,0.030517578125,-0.0152587890625,0,-9.30257552979233E-07,0,0.0008,0,0,0
668.25,0,0.011444091796875,0,-0.030517578125,-0.011444091796875,0,-4.91012763793025E-07,0,0.0004,0,0,0
668.375,0,0.019073486328125,0,0.06103515625,-0.019073486328125,0,-1.3494763207410768E-06,0,-0.0008,0,0,0
668.5,0,0.011444091796875,0,-0.06103515625,-0.011444091796875,0,-4.7401767958503518E-07,0,0,0,0,0
668.625,0,0.011444091796875,0,0,-0.011444091796875,0,-4.7167742822352431E-07,0,0.0008,0,0,0
668.75,0,0.003814697265625,0,-0.06103515625,-0.003814697265625,0,3.917400399689739E-07,0,-0.0004,0,0,0
668.875,0,0.019073486328125,0,0.1220703125,-0.019073486328125,0,-1.3399779906330433E-06,0,0,0,0,0
669,0,0.0152587890625,0,-0.030517578125,-0.0152587890625,0,-8.9525699439831278E-07,0,-0.0002,0,0,0
669.125,0,0.003814697265625,0,-0.091552734375,-0.003814697265625,0,4.0445568318779892E-07,0,0.0006,0,0,0
669.25,0,0.00762939453125,0,0.030517578125,-0.00762939453125,0,-3.5818260613410514E-08,0,0,0,0,0
669.375,0,0.00762939453125,0,0,-0.00762939453125,0,-3.9485535644378946E-08,0,-0.0006,0,0,0
669.5,0,0.011444091796875,0,0.030517578125,-0.011444091796875,0,-4.7364483091622516E-07,0,0.0002,0,0,0
669.625,0,0.011444091796875,0,0,-0.011444091796875,0,-4.7131153562199409E-07,0,0,0,0,0
669.75,0,0.0152587890625,0,0.030517578125,-0.0152587890625,0,-8.9958221046786562E-07,0,0.0002,0,0,0
669.875,0,0.011444091796875,0,-0.030517578125,-0.011444091796875,0,-4.6090971713300513E-07,0,0.0002,0,0,0
670,0,0.0152587890625,0,0.030517578125,-0.0152587890625,0,-8.8937445395440346E-07,0,0.0004,0,0,0
670.125,0,0.011444091796875,0,-0.030517578125,-0.011444091796875,0,-4.5089240206944872E-07,0,0.0002,0,0,0
670.25,0,0.011444091796875,0,0,-0.011444091796875,0,-4.48983588445871E-07,0,0,0,0,0
670.375,0,0.0152587890625,0,0.030517578125,-0.0152587890625,0,-8.77670825601789E-07,0,0.0002,0,0,0
670.5,0,0.00762939453125,0,-0.06103515625,-0.00762939453125,0,-8.846684048507848E-09,0,0,0,0,0
670.625,0,0.00762939453125,0,0,-0.00762939453125,0,-1.3017155461608726E-08,0,0.0002,0,0,0
670.75,0,0.011444091796875,0,0.030517578125,-0.011444091796875,0,-4.4767025921056887E-07,0,0.0016,0,0,0
670.875,0,0.00762939453125,0,-0.030517578125,-0.00762939453125,0,-1.5261120718535275E-08,0,0.0002,0,0,0
671,0,0.011444091796875,0,0.030517578125,-0.011444091796875,0,-4.49872359832842E-07,0,-0.0002,0,0,0
671.125,0,0.011444091796875,0,0,-0.011444091796875,0,-4.4798257667127112E-07,0,0,0,0,0
671.25,0,0.011444091796875,0,0,-0.011444091796875,0,-4.4612805033080703E-07,0,-0.0004,0,0,0
671.375,0,0.0152587890625,0,0.030517578125,-0.0152587890625,0,-8.7486856195679843E-07,0,-0.0004,0,0,0
671.5,0,0.00762939453125,0,-0.06103515625,-0.00762939453125,0,-6.0967009561408778E-09,0,-0.0002,0,0,0
671.625,0,0.011444091796875,0,0.030517578125,-0.011444091796875,0,-4.4087891646323215E-07,0,0.0008,0,0,0
671.75,0,0.00762939453125,0,-0.030517578125,-0.00762939453125,0,-8.5964809502423771E-09,0,0,0,0,0
671.875,0,0.011444091796875,0,0.030517578125,-0.011444091796875,0,-4.4333205920399655E-07,0,0.0004,0,0,0
672,0,0.011444091796875,0,0,-0.011444091796875,0,-4.4156429544335219E-07,0,0.0002,0,0,0
672.125,0,0.00762939453125,0,-0.030517578125,-0.00762939453125,0,-9.2690731278424729E-09,0,0.0006,0,0,0
672.25,0,0.011444091796875,0,0.030517578125,-0.011444091796875,0,-4.4399210313660974E-07,0,-0.0002,0,0,0
672.375,0,0.00762939453125,0,-0.030517578125,-0.00762939453125,0,-1.1651586322099536E-08,0,0,0,0,0
672.5,0,0.011444091796875,0,0.030517578125,-0.011444091796875,0,-4.4633016687064158E-07,0,0,0,0,0
672.625,0,0.00762939453125,0,-0.030517578125,-0.00762939453125,0,-1.3946029869179084E-08,0,-0.0002,0,0,0
672.75,0,0.00762939453125,0,0,-0.00762939453125,0,-1.8021365116916051E-08,0,-0.0012,0,0,0
672.875,0,0.011444091796875,0,0.030517578125,-0.011444091796875,0,-4.5258110761248697E-07,0,0,0,0,0
673,0,0.011444091796875,0,0,-0.011444091796875,0,-4.5064078858107E-07,0,0.0008,0,0,0
673.125,0,0.0152587890625,0,0.030517578125,-0.0152587890625,0,-8.7929710811114966E-07,0,-0.0002,0,0,0
673.25,0,0.00762939453125,0,-0.06103515625,-0.00762939453125,0,-1.0442625748050979E-08,0,0.0004,0,0,0
673.375,0,0.011444091796875,0,0.030517578125,-0.011444091796875,0,-4.4514376132171504E-07,0,0.0002,0,0,0
673.5,0,0.011444091796875,0,0,-0.011444091796875,0,-4.4334219746232808E-07,0,0.0002,0,0,0
673.625,0,0.00762939453125,0,-0.030517578125,-0.00762939453125,0,-1.1013805641076598E-08,0,0.0002,0,0,0
673.75,0,0.003814697265625,0,-0.030517578125,-0.003814697265625,0,4.1541659285908879E-07,0,0.0002,0,0,0
673.875,0,0.011444091796875,0,0.06103515625,-0.011444091796875,0,-4.5562228254217051E-07,0,0.0008,0,0,0
674,0,0.003814697265625,0,-0.06103515625,-0.003814697265625,0,4.0749565213206908E-07,0,0.0004,0,0,0
674.125,0,0.00762939453125,0,0.030517578125,-0.00762939453125,0,-3.2835006980937962E-08,0,-0.0004,0,0,0
674.25,0,0.003814697265625,0,-0.030517578125,-0.003814697265625,0,3.9400249970371118E-07,0,-0.0004,0,0,0
674.375,0,0.0152587890625,0,0.091552734375,-0.0152587890625,0,-9.0719730166023E-07,0,-0.0006,0,0,0
674.5,0,0.00762939453125,0,-0.06103515625,-0.00762939453125,0,-3.7822298132159456E-08,0,0,0,0,0
674.625,0,0.011444091796875,0,0.030517578125,-0.011444091796875,0,-4.7201262366642884E-07,0,0.0004,0,0,0
674.75,0,0.0152587890625,0,0.030517578125,-0.0152587890625,0,-9.0027021863294415E-07,0,-0.0004,0,0,0
674.875,0,0.00762939453125,0,-0.06103515625,-0.00762939453125,0,-3.1024450528308073E-08,0,0.0002,0,0,0
675,0,0.0152587890625,0,0.06103515625,-0.0152587890625,0,-8.9590203931551073E-07,0,0.0004,0,0,0
675.125,0,0.0152587890625,0,0,-0.0152587890625,0,-8.8785864416832388E-07,0,0.0002,0,0,0
675.25,0,0.011444091796875,0,-0.030517578125,-0.011444091796875,0,-4.4940487205405741E-07,0,0,0,0,0
675.375,0,0.00762939453125,0,-0.030517578125,-0.00762939453125,0,-1.6963371682652612E-08,0,0.001,0,0,0
675.5,0,0.011444091796875,0,0.030517578125,-0.011444091796875,0,-4.5154285267838721E-07,0,0,0,0,0
675.625,0,0.00762939453125,0,-0.030517578125,-0.00762939453125,0,-1.9061464979200769E-08,0,0,0,0,0
675.75,0,0.00762939453125,0,0,-0.00762939453125,0,-2.3041363891052728E-08,0,0.0004,0,0,0
675.875,0,0.00762939453125,0,0,-0.00762939453125,0,-2.6947011647104518E-08,0,0,0,0,0
676,0,0.00762939453125,0,0,-0.00762939453125,0,-3.0779793517248609E-08,0,0.0004,0,0,0
676.125,0,0.011444091796875,0,0.030517578125,-0.011444091796875,0,-4.6510150784278303E-07,0,0.0004,0,0,0
676.25,0,0.011444091796875,0,0,-0.011444091796875,0,-4.6292760142415589E-07,0,-0.0004,0,0,0
676.375,0,0.00762939453125,0,-0.030517578125,-0.00762939453125,0,-3.0233813668689036E-08,0,0,0,0,0
676.5,0,0.00762939453125,0,0,-0.00762939453125,0,-3.40052751750766E-08,0,0,0,0,0
676.625,0,0.00762939453125,0,0,-0.00762939453125,0,-3.7706374247114081E-08,0,0.0002,0,0,0
676.75,0,0.00762939453125,0,0,-0.00762939453125,0,-4.1338423604594405E-08,0,-0.0006,0,0,0
676.875,0,0.011444091796875,0,0.030517578125,-0.011444091796875,0,-4.7546315039225009E-07,0,0.0004,0,0,0
677,0,0.011444091796875,0,0,-0.011444091796875,0,-4.7309593154224564E-07,0,0.0006,0,0,0
677.125,0,0.011444091796875,0,0,-0.011444091796875,0,-4.7077287681287283E-07,0,0.0004,0,0,0
677.25,0,0.00762939453125,0,-0.030517578125,-0.00762939453125,0,-3.7932723338556158E-08,0,0.0002,0,0,0
677.375,0,0.00762939453125,0,0,-0.00762939453125,0,-4.1560549804443974E-08,0,0.0002,0,0,0
677.5,0,0.00762939453125,0,0,-0.00762939453125,0,-4.5120693569313326E-08,0,0.0004,0,0,0
677.625,0,0.011444091796875,0,0.030517578125,-0.011444091796875,0,-4.7917485627414969E-07,0,0.0002,0,0,0
677.75,0,0.00762939453125,0,-0.030517578125,-0.00762939453125,0,-4.6177950907429079E-08,0,0.0008,0,0,0
677.875,0,0.003814697265625,0,-0.030517578125,-0.003814697265625,0,3.8090848898639492E-07,0,0.0006,0,0,0
678,0,0.0152587890625,0,0.091552734375,-0.0152587890625,0,-9.2004702340153108E-07,0,-0.0002,0,0,0
678.125,0,0.011444091796875,0,-0.030517578125,-0.011444091796875,0,-4.8099272740102152E-07,0,0.0002,0,0,0
678.25,0,0.011444091796875,0,0,-0.011444091796875,0,-4.7852234575892586E-07,0,0.0002,0,0,0
678.375,0,0.00762939453125,0,-0.030517578125,-0.00762939453125,0,-4.5537613982791411E-08,0,0.0002,0,0,0
678.5,0,0.0152587890625,0,0.06103515625,-0.0152587890625,0,-9.1014443730969475E-07,0,0,0,0,0
678.625,0,0.0152587890625,0,0,-0.0152587890625,0,-9.0183532824970354E-07,0,0.0002,0,0,0
678.75,0,0.0152587890625,0,0,-0.0152587890625,0,-8.9368123844146683E-07,0,0.0006,0,0,0
678.875,0,0.0152587890625,0,0,-0.0152587890625,0,-8.8567927576162454E-07,0,0,0,0,0
679,0,0.00762939453125,0,-0.06103515625,-0.00762939453125,0,-1.6705724212334532E-08,0,0,0,0,0
679.125,0,0.00762939453125,0,0,-0.00762939453125,0,-2.0729573103464734E-08,0,-0.0002,0,0,0
679.25,0,0.0152587890625,0,0.06103515625,-0.0152587890625,0,-8.857992287156159E-07,0,-0.0002,0,0,0
679.375,0,0.011444091796875,0,-0.030517578125,-0.011444091796875,0,-4.4738387817461628E-07,0,0,0,0,0
679.5,0,0.00762939453125,0,-0.030517578125,-0.00762939453125,0,-1.4980082562738593E-08,0,0,0,0,0
679.625,0,0.00762939453125,0,0,-0.00762939453125,0,-1.9036125961773969E-08,0,0,0,0,0
679.75,0,0.011444091796875,0,0.030517578125,-0.011444091796875,0,-4.535769365278511E-07,0,-0.0008,0,0,0
679.875,0,0.003814697265625,0,-0.06103515625,-0.003814697265625,0,4.0950283906020613E-07,0,0.0006,0,0,0
680,0,0.003814697265625,0,0,-0.003814697265625,0,3.9969517169340792E-07,0,0.0008,0,0,0
680.125,0,0.00762939453125,0,0.030517578125,-0.00762939453125,0,-4.0489957419668155E-08,0,0,0,0,0
680.25,0,0.011444091796875,0,0.030517578125,-0.011444091796875,0,-4.7463051365331817E-07,0,0,0,0,0
680.375,0,0.011444091796875,0,0,-0.011444091796875,0,-4.7227882892656577E-07,0,0.001,0,0,0
680.5,0,0.00762939453125,0,-0.030517578125,-0.00762939453125,0,-3.9410579591651127E-08,0,0.0002,0,0,0
680.625,0,0.00762939453125,0,0,-0.00762939453125,0,-4.3010834368576686E-08,0,0,0,0,0
680.75,0,0.00762939453125,0,0,-0.00762939453125,0,-4.6543920836888746E-08,0,-0.0004,0,0,0
680.875,0,0.011444091796875,0,0.030517578125,-0.011444091796875,0,-4.8057153104078862E-07,0,0.0004,0,0,0
681,0,0.003814697265625,0,-0.06103515625,-0.003814697265625,0,3.8301187036474186E-07,0,0.0004,0,0,0
681.125,0,0.011444091796875,0,0.06103515625,-0.011444091796875,0,-4.8742244493288681E-07,0,0.0002,0,0,0
681.25,0,0.011444091796875,0,0,-0.011444091796875,0,-4.8483210698818559E-07,0,0,0,0,0
681.375,0,0.011444091796875,0,0,-0.011444091796875,0,-4.822900957951348E-07,0,-0.0006,0,0,0
681.5,0,0.011444091796875,0,0,-0.011444091796875,0,-4.797955097436069E-07,0,0.0012,0,0,0
681.625,0,0.00762939453125,0,-0.030517578125,-0.00762939453125,0,-4.6787025128649288E-08,0,-0.0002,0,0,0
681.75,0,0.00762939453125,0,0,-0.00762939453125,0,-5.0249660931085807E-08,0,-0.0004,0,0,0
681.875,0,0.00762939453125,0,0,-0.00762939453125,0,-5.3647695919245282E-08,0,0,0,0,0
682,0,0.0152587890625,0,0.06103515625,-0.0152587890625,0,-9.1810321315251332E-07,0,0,0,0,0
682.125,0,0.011444091796875,0,-0.030517578125,-0.011444091796875,0,-4.7908518193179905E-07,0,0,0,0,0
682.25,0,0.011444091796875,0,0,-0.011444091796875,0,-4.7665038849406945E-07,0,0,0,0,0
682.375,0,0.011444091796875,0,0,-0.011444091796875,0,-4.7426101988518353E-07,0,0,0,0,0
682.5,0,0.011444091796875,0,0,-0.011444091796875,0,-4.7191622863486171E-07,0,-0.0002,0,0,0
682.625,0,0.003814697265625,0,-0.06103515625,-0.003814697265625,0,3.9150569474781594E-07,0,0.0004,0,0,0
682.75,0,0.00762939453125,0,0.030517578125,-0.00762939453125,0,-4.8526647035210562E-08,0,-0.0004,0,0,0
682.875,0,0.00762939453125,0,0,-0.00762939453125,0,-5.1956827506474524E-08,0,0,0,0,0
683,0,0.00762939453125,0,0,-0.00762939453125,0,-5.5323012667748063E-08,0,0.0002,0,0,0
683.125,0,0.011444091796875,0,0.030517578125,-0.011444091796875,0,-4.8918683536604678E-07,0,0,0,0,0
683.25,0,0.00762939453125,0,-0.030517578125,-0.00762939453125,0,-5.6003141079334625E-08,0,-0.0002,0,0,0
683.375,0,0.00762939453125,0,0,-0.00762939453125,0,-5.9293836016818794E-08,0,0,0,0,0
683.5,0,0.0152587890625,0,0.06103515625,-0.0152587890625,0,-9.2364401579369913E-07,0,-0.0004,0,0,0
683.625,0,0.00762939453125,0,-0.06103515625,-0.00762939453125,0,-5.3962173433645012E-08,0,0.0002,0,0,0
683.75,0,0.011444091796875,0,0.030517578125,-0.011444091796875,0,-4.8785138468784132E-07,0,-0.0008,0,0,0
683.875,0,0.011444091796875,0,0,-0.011444091796875,0,-4.85253044210091E-07,0,-0.0004,0,0,0
684,0,0.011444091796875,0,0,-0.011444091796875,0,-4.8270317978359446E-07,0,-0.0002,0,0,0
684.125,0,0.00762939453125,0,-0.030517578125,-0.00762939453125,0,-4.9640448097056261E-08,0,0.0002,0,0,0
684.25,0,0.00762939453125,0,0,-0.00762939453125,0,-5.3049848890744188E-08,0,0.001,0,0,0
684.375,0,0.00762939453125,0,0,-0.00762939453125,0,-5.6395642051393124E-08,0,-0.0006,0,0,0
684.5,0,0.011444091796875,0,0.030517578125,-0.011444091796875,0,-4.90239453193307E-07,0,-0.0002,0,0,0
684.625,0,0.00762939453125,0,-0.030517578125,-0.00762939453125,0,-5.7036120696675064E-08,0,-0.0004,0,0,0
684.75,0,0.003814697265625,0,-0.030517578125,-0.003814697265625,0,3.7025289511040269E-07,0,-0.0002,0,0,0
684.875,0,0.003814697265625,0,0,-0.003814697265625,0,3.6117749601672216E-07,0,0,0,0,0
685,0,0.011444091796875,0,0.06103515625,-0.011444091796875,0,-5.0884946533362751E-07,0,-0.0004,0,0,0
685.125,0,0.00762939453125,0,-0.030517578125,-0.00762939453125,0,-7.5298934342390931E-08,0,0.0008,0,0,0
685.25,0,0.011444091796875,0,0.030517578125,-0.011444091796875,0,-5.0879007539591252E-07,0,0.0002,0,0,0
685.375,0,0.00762939453125,0,-0.030517578125,-0.00762939453125,0,-7.524065241561187E-08,0,0.0002,0,0,0
685.5,0,0.00762939453125,0,0,-0.00762939453125,0,-7.8172441892662432E-08,0,0.0006,0,0,0
685.625,0,0.00762939453125,0,0,-0.00762939453125,0,-8.104953431281401E-08,0,0,0,0,0
685.75,0,0.011444091796875,0,0.030517578125,-0.011444091796875,0,-5.1443338904982215E-07,0,-0.001,0,0,0
685.875,0,0.011444091796875,0,0,-0.011444091796875,0,-5.1133912026055507E-07,0,-0.0002,0,0,0
686,0,0.011444091796875,0,0,-0.011444091796875,0,-5.0830257983048712E-07,0,0.0002,0,0,0
686.125,0,0.0152587890625,0,0.030517578125,-0.0152587890625,0,-9.3588312966374678E-07,0,-0.0002,0,0,0
686.25,0,0.0152587890625,0,0,-0.0152587890625,0,-9.2709382557910756E-07,0,0.0004,0,0,0
686.375,0,0.003814697265625,0,-0.091552734375,-0.003814697265625,0,3.7321281722183644E-07,0,-0.0002,0,0,0
686.5,0,0.011444091796875,0,0.06103515625,-0.011444091796875,0,-4.9703868161795669E-07,0,0.0008,0,0,0
686.625,0,0.003814697265625,0,-0.06103515625,-0.003814697265625,0,3.668519398929511E-07,0,0.0004,0,0,0
686.75,0,0.003814697265625,0,0,-0.003814697265625,0,3.5783999086705204E-07,0,0,0,0,0
686.875,0,0.00762939453125,0,0.030517578125,-0.00762939453125,0,-8.1564265258690807E-08,0,-0.0006,0,0,0
687,0,0.011444091796875,0,0.030517578125,-0.011444091796875,0,-5.1493851689559408E-07,0,0.0006,0,0,0
687.125,0,0.011444091796875,0,0,-0.011444091796875,0,-5.1183482416687378E-07,0,0.0002,0,0,0
687.25,0,0.00762939453125,0,-0.030517578125,-0.00762939453125,0,-7.8228596699732563E-08,0,-0.0004,0,0,0
687.375,0,0.011444091796875,0,0.030517578125,-0.011444091796875,0,-5.1166508038105574E-07,0,0.0008,0,0,0
687.5,0,0.00762939453125,0,-0.030517578125,-0.00762939453125,0,-7.8062019746179928E-08,0,-0.001,0,0,0
687.625,0,0.003814697265625,0,-0.030517578125,-0.003814697265625,0,3.4961926665388054E-07,0,0.0002,0,0,0
687.75,0,0.011444091796875,0,0.06103515625,-0.011444091796875,0,-5.2019205809156977E-07,0,0,0,0,0
687.875,0,0.00762939453125,0,-0.030517578125,-0.00762939453125,0,-8.6429913529058912E-08,0,0.0008,0,0,0
688,0,0.00762939453125,0,0,-0.00762939453125,0,-8.9152950073277636E-08,0,0,0,0,0
688.125,0,0.00762939453125,0,0,-0.00762939453125,0,-9.1825184168697407E-08,0,0.0004,0,0,0
688.25,0,0.00762939453125,0,0,-0.00762939453125,0,-9.444756361339662E-08,0,0.0002,0,0,0
688.375,0,0.00762939453125,0,0,-0.00762939453125,0,-9.70210185228179E-08,0,-0.0004,0,0,0
688.5,0,0.011444091796875,0,0.030517578125,-0.011444091796875,0,-5.30106900575418E-07,0,-0.0002,0,0,0
688.625,0,0.011444091796875,0,0,-0.011444091796875,0,-5.2672021824198857E-07,0,0.0004,0,0,0
688.75,0,0.011444091796875,0,0,-0.011444091796875,0,-5.2339671969366387E-07,0,0.0008,0,0,0
688.875,0,0.011444091796875,0,0,-0.011444091796875,0,-5.2013522613943051E-07,0,-0.001,0,0,0
689,0,0.00762939453125,0,-0.030517578125,-0.00762939453125,0,-8.637414186468727E-08,0,0.0008,0,0,0
689.125,0,0.011444091796875,0,0.030517578125,-0.011444091796875,0,-5.1965865783112221E-07,0,-0.0002,0,0,0
689.25,0,0.00762939453125,0,-0.030517578125,-0.00762939453125,0,-8.5906464673589019E-08,0,0,0,0,0
689.375,0,0.011444091796875,0,0.030517578125,-0.011444091796875,0,-5.191997058797221E-07,0,0.0002,0,0,0
689.5,0,0.011444091796875,0,0,-0.011444091796875,0,-5.1601651409482925E-07,0,0,0,0,0
689.625,0,0.00762939453125,0,-0.030517578125,-0.00762939453125,0,-8.2332270749087774E-08,0,-0.0002,0,0,0
689.75,0,0.011444091796875,0,0.030517578125,-0.011444091796875,0,-5.1569219405841653E-07,0,0,0,0,0
689.875,0,0.011444091796875,0,0,-0.011444091796875,0,-5.125744403191833E-07,0,0.0012,0,0,0
690,0,0.003814697265625,0,-0.06103515625,-0.003814697265625,0,3.5160602474437434E-07,0,-0.0008,0,0,0
690.125,0,0.011444091796875,0,0.06103515625,-0.011444091796875,0,-5.1824236603912913E-07,0,0.0004,0,0,0
690.25,0,0.00762939453125,0,-0.030517578125,-0.00762939453125,0,-8.4516595990532877E-08,0,0.0006,0,0,0
690.375,0,0.019073486328125,0,0.091552734375,-0.019073486328125,0,-1.3789566451732369E-06,0,-0.0002,0,0,0
690.5,0,0.00762939453125,0,-0.091552734375,-0.00762939453125,0,-7.2387564156460253E-08,0,0.0002,0,0,0
690.625,0,0.011444091796875,0,0.030517578125,-0.011444091796875,0,-5.0593302131349476E-07,0,0.0006,0,0,0
690.75,0,0.0152587890625,0,0.030517578125,-0.0152587890625,0,-9.3355777891748416E-07,0,-0.0002,0,0,0
690.875,0,0.00762939453125,0,-0.06103515625,-0.00762939453125,0,-6.36909800078861E-08,0,-0.0006,0,0,0
691,0,0.011444091796875,0,0.030517578125,-0.011444091796875,0,-4.9739868536238673E-07,0,0.0004,0,0,0
691.125,0,0.00762939453125,0,-0.030517578125,-0.00762939453125,0,-6.4061786341838171E-08,0,0,0,0,0
691.25,0,0.011444091796875,0,0.030517578125,-0.011444091796875,0,-4.9776257373196733E-07,0,0.0014,0,0,0
691.375,0,0.00762939453125,0,-0.030517578125,-0.00762939453125,0,-6.4418885812348188E-08,0,-0.0002,0,0,0
691.5,0,0.011444091796875,0,0.030517578125,-0.011444091796875,0,-4.9811301096079531E-07,0,0.0002,0,0,0
691.625,0,0.011444091796875,0,0,-0.011444091796875,0,-4.9532322400964666E-07,0,0.0002,0,0,0
691.75,0,0.0152587890625,0,0.030517578125,-0.0152587890625,0,-9.2314592375489761E-07,0,0,0,0,0
691.875,0,0.011444091796875,0,-0.030517578125,-0.011444091796875,0,-4.8403381298621347E-07,0,-0.0004,0,0,0
692,0,0.0152587890625,0,0.030517578125,-0.0152587890625,0,-9.1206713411541387E-07,0,0.0004,0,0,0
692.125,0,0.011444091796875,0,-0.030517578125,-0.011444091796875,0,-4.7316171526374024E-07,0,-0.0006,0,0,0
692.25,0,0.0152587890625,0,0.030517578125,-0.0152587890625,0,-9.013978721532817E-07,0,0.0006,0,0,0
692.375,0,0.0152587890625,0,0,-0.0152587890625,0,-8.9325194376358616E-07,0,0.0004,0,0,0
692.5,0,0.00762939453125,0,-0.06103515625,-0.00762939453125,0,-2.4137112406921572E-08,0,-0.0002,0,0,0
692.625,0,0.0152587890625,0,0.06103515625,-0.0152587890625,0,-8.8914319511500662E-07,0,-0.0002,0,0,0
692.75,0,0.011444091796875,0,-0.030517578125,-0.011444091796875,0,-4.5066545772056895E-07,0,0,0,0,0
692.875,0,0.00762939453125,0,-0.030517578125,-0.00762939453125,0,-1.8200439178276767E-08,0,0.0004,0,0,0
693,0,0.011444091796875,0,0.030517578125,-0.011444091796875,0,-4.52756840770894E-07,0,-0.0002,0,0,0
693.125,0,0.011444091796875,0,0,-0.011444091796875,0,-4.5081324316622356E-07,0,0,0,0,0
693.25,0,0.00762939453125,0,-0.030517578125,-0.00762939453125,0,-1.8345467458386884E-08,0,0.0002,0,0,0
693.375,0,0.00762939453125,0,0,-0.00762939453125,0,-2.2338724408884542E-08,0,0.0004,0,0,0
693.5,0,0.0152587890625,0,0.06103515625,-0.0152587890625,0,-8.8737835882026376E-07,0,-0.001,0,0,0
693.625,0,0.011444091796875,0,-0.030517578125,-0.011444091796875,0,-4.4893354717031989E-07,0,0,0,0,0
693.75,0,0.0152587890625,0,0.030517578125,-0.0152587890625,0,-8.7762171792345467E-07,0,-0.0008,0,0,0
693.875,0,0.011444091796875,0,-0.030517578125,-0.011444091796875,0,-4.3935893146544669E-07,0,0,0,0,0
694,0,0.011444091796875,0,0,-0.011444091796875,0,-4.3766529253391562E-07,0,0.0004,0,0,0
694.125,0,0.011444091796875,0,0,-0.011444091796875,0,-4.3600325105019906E-07,0,0.001,0,0,0
694.25,0,0.011444091796875,0,0,-0.011444091796875,0,-4.3437221751514827E-07,0,-0.0002,0,0,0
694.375,0,0.00762939453125,0,-0.030517578125,-0.00762939453125,0,-2.2111745118778273E-09,0,0,0,0,0
694.5,0,0.011444091796875,0,0.030517578125,-0.011444091796875,0,-4.3706588051075512E-07,0,-0.0008,0,0,0
694.625,0,0.00762939453125,0,-0.030517578125,-0.00762939453125,0,-4.8545830675629963E-09,0,-0.0004,0,0,0
694.75,0,0.003814697265625,0,-0.030517578125,-0.003814697265625,0,4.2146090563086047E-07,0,0,0,0,0
694.875,0,0.011444091796875,0,0.06103515625,-0.011444091796875,0,-4.4969073575246571E-07,0,0,0,0,0
695,0,0.00762939453125,0,-0.030517578125,-0.00762939453125,0,-1.7243902152635212E-08,0,0.0002,0,0,0
695.125,0,0.011444091796875,0,0.030517578125,-0.011444091796875,0,-4.5181814941955039E-07,0,0.0002,0,0,0
695.25,0,0.011444091796875,0,0,-0.011444091796875,0,-4.4989206455058516E-07,0,-0.0006,0,0,0
695.375,0,0.011444091796875,0,0,-0.011444091796875,0,-4.4800191376709733E-07,0,0.0002,0,0,0
695.5,0,0.011444091796875,0,0,-0.011444091796875,0,-4.4614702666327049E-07,0,0.0002,0,0,0
695.625,0,0.0152587890625,0,0.030517578125,-0.0152587890625,0,-8.7488718425649637E-07,0,0.0006,0,0,0
695.75,0,0.011444091796875,0,-0.030517578125,-0.011444091796875,0,-4.3667541474385391E-07,0,0.0004,0,0,0
695.875,0,0.0152587890625,0,0.030517578125,-0.0152587890625,0,-8.6559227987359862E-07,0,-0.0008,0,0,0
696,0,0.00762939453125,0,-0.06103515625,-0.00762939453125,0,3.0065177700588711E-09,0,0,0,0,0
696.125,0,0.011444091796875,0,0.030517578125,-0.011444091796875,0,-4.319455323300441E-07,0,0.0008,0,0,0
696.25,0,0.00762939453125,0,-0.030517578125,-0.00762939453125,0,1.7023711634764523E-10,0,-0.0008,0,0,0
696.375,0,0.011444091796875,0,0.030517578125,-0.011444091796875,0,-4.3472889779134064E-07,0,0.0002,0,0,0
696.5,0,0.00762939453125,0,-0.030517578125,-0.00762939453125,0,-2.5612003671049824E-09,0,0.0004,0,0,0
696.625,0,0.0152587890625,0,0.06103515625,-0.0152587890625,0,-8.6796981500926217E-07,0,0,0,0,0
696.75,0,0.011444091796875,0,-0.030517578125,-0.011444091796875,0,-4.2988709969449746E-07,0,0,0,0,0
696.875,0,0.00762939453125,0,-0.030517578125,-0.00762939453125,0,2.1902665145982512E-09,0,-0.001,0,0,0
697,0,0.00762939453125,0,0,-0.00762939453125,0,-2.1861162429791167E-09,0,0,0,0,0
697.125,0,0.011444091796875,0,0.030517578125,-0.011444091796875,0,-4.3704128974253149E-07,0,0.001,0,0,0
697.25,0,0.00762939453125,0,-0.030517578125,-0.00762939453125,0,-4.8304510780679752E-09,0,0.0006,0,0,0
697.375,0,0.011444091796875,0,0.030517578125,-0.011444091796875,0,-4.3963629043065413E-07,0,-0.0002,0,0,0
697.5,0,0.011444091796875,0,0,-0.011444091796875,0,-4.3793747693961928E-07,0,0,0,0,0
697.625,0,0.003814697265625,0,-0.06103515625,-0.003814697265625,0,4.2485052039571445E-07,0,0.001,0,0,0
697.75,0,0.011444091796875,0,0.06103515625,-0.011444091796875,0,-4.463643594817499E-07,0,0.0002,0,0,0
697.875,0,0.011444091796875,0,0,-0.011444091796875,0,-4.4454002348011576E-07,0,-0.0002,0,0,0
698,0,0.011444091796875,0,0,-0.011444091796875,0,-4.4274972328182471E-07,0,0.0008,0,0,0
698.125,0,0.011444091796875,0,0,-0.011444091796875,0,-4.4099282389644287E-07,0,0.0002,0,0,0
698.25,0,0.0152587890625,0,0.030517578125,-0.0152587890625,0,-8.698291410960159E-07,0,0.0002,0,0,0
698.375,0,0.011444091796875,0,-0.030517578125,-0.011444091796875,0,-4.3171173718387512E-07,0,0.0002,0,0,0
698.5,0,0.00762939453125,0,-0.030517578125,-0.00762939453125,0,3.9967045328279723E-10,0,0,0,0,0
698.625,0,0.00762939453125,0,0,-0.00762939453125,0,-3.9433059716040659E-09,0,0.0006,0,0,0
698.75,0,0.011444091796875,0,0.030517578125,-0.011444091796875,0,-4.3876569638515341E-07,0,0.0004,0,0,0
698.875,0,0.011444091796875,0,0,-0.011444091796875,0,-4.3708312516949865E-07,0,0.0002,0,0,0
699,0,0.011444091796875,0,0,-0.011444091796875,0,-4.3543194491633955E-07,0,0,0,0,0
699.125,0,0.011444091796875,0,0,-0.011444091796875,0,-4.3381156997882965E-07,0,-0.0002,0,0,0
699.25,0,0.00762939453125,0,-0.030517578125,-0.00762939453125,0,-1.6609867205150832E-09,0,-0.001,0,0,0
699.375,0,0.011444091796875,0,0.030517578125,-0.011444091796875,0,-4.3652595732166505E-07,0,0,0,0,0
699.5,0,0.00762939453125,0,-0.030517578125,-0.00762939453125,0,-4.3247329787504232E-09,0,0.0008,0,0,0
699.625,0,0.00762939453125,0,0,-0.00762939453125,0,-8.5795683671275127E-09,0,0.0002,0,0,0
699.75,0,0.011444091796875,0,0.030517578125,-0.011444091796875,0,-4.4331546215121839E-07,0,0,0,0,0
699.875,0,0.011444091796875,0,0,-0.011444091796875,0,-4.4154800803420542E-07,0,-0.0006,0,0,0
700,0,0.00762939453125,0,-0.030517578125,-0.00762939453125,0,-9.2530895854473509E-09,0,0.0002,0,0,0
700.125,0,0.011444091796875,0,0.030517578125,-0.011444091796875,0,-4.4397641779186311E-07,0,0.0002,0,0,0
700.25,0,0.003814697265625,0,-0.06103515625,-0.003814697265625,0,4.18924245304089E-07,0,-0.0014,0,0,0
700.375,0,0.003814697265625,0,0,-0.003814697265625,0,4.0894080706512415E-07,0,-0.0008,0,0,0
700.5,0,0.00762939453125,0,0.030517578125,-0.00762939453125,0,-3.1416813643256652E-08,0,-0.0002,0,0,0
700.625,0,0.011444091796875,0,0.030517578125,-0.011444091796875,0,-4.657266433753198E-07,0,0,0,0,0
700.75,0,0.0152587890625,0,0.030517578125,-0.0152587890625,0,-8.9410151300440555E-07,0,0.0008,0,0,0
700.875,0,0.00762939453125,0,-0.06103515625,-0.00762939453125,0,-2.4970831622536752E-08,0,0.0004,0,0,0
701,0,0.011444091796875,0,0.030517578125,-0.011444091796875,0,-4.5940092109634365E-07,0,-0.0002,0,0,0
701.125,0,0.011444091796875,0,0,-0.011444091796875,0,-4.5733336792035838E-07,0,0,0,0,0
701.25,0,0.0152587890625,0,0.030517578125,-0.0152587890625,0,-8.8586482705517854E-07,0,0,0,0,0
701.375,0,0.00762939453125,0,-0.06103515625,-0.00762939453125,0,-1.6887813760172943E-08,0,0,0,0,0
701.5,0,0.011444091796875,0,0.030517578125,-0.011444091796875,0,-4.5146870440554896E-07,0,-0.0002,0,0,0
701.625,0,0.00762939453125,0,-0.030517578125,-0.00762939453125,0,-1.8988700056814612E-08,0,0,0,0,0
701.75,0,0.0152587890625,0,0.06103515625,-0.0152587890625,0,-8.8409083434208742E-07,0,0.0004,0,0,0
701.875,0,0.00762939453125,0,-0.06103515625,-0.00762939453125,0,-1.5146917618689607E-08,0,0,0,0,0
702,0,0.0152587890625,0,0.06103515625,-0.0152587890625,0,-8.8032072628381011E-07,0,0,0,0,0
702.125,0,0.0152587890625,0,0,-0.0152587890625,0,-8.7256802457560554E-07,0,-0.0008,0,0,0
702.25,0,0.011444091796875,0,-0.030517578125,-0.011444091796875,0,-4.3439952256563218E-07,0,-0.0002,0,0,0
702.375,0,0.00762939453125,0,-0.030517578125,-0.00762939453125,0,-2.2379701445090555E-09,0,0,0,0,0
702.5,0,0.00762939453125,0,0,-0.00762939453125,0,-6.5317373137567192E-09,0,0,0,0,0
702.625,0,0.011444091796875,0,0.030517578125,-0.011444091796875,0,-4.4130583654626829E-07,0,0.0008,0,0,0
702.75,0,0.011444091796875,0,0,-0.011444091796875,0,-4.3957587509607878E-07,0,0.0004,0,0,0
702.875,0,0.011444091796875,0,0,-0.011444091796875,0,-4.3787818874634068E-07,0,0.0004,0,0,0
703,0,0.011444091796875,0,0,-0.011444091796875,0,-4.3621217535524955E-07,0,0,0,0,0
703.125,0,0.00762939453125,0,-0.030517578125,-0.00762939453125,0,-4.0168050991325105E-09,0,0.0006,0,0,0
703.25,0,0.011444091796875,0,0.030517578125,-0.011444091796875,0,-4.3883782427303728E-07,0,-0.0004,0,0,0
703.375,0,0.011444091796875,0,0,-0.011444091796875,0,-4.3715390740032959E-07,0,0.0004,0,0,0
703.5,0,0.011444091796875,0,0,-0.011444091796875,0,-4.3550140659542644E-07,0,0,0,0,0
703.625,0,0.00762939453125,0,-0.030517578125,-0.00762939453125,0,-3.3192968273500124E-09,0,0.0006,0,0,0
703.75,0,0.011444091796875,0,0.030517578125,-0.011444091796875,0,-4.38153329094428E-07,0,0,0,0,0
703.875,0,0.011444091796875,0,0,-0.011444091796875,0,-4.3648218253555921E-07,0,-0.0004,0,0,0
704,0,0.003814697265625,0,-0.06103515625,-0.003814697265625,0,4.2627866403692243E-07,0,-0.0002,0,0,0
704.125,0,0.011444091796875,0,0.06103515625,-0.011444091796875,0,-4.4496286006401518E-07,0,0.0008,0,0,0
704.25,0,0.00762939453125,0,-0.030517578125,-0.00762939453125,0,-1.2604232280996185E-08,0,-0.0008,0,0,0
704.375,0,0.00762939453125,0,0,-0.00762939453125,0,-1.6704600833341912E-08,0,-0.0002,0,0,0
704.5,0,0.003814697265625,0,-0.030517578125,-0.003814697265625,0,4.0983196823291236E-07,0,0.0002,0,0,0
704.625,0,0.011444091796875,0,0.06103515625,-0.011444091796875,0,-4.6110271737800611E-07,0,-0.0002,0,0,0
704.75,0,0.011444091796875,0,0,-0.011444091796875,0,-4.5900341456625155E-07,0,0.0002,0,0,0
704.875,0,0.00762939453125,0,-0.030517578125,-0.00762939453125,0,-2.6382838572246115E-08,0,0,0,0,0
705,0,0.00762939453125,0,0,-0.00762939453125,0,-3.0226145961708005E-08,0,0,0,0,0
705.125,0,0.011444091796875,0,0.030517578125,-0.011444091796875,0,-4.6455818943675482E-07,0,0.0002,0,0,0
705.25,0,0.00762939453125,0,-0.030517578125,-0.00762939453125,0,-3.1833980545663415E-08,0,-0.0004,0,0,0
705.375,0,0.011444091796875,0,0.030517578125,-0.011444091796875,0,-4.661360273854091E-07,0,0,0,0,0
705.5,0,0.00762939453125,0,-0.030517578125,-0.00762939453125,0,-3.3382381492537542E-08,0,0,0,0,0
705.625,0,0.00762939453125,0,0,-0.00762939453125,0,-3.7095101607444084E-08,0,-0.0002,0,0,0
705.75,0,0.011444091796875,0,0.030517578125,-0.011444091796875,0,-4.7129899411505873E-07,0,0,0,0,0
705.875,0,0.011444091796875,0,0,-0.011444091796875,0,-4.6900946402634246E-07,0,0.0002,0,0,0
706,0,0.00762939453125,0,-0.030517578125,-0.00762939453125,0,-3.6202209738777146E-08,0,0.0004,0,0,0
706.125,0,0.011444091796875,0,0.030517578125,-0.011444091796875,0,-4.7042276052207205E-07,0,0,0,0,0
706.25,0,0.00762939453125,0,-0.030517578125,-0.00762939453125,0,-3.7589139007443839E-08,0,0,0,0,0
706.375,0,0.011444091796875,0,0.030517578125,-0.011444091796875,0,-4.7178381448498536E-07,0,-0.0008,0,0,0
706.5,0,0.011444091796875,0,0,-0.011444091796875,0,-4.694852393241153E-07,0,0,0,0,0
706.625,0,0.011444091796875,0,0,-0.011444091796875,0,-4.6722954762992822E-07,0,0,0,0,0
706.75,0,0.011444091796875,0,0,-0.011444091796875,0,-4.6501593934517736E-07,0,0,0,0,0
706.875,0,0.011444091796875,0,0,-0.011444091796875,0,-4.6284362933891849E-07,0,0.0002,0,0,0
707,0,0.00762939453125,0,-0.030517578125,-0.00762939453125,0,-3.0151408212283623E-08,0,-0.0004,0,0,0
707.125,0,0.011444091796875,0,0.030517578125,-0.011444091796875,0,-4.6448484603537786E-07,0,-0.0002,0,0,0
707.25,0,0.00762939453125,0,-0.030517578125,-0.00762939453125,0,-3.1762005478619337E-08,0,0.0008,0,0,0
707.375,0,0.0152587890625,0,0.06103515625,-0.0152587890625,0,-8.9662583404006257E-07,0,0.0008,0,0,0
707.5,0,0.011444091796875,0,-0.030517578125,-0.011444091796875,0,-4.5800849646960884E-07,0,-0.0006,0,0,0
707.625,0,0.00762939453125,0,-0.030517578125,-0.00762939453125,0,-2.5406482208008803E-08,0,0.0008,0,0,0
707.75,0,0.00762939453125,0,0,-0.00762939453125,0,-2.9268005032114413E-08,0,-0.0002,0,0,0
707.875,0,0.00762939453125,0,0,-0.00762939453125,0,-3.3057485189009376E-08,0,0.0008,0,0,0
708,0,0.0152587890625,0,0.06103515625,-0.0152587890625,0,-8.9789714457732975E-07,0,-0.0002,0,0,0
708.125,0,0.011444091796875,0,-0.030517578125,-0.011444091796875,0,-4.5925608874697448E-07,0,-0.0006,0,0,0
708.25,0,0.011444091796875,0,0,-0.011444091796875,0,-4.5719123764196539E-07,0,0.0002,0,0,0
708.375,0,0.00762939453125,0,-0.030517578125,-0.00762939453125,0,-2.4604470604951842E-08,0,0,0,0,0
708.5,0,0.003814697265625,0,-0.030517578125,-0.003814697265625,0,4.0207948272261269E-07,0,0,0,0,0
708.625,0,0.00762939453125,0,0.030517578125,-0.00762939453125,0,-3.8150129392073868E-08,0,-0.0006,0,0,0
708.75,0,0.0152587890625,0,0.06103515625,-0.0152587890625,0,-9.0289477764404835E-07,0,0,0,0,0
708.875,0,0.00762939453125,0,-0.06103515625,-0.00762939453125,0,-3.36000443409597E-08,0,0.0002,0,0,0
709,0,0.00762939453125,0,0,-0.00762939453125,0,-3.7308703619541492E-08,0,-0.0006,0,0,0
709.125,0,0.00762939453125,0,0,-0.00762939453125,0,-4.0948172136246466E-08,0,0,0,0,0
709.25,0,0.00762939453125,0,0,-0.00762939453125,0,-4.4519740751509496E-08,0,0,0,0,0
709.375,0,0.00762939453125,0,0,-0.00762939453125,0,-4.8024676242772021E-08,0,0,0,0,0
709.5,0,0.00762939453125,0,0,-0.00762939453125,0,-5.1464221753787495E-08,0,0.0004,0,0,0
709.625,0,0.011444091796875,0,0.030517578125,-0.011444091796875,0,-4.8540003615129731E-07,0,0,0,0,0
709.75,0,0.00762939453125,0,-0.030517578125,-0.00762939453125,0,-5.2286990447553138E-08,0,0.0002,0,0,0
709.875,0,0.003814697265625,0,-0.030517578125,-0.003814697265625,0,3.7491342300608476E-07,0,0,0,0,0
710,0,0.011444091796875,0,0.06103515625,-0.011444091796875,0,-4.9536980325891129E-07,0,0.0004,0,0,0
710.125,0,0.00762939453125,0,-0.030517578125,-0.00762939453125,0,-6.2070756164881966E-08,0,0.0002,0,0,0
710.25,0,0.00762939453125,0,0,-0.00762939453125,0,-6.5248250379676718E-08,0,0.001,0,0,0
710.375,0,0.011444091796875,0,0.030517578125,-0.011444091796875,0,-4.9892690245228253E-07,0,-0.0004,0,0,0
710.5,0,0.0152587890625,0,0.030517578125,-0.0152587890625,0,-9.2668237001515284E-07,0,-0.0004,0,0,0
710.625,0,0.0152587890625,0,0,-0.0152587890625,0,-9.1806472029995329E-07,0,-0.0008,0,0,0
710.75,0,0.011444091796875,0,-0.030517578125,-0.011444091796875,0,-4.79047407222804E-07,0,0,0,0,0
710.875,0,0.011444091796875,0,0,-0.011444091796875,0,-4.7661331853056291E-07,0,-0.0004,0,0,0
711,0,0.0152587890625,0,0.030517578125,-0.0152587890625,0,-9.0478508043480412E-07,0,-0.0002,0,0,0
711.125,0,0.00762939453125,0,-0.06103515625,-0.00762939453125,0,-3.5455080616124269E-08,0,0.0002,0,0,0
711.25,0,0.011444091796875,0,0.030517578125,-0.011444091796875,0,-4.6968957024613803E-07,0,-0.001,0,0,0
711.375,0,0.00762939453125,0,-0.030517578125,-0.00762939453125,0,-3.6869627527533346E-08,0,-0.0002,0,0,0
711.5,0,0.011444091796875,0,0.030517578125,-0.011444091796875,0,-4.7107772660205012E-07,0,0,0,0,0
711.625,0,0.00762939453125,0,-0.030517578125,-0.00762939453125,0,-3.8231885684485949E-08,0,0.0004,0,0,0
711.75,0,0.011444091796875,0,0.030517578125,-0.011444091796875,0,-4.7241456973090974E-07,0,-0.0008,0,0,0
711.875,0,0.011444091796875,0,0,-0.011444091796875,0,-4.7010422685757405E-07,0,0.0002,0,0,0
712,0,0.00762939453125,0,-0.030517578125,-0.00762939453125,0,-3.7276548080003743E-08,0,-0.0002,0,0,0
712.125,0,0.00762939453125,0,0,-0.00762939453125,0,-4.0916616507919765E-08,0,0.0008,0,0,0
712.25,0,0.011444091796875,0,0.030517578125,-0.011444091796875,0,-4.750492127578775E-07,0,0.0002,0,0,0
712.375,0,0.011444091796875,0,0,-0.011444091796875,0,-4.7268971655321205E-07,0,-0.0002,0,0,0
712.5,0,0.00762939453125,0,-0.030517578125,-0.00762939453125,0,-3.9813801475559139E-08,0,0.0002,0,0,0
712.625,0,0.011444091796875,0,0.030517578125,-0.011444091796875,0,-4.7396697244175974E-07,0,-0.0006,0,0,0
712.75,0,0.00762939453125,0,-0.030517578125,-0.00762939453125,0,-4.1067228184502609E-08,0,0.0002,0,0,0
712.875,0,0.00762939453125,0,0,-0.00762939453125,0,-4.4636575625463519E-08,0,-0.0008,0,0,0
713,0,0.003814697265625,0,-0.030517578125,-0.003814697265625,0,3.82421107533895E-07,0,0.0006,0,0,0
713.125,0,0.00762939453125,0,0.030517578125,-0.00762939453125,0,-5.7441747255732695E-08,0,-0.0004,0,0,0
713.25,0,0.00762939453125,0,0,-0.00762939453125,0,-6.0705602775004323E-08,0,0,0,0,0
713.375,0,0.00762939453125,0,0,-0.00762939453125,0,-6.3908566032930067E-08,0,-0.0002,0,0,0
713.5,0,0.00762939453125,0,0,-0.00762939453125,0,-6.7051773068611516E-08,0,0.001,0,0,0
713.625,0,0.011444091796875,0,0.030517578125,-0.011444091796875,0,-5.0069677764234075E-07,0,0.0008,0,0,0
713.75,0,0.003814697265625,0,-0.06103515625,-0.003814697265625,0,3.6326209129490987E-07,0,0.0002,0,0,0
713.875,0,0.011444091796875,0,0.06103515625,-0.011444091796875,0,-5.0680376139720736E-07,0,0,0,0,0
714,0,0.011444091796875,0,0,-0.011444091796875,0,-5.0385183508549531E-07,0,0.0002,0,0,0
714.125,0,0.011444091796875,0,0,-0.011444091796875,0,-5.0095498151440714E-07,0,0.0002,0,0,0
714.25,0,0.0152587890625,0,0.030517578125,-0.0152587890625,0,-9.2867261213273394E-07,0,0.0004,0,0,0
714.375,0,0.011444091796875,0,-0.030517578125,-0.011444091796875,0,-4.894573924638263E-07,0,0,0,0,0
714.5,0,0.00762939453125,0,-0.030517578125,-0.00762939453125,0,-5.6268650516943559E-08,0,0.0002,0,0,0
714.625,0,0.011444091796875,0,0.030517578125,-0.011444091796875,0,-4.9011483088190009E-07,0,0,0,0,0
714.75,0,0.011444091796875,0,0,-0.011444091796875,0,-4.8747426232255206E-07,0,0.0002,0,0,0
714.875,0,0.011444091796875,0,0,-0.011444091796875,0,-4.8488295764448441E-07,0,0,0,0,0
715,0,0.00762939453125,0,-0.030517578125,-0.00762939453125,0,-5.1779558838216965E-08,0,0,0,0,0
715.125,0,0.011444091796875,0,0.030517578125,-0.011444091796875,0,-4.8570949013580286E-07,0,-0.0004,0,0,0
715.25,0,0.011444091796875,0,0,-0.011444091796875,0,-4.831511100061954E-07,0,0.001,0,0,0
715.375,0,0.011444091796875,0,0,-0.011444091796875,0,-4.80640460405882E-07,0,0.0002,0,0,0
715.5,0,0.011444091796875,0,0,-0.011444091796875,0,-4.7817665084818315E-07,0,0,0,0,0
715.625,0,0.0152587890625,0,0.030517578125,-0.0152587890625,0,-9.0631924637557552E-07,0,0.0002,0,0,0
715.75,0,0.011444091796875,0,-0.030517578125,-0.011444091796875,0,-4.6752106323956838E-07,0,-0.0002,0,0,0
715.875,0,0.011444091796875,0,0,-0.011444091796875,0,-4.6530201628126605E-07,0,0,0,0,0
716,0,0.00762939453125,0,-0.030517578125,-0.00762939453125,0,-3.2563930152550406E-08,0,0,0,0,0
716.125,0,0.011444091796875,0,0.030517578125,-0.011444091796875,0,-4.668523586559545E-07,0,0.0004,0,0,0
716.25,0,0.003814697265625,0,-0.06103515625,-0.003814697265625,0,3.9647509041793208E-07,0,0.0006,0,0,0
716.375,0,0.003814697265625,0,0,-0.003814697265625,0,3.8691047580588657E-07,0,-0.0002,0,0,0
716.5,0,0.00762939453125,0,0.030517578125,-0.00762939453125,0,-5.3036135076644689E-08,0,0.0008,0,0,0
716.625,0,0.011444091796875,0,0.030517578125,-0.011444091796875,0,-4.8694262300541125E-07,0,0.0002,0,0,0
716.75,0,0.00762939453125,0,-0.030517578125,-0.00762939453125,0,-5.3800797963453442E-08,0,-0.0002,0,0,0
716.875,0,0.00762939453125,0,0,-0.00762939453125,0,-5.7132581010320423E-08,0,0.0008,0,0,0
717,0,0.011444091796875,0,0.030517578125,-0.011444091796875,0,-4.9096264341874466E-07,0,0,0,0,0
717.125,0,0.00762939453125,0,-0.030517578125,-0.00762939453125,0,-5.7745818692462955E-08,0,0.0002,0,0,0
717.25,0,0.011444091796875,0,0.030517578125,-0.011444091796875,0,-4.9156444020560619E-07,0,-0.0002,0,0,0
717.375,0,0.011444091796875,0,0,-0.011444091796875,0,-4.8889682694735311E-07,0,-0.0006,0,0,0
717.5,0,0.003814697265625,0,-0.06103515625,-0.003814697265625,0,3.7484189570053355E-07,0,0.001,0,0,0
717.625,0,0.011444091796875,0,0.06103515625,-0.011444091796875,0,-4.9543999611219966E-07,0,0,0,0,0
717.75,0,0.011444091796875,0,0,-0.011444091796875,0,-4.9270007837792686E-07,0,-0.0006,0,0,0
717.875,0,0.00762939453125,0,-0.030517578125,-0.00762939453125,0,-5.94508391213507E-08,0,0,0,0,0
718,0,0.011444091796875,0,0.030517578125,-0.011444091796875,0,-4.9323765084728281E-07,0,0.0004,0,0,0
718.125,0,0.011444091796875,0,0,-0.011444091796875,0,-4.9053882126248641E-07,0,0.0008,0,0,0
718.25,0,0.003814697265625,0,-0.06103515625,-0.003814697265625,0,3.7323053532320024E-07,0,0.0008,0,0,0
718.375,0,0.011444091796875,0,0.06103515625,-0.011444091796875,0,-4.9702129407511554E-07,0,0,0,0,0
718.5,0,0.00762939453125,0,-0.030517578125,-0.00762939453125,0,-6.3691435871404177E-08,0,0,0,0,0
718.625,0,0.00762939453125,0,0,-0.00762939453125,0,-6.6838693805314317E-08,0,0.0006,0,0,0
718.75,0,0.00762939453125,0,0,-0.00762939453125,0,-6.99272347857616E-08,0,-0.0014,0,0,0
718.875,0,0.011444091796875,0,0.030517578125,-0.011444091796875,0,-5.0351859318387532E-07,0,0.0004,0,0,0
719,0,0.011444091796875,0,0,-0.011444091796875,0,-5.0062795675470562E-07,0,0.0002,0,0,0
719.125,0,0.011444091796875,0,0,-0.011444091796875,0,-4.9779124960882117E-07,0,0.0004,0,0,0
719.25,0,0.0152587890625,0,0.030517578125,-0.0152587890625,0,-9.2556790452797429E-07,0,0.0006,0,0,0
719.375,0,0.00762939453125,0,-0.06103515625,-0.00762939453125,0,-5.5850169054724408E-08,0,0,0,0,0
719.5,0,0.00762939453125,0,0,-0.00762939453125,0,-5.9143717921387169E-08,0,-0.0006,0,0,0
719.625,0,0.011444091796875,0,0.030517578125,-0.011444091796875,0,-4.929362594672401E-07,0,0.0004,0,0,0
719.75,0,0.0152587890625,0,0.030517578125,-0.0152587890625,0,-9.2080349171948514E-07,0,0.0004,0,0,0
719.875,0,0.011444091796875,0,-0.030517578125,-0.011444091796875,0,-4.8173508263515652E-07,0,0,0,0,0
720,0,0.0152587890625,0,0.030517578125,-0.0152587890625,0,-9.0981129012635237E-07,0,0,0,0,0
720.125,0,0.00762939453125,0,-0.06103515625,-0.00762939453125,0,-4.038751860965779E-08,0,0,0,0,0
720.25,0,0.011444091796875,0,0.030517578125,-0.011444091796875,0,-4.7452998599738749E-07,0,-0.0008,0,0,0
720.375,0,0.0152587890625,0,0.030517578125,-0.0152587890625,0,-9.0274061568493933E-07,0,0,0,0,0
720.5,0,0.011444091796875,0,-0.030517578125,-0.011444091796875,0,-4.6400919742684662E-07,0,0,0,0,0
720.625,0,0.0152587890625,0,0.030517578125,-0.0152587890625,0,-8.9241610866038586E-07,0,0.0002,0,0,0
720.75,0,0.003814697265625,0,-0.091552734375,-0.003814697265625,0,4.0724356781835872E-07,0,-0.0002,0,0,0
720.875,0,0.00762939453125,0,0.030517578125,-0.00762939453125,0,-3.3082388272770982E-08,0,0.0002,0,0,0
721,0,0.00762939453125,0,0,-0.00762939453125,0,-3.6800705224128208E-08,0,0.0004,0,0,0
721.125,0,0.00762939453125,0,0,-0.00762939453125,0,-4.0449651234819714E-08,0,-0.0008,0,0,0
721.25,0,0.00762939453125,0,0,-0.00762939453125,0,-4.403052052679371E-08,0,0.001,0,0,0
721.375,0,0.00762939453125,0,0,-0.00762939453125,0,-4.754458317629078E-08,0,0.0004,0,0,0
721.5,0,0.003814697265625,0,-0.030517578125,-0.003814697265625,0,3.7956735335143379E-07,0,-0.0006,0,0,0
721.625,0,0.011444091796875,0,0.06103515625,-0.011444091796875,0,-4.90802699165889E-07,0,0.0008,0,0,0
721.75,0,0.00762939453125,0,-0.030517578125,-0.00762939453125,0,-5.7588858446463034E-08,0,0.0004,0,0,0
721.875,0,0.003814697265625,0,-0.030517578125,-0.003814697265625,0,3.6971046953629685E-07,0,0.0012,0,0,0
722,0,0.0152587890625,0,0.091552734375,-0.0152587890625,0,-9.3103612651851168E-07,0,-0.0008,0,0,0
722.125,0,0.011444091796875,0,-0.030517578125,-0.011444091796875,0,-4.9177681184146916E-07,0,0,0,0,0
722.25,0,0.00762939453125,0,-0.030517578125,-0.00762939453125,0,-5.8544797546873724E-08,0,-0.0004,0,0,0
722.375,0,0.00762939453125,0,0,-0.00762939453125,0,-6.1788073960786915E-08,0,-0.0002,0,0,0
722.5,0,0.00762939453125,0,0,-0.00762939453125,0,-6.4970842048321432E-08,0,0,0,0,0
722.625,0,0.00762939453125,0,0,-0.00762939453125,0,-6.8094230685679565E-08,0,0,0,0,0
722.75,0,0.011444091796875,0,0.030517578125,-0.011444091796875,0,-5.0171978660388906E-07,0,-0.0006,0,0,0
722.875,0,0.00762939453125,0,-0.030517578125,-0.00762939453125,0,-6.83022707715527E-08,0,0.0004,0,0,0
723,0,0.0152587890625,0,0.06103515625,-0.0152587890625,0,-9.3248438429667537E-07,0,0.0004,0,0,0
723.125,0,0.011444091796875,0,-0.030517578125,-0.011444091796875,0,-4.9319805013589544E-07,0,0.0004,0,0,0
723.25,0,0.0152587890625,0,0.030517578125,-0.0152587890625,0,-9.2106039827923318E-07,0,-0.0002,0,0,0
723.375,0,0.003814697265625,0,-0.091552734375,-0.003814697265625,0,3.7913368162492015E-07,0,-0.0002,0,0,0
723.5,0,0.003814697265625,0,0,-0.003814697265625,0,3.6989259775438415E-07,0,0,0,0,0
723.625,0,0.011444091796875,0,0.06103515625,-0.011444091796875,0,-5.0029695726763147E-07,0,0,0,0,0
723.75,0,0.011444091796875,0,0,-0.011444091796875,0,-4.9746642542796188E-07,0,0.0008,0,0,0
723.875,0,0.011444091796875,0,0,-0.011444091796875,0,-4.9468870152770967E-07,0,0.0002,0,0,0
724,0,0.0152587890625,0,0.030517578125,-0.0152587890625,0,-9.2252323926902749E-07,0,0.0004,0,0,0
724.125,0,0.0152587890625,0,0,-0.0152587890625,0,-9.1398318455607887E-07,0,0,0,0,0
724.25,0,0.011444091796875,0,-0.030517578125,-0.011444091796875,0,-4.7504201882667246E-07,0,0.0002,0,0,0
724.375,0,0.0152587890625,0,0.030517578125,-0.0152587890625,0,-9.0324309575164818E-07,0,0.0002,0,0,0
724.5,0,0.0152587890625,0,0,-0.0152587890625,0,-8.9506274186825976E-07,0,0.0002,0,0,0
724.625,0,0.00762939453125,0,-0.06103515625,-0.00762939453125,0,-2.5914127278610988E-08,0,-0.0004,0,0,0
724.75,0,0.011444091796875,0,0.030517578125,-0.011444091796875,0,-4.6032661811630271E-07,0,0.0008,0,0,0
724.875,0,0.011444091796875,0,0,-0.011444091796875,0,-4.5824179463391644E-07,0,-0.0002,0,0,0
725,0,0.011444091796875,0,0,-0.011444091796875,0,-4.5619586675079916E-07,0,-0.0004,0,0,0
725.125,0,0.011444091796875,0,0,-0.011444091796875,0,-4.5418810880952457E-07,0,0.0002,0,0,0
725.25,0,0.00762939453125,0,-0.030517578125,-0.00762939453125,0,-2.1657369775172454E-08,0,0,0,0,0
725.375,0,0.003814697265625,0,-0.030517578125,-0.003814697265625,0,4.0497160083858013E-07,0,0.0002,0,0,0
725.5,0,0.0152587890625,0,0.091552734375,-0.0152587890625,0,-8.9643284603405172E-07,0,0,0,0,0
725.625,0,0.00762939453125,0,-0.06103515625,-0.00762939453125,0,-2.7258670036907383E-08,0,0.0002,0,0,0
725.75,0,0.011444091796875,0,0.030517578125,-0.011444091796875,0,-4.6164607635460565E-07,0,-0.0002,0,0,0
725.875,0,0.00762939453125,0,-0.030517578125,-0.00762939453125,0,-2.8976197426902654E-08,0,-0.0004,0,0,0
726,0,0.00762939453125,0,0,-0.00762939453125,0,-3.277112170497711E-08,0,0,0,0,0
726.125,0,0.019073486328125,0,0.091552734375,-0.019073486328125,0,-1.3281765625617482E-06,0,0,0,0,0
726.25,0,0.011444091796875,0,-0.06103515625,-0.011444091796875,0,-4.5311530126336316E-07,0,-0.0004,0,0,0
726.375,0,0.00762939453125,0,-0.030517578125,-0.00762939453125,0,-2.0604577109292654E-08,0,-0.0002,0,0,0
726.5,0,0.011444091796875,0,0.030517578125,-0.011444091796875,0,-4.5511612579885015E-07,0,0.0006,0,0,0
726.625,0,0.011444091796875,0,0,-0.011444091796875,0,-4.5312851209124147E-07,0,0.0006,0,0,0
726.75,0,0.00762939453125,0,-0.030517578125,-0.00762939453125,0,-2.0617541468790552E-08,0,-0.0002,0,0,0
726.875,0,0.011444091796875,0,0.030517578125,-0.011444091796875,0,-4.5512884828821559E-07,0,0.0006,0,0,0
727,0,0.011444091796875,0,0,-0.011444091796875,0,-4.53140997222935E-07,0,-0.0008,0,0,0
727.125,0,0.011444091796875,0,0,-0.011444091796875,0,-4.5119023258683888E-07,0,-0.0002,0,0,0
727.25,0,0.011444091796875,0,0,-0.011444091796875,0,-4.4927586247536069E-07,0,-0.0008,0,0,0
727.375,0,0.00762939453125,0,-0.030517578125,-0.00762939453125,0,-1.6836768976728262E-08,0,0.0008,0,0,0
727.5,0,0.00762939453125,0,0,-0.00762939453125,0,-2.085817302555636E-08,0,0.0004,0,0,0
727.625,0,0.00762939453125,0,0,-0.00762939453125,0,-2.4804551576205153E-08,0,0.0002,0,0,0
727.75,0,0.011444091796875,0,0.030517578125,-0.011444091796875,0,-4.5923774326087217E-07,0,0.0002,0,0,0
727.875,0,0.00762939453125,0,-0.030517578125,-0.00762939453125,0,-2.6612795503463174E-08,0,0.0002,0,0,0
728,0,0.011444091796875,0,0.030517578125,-0.011444091796875,0,-4.6101225160726718E-07,0,-0.0002,0,0,0
728.125,0,0.011444091796875,0,0,-0.011444091796875,0,-4.5891463657406843E-07,0,0.0004,0,0,0
728.25,0,0.011444091796875,0,0,-0.011444091796875,0,-4.5685615578625844E-07,0,0,0,0,0
728.375,0,0.0152587890625,0,0.030517578125,-0.0152587890625,0,-8.8539651804985244E-07,0,-0.0002,0,0,0
728.5,0,0.011444091796875,0,-0.030517578125,-0.011444091796875,0,-4.4698868069776746E-07,0,0,0,0,0
728.625,0,0.00762939453125,0,-0.030517578125,-0.00762939453125,0,-1.4592258104671261E-08,0,0.001,0,0,0
728.75,0,0.011444091796875,0,0.030517578125,-0.011444091796875,0,-4.4921597588319808E-07,0,0.0004,0,0,0
728.875,0,0.0152587890625,0,0.030517578125,-0.0152587890625,0,-8.77898877492863E-07,0,-0.0004,0,0,0
729,0,0.011444091796875,0,-0.030517578125,-0.011444091796875,0,-4.3963092019538766E-07,0,-0.0002,0,0,0
729.125,0,0.0152587890625,0,0.030517578125,-0.0152587890625,0,-8.68492645810132E-07,0,0.0006,0,0,0
729.25,0,0.00762939453125,0,-0.06103515625,-0.00762939453125,0,1.6026263578480319E-10,0,0.0006,0,0,0
729.375,0,0.011444091796875,0,0.030517578125,-0.011444091796875,0,-4.347386861825764E-07,0,-0.0004,0,0,0
729.5,0,0.0152587890625,0,0.030517578125,-0.0152587890625,0,-8.636916839723035E-07,0,-0.0008,0,0,0
729.625,0,0.00762939453125,0,-0.06103515625,-0.00762939453125,0,4.8716551219019491E-09,0,0,0,0,0
729.75,0,0.011444091796875,0,0.030517578125,-0.011444091796875,0,-4.3011519199369508E-07,0,0.0006,0,0,0
729.875,0,0.00762939453125,0,-0.030517578125,-0.00762939453125,0,1.9664296292238515E-09,0,-0.0004,0,0,0
730,0,0.011444091796875,0,0.030517578125,-0.011444091796875,0,-4.32966216021595E-07,0,-0.0004,0,0,0
730.125,0,0.011444091796875,0,0,-0.011444091796875,0,-4.3139184306161759E-07,0,0.0002,0,0,0
730.25,0,0.011444091796875,0,0,-0.011444091796875,0,-4.2984684245870956E-07,0,0.0002,0,0,0
730.375,0,0.011444091796875,0,0,-0.011444091796875,0,-4.2833066622622366E-07,0,-0.0002,0,0,0
730.5,0,0.011444091796875,0,0,-0.011444091796875,0,-4.2684277660104922E-07,0,-0.0004,0,0,0
730.625,0,0.011444091796875,0,0,-0.011444091796875,0,-4.2538264585287623E-07,0,0.0008,0,0,0
730.75,0,0.003814697265625,0,-0.06103515625,-0.003814697265625,0,4.3717112173448814E-07,0,0.0002,0,0,0
730.875,0,0.003814697265625,0,0,-0.003814697265625,0,4.2684725985796173E-07,0,-0.0004,0,0,0
731,0,0.011444091796875,0,0.06103515625,-0.011444091796875,0,-4.4440487227544863E-07,0,0.0002,0,0,0
731.125,0,0.00762939453125,0,-0.030517578125,-0.00762939453125,0,-1.2056654615686811E-08,0,0,0,0,0
731.25,0,0.011444091796875,0,0.030517578125,-0.011444091796875,0,-4.4672767799012897E-07,0,-0.0006,0,0,0
731.375,0,0.0152587890625,0,0.030517578125,-0.0152587890625,0,-8.7545700263681759E-07,0,-0.0004,0,0,0
731.5,0,0.00762939453125,0,-0.06103515625,-0.00762939453125,0,-6.6741633672192293E-09,0,-0.0002,0,0,0
731.625,0,0.0152587890625,0,0.06103515625,-0.0152587890625,0,-8.7200604433767115E-07,0,0,0,0,0
731.75,0,0.011444091796875,0,-0.030517578125,-0.011444091796875,0,-4.3384802693625889E-07,0,-0.0002,0,0,0
731.875,0,0.011444091796875,0,0,-0.011444091796875,0,-4.3225720243289784E-07,0,0.0004,0,0,0
732,0,0.0152587890625,0,0.030517578125,-0.0152587890625,0,-8.6125649613128838E-07,0,0,0,0,0
732.125,0,0.0152587890625,0,0,-0.0152587890625,0,-8.5385946705563473E-07,0,-0.0004,0,0,0
732.25,0,0.011444091796875,0,-0.030517578125,-0.011444091796875,0,-4.1604000205639425E-07,0,0,0,0,0
732.375,0,0.011444091796875,0,0,-0.011444091796875,0,-4.1478141373770371E-07,0,0.0002,0,0,0
732.5,0,0.0152587890625,0,0.030517578125,-0.0152587890625,0,-8.4410674524204793E-07,0,0,0,0,0
732.625,0,0.00762939453125,0,-0.06103515625,-0.00762939453125,0,2.4091206597555043E-08,0,-0.0002,0,0,0
732.75,0,0.0152587890625,0,0.06103515625,-0.0152587890625,0,-8.41814649825314E-07,0,0.0004,0,0,0
732.875,0,0.011444091796875,0,-0.030517578125,-0.011444091796875,0,-4.0421989947852095E-07,0,-0.0008,0,0,0
733,0,0.0152587890625,0,0.030517578125,-0.0152587890625,0,-8.337422723294202E-07,0,0.0008,0,0,0
733.125,0,0.011444091796875,0,-0.030517578125,-0.011444091796875,0,-3.9629812464174011E-07,0,0.0008,0,0,0
733.25,0,0.011444091796875,0,0,-0.011444091796875,0,-3.9540785151099015E-07,0,0.0006,0,0,0
733.375,0,0.00762939453125,0,-0.030517578125,-0.00762939453125,0,3.6026251116429594E-08,0,0,0,0,0
733.5,0,0.011444091796875,0,0.030517578125,-0.011444091796875,0,-3.9954183306380548E-07,0,0.0002,0,0,0
733.625,0,0.00762939453125,0,-0.030517578125,-0.00762939453125,0,3.1969395368854913E-08,0,-0.001,0,0,0
733.75,0,0.00762939453125,0,0,-0.00762939453125,0,2.7037437008699786E-08,0,-0.0002,0,0,0
733.875,0,0.003814697265625,0,-0.030517578125,-0.003814697265625,0,4.52757930858281E-07,0,0.0012,0,0,0
734,0,0.00762939453125,0,0.030517578125,-0.00762939453125,0,1.15828340889399E-08,0,0.0004,0,0,0
734.125,0,0.003814697265625,0,-0.030517578125,-0.003814697265625,0,4.3759165740483184E-07,0,0.0004,0,0,0
734.25,0,0.003814697265625,0,0,-0.003814697265625,0,4.2725994978642356E-07,0,-0.001,0,0,0
734.375,0,0.0152587890625,0,0.091552734375,-0.0152587890625,0,-8.7456032063019994E-07,0,-0.0002,0,0,0
734.5,0,0.00762939453125,0,-0.06103515625,-0.00762939453125,0,-5.7942103471540972E-09,0,0,0,0,0
734.625,0,0.00762939453125,0,0,-0.00762939453125,0,-1.0021630367592761E-08,0,-0.0002,0,0,0
734.75,0,0.011444091796875,0,0.030517578125,-0.011444091796875,0,-4.4473062025974028E-07,0,0.0004,0,0,0
734.875,0,0.00762939453125,0,-0.030517578125,-0.00762939453125,0,-1.2376325268651976E-08,0,0,0,0,0
735,0,0.011444091796875,0,0.030517578125,-0.011444091796875,0,-4.4704138469376181E-07,0,0,0,0,0
735.125,0,0.011444091796875,0,0,-0.011444091796875,0,-4.4520441774204297E-07,0,-0.0002,0,0,0
735.25,0,0.011444091796875,0,0,-0.011444091796875,0,-4.4340172224353257E-07,0,0.0008,0,0,0
735.375,0,0.0152587890625,0,0.030517578125,-0.0152587890625,0,-8.72193097727138E-07,0,0.0006,0,0,0
735.5,0,0.011444091796875,0,-0.030517578125,-0.011444091796875,0,-4.3403159055609293E-07,0,0,0,0,0
735.625,0,0.011444091796875,0,0,-0.011444091796875,0,-4.3243734139013683E-07,0,0,0,0,0
735.75,0,0.00762939453125,0,-0.030517578125,-0.00762939453125,0,-3.1239648679157212E-10,0,-0.0002,0,0,0
735.875,0,0.011444091796875,0,0.030517578125,-0.011444091796875,0,-4.35202527119835E-07,0,0.0002,0,0,0
736,0,0.0152587890625,0,0.030517578125,-0.0152587890625,0,-8.6414687124109924E-07,0,-0.0004,0,0,0
736.125,0,0.00762939453125,0,-0.06103515625,-0.00762939453125,0,4.424960074029967E-09,0,-0.0002,0,0,0
736.25,0,0.003814697265625,0,-0.030517578125,-0.003814697265625,0,4.3056732457537673E-07,0,-0.0008,0,0,0
736.375,0,0.011444091796875,0,0.06103515625,-0.011444091796875,0,-4.4075421110597224E-07,0,-0.0004,0,0,0
736.5,0,0.0152587890625,0,0.030517578125,-0.0152587890625,0,-8.69594979995368E-07,0,0.0006,0,0,0
736.625,0,0.00762939453125,0,-0.06103515625,-0.00762939453125,0,-9.2150580415353644E-10,0,0,0,0,0
736.75,0,0.0152587890625,0,0.06103515625,-0.0152587890625,0,-8.6636071147868486E-07,0,0,0,0,0
736.875,0,0.011444091796875,0,-0.030517578125,-0.011444091796875,0,-4.2830801647337871E-07,0,-0.0002,0,0,0
737,0,0.0152587890625,0,0.030517578125,-0.0152587890625,0,-8.5738098833004883E-07,0,-0.0004,0,0,0
737.125,0,0.011444091796875,0,-0.030517578125,-0.011444091796875,0,-4.1949582391718216E-07,0,0,0,0,0
737.25,0,0.0152587890625,0,0.030517578125,-0.0152587890625,0,-8.4873320082456409E-07,0,0.0002,0,0,0
737.375,0,0.0152587890625,0,0,-0.0152587890625,0,-8.41569813148239E-07,0,-0.0002,0,0,0
737.5,0,0.00762939453125,0,-0.06103515625,-0.00762939453125,0,2.6580808308275348E-08,0,0,0,0,0
737.625,0,0.00762939453125,0,0,-0.00762939453125,0,2.174938235515859E-08,0,-0.001,0,0,0
737.75,0,0.003814697265625,0,-0.030517578125,-0.003814697265625,0,4.4756853302458783E-07,0,0,0,0,0
737.875,0,0.011444091796875,0,0.06103515625,-0.011444091796875,0,-4.2407018643587532E-07,0,0,0,0,0
738,0,0.00762939453125,0,-0.030517578125,-0.00762939453125,0,7.8986562799839941E-09,0,-0.0002,0,0,0
738.125,0,0.011444091796875,0,0.030517578125,-0.011444091796875,0,-4.27144664213348E-07,0,0,0,0,0
738.25,0,0.00762939453125,0,-0.030517578125,-0.00762939453125,0,4.8815376298447974E-09,0,0.0002,0,0,0
738.375,0,0.011444091796875,0,0.030517578125,-0.011444091796875,0,-4.3010549385918812E-07,0,0,0,0,0
738.5,0,0.011444091796875,0,0,-0.011444091796875,0,-4.2858449208568721E-07,0,0.0004,0,0,0
738.625,0,0.0152587890625,0,0.030517578125,-0.0152587890625,0,-8.5765230586316506E-07,0,-0.0002,0,0,0
738.75,0,0.011444091796875,0,-0.030517578125,-0.011444091796875,0,-4.1976207960303321E-07,0,-0.0002,0,0,0
738.875,0,0.011444091796875,0,0,-0.011444091796875,0,-4.1843405018396883E-07,0,0.0002,0,0,0
739,0,0.011444091796875,0,0,-0.011444091796875,0,-4.1713079720307187E-07,0,-0.0008,0,0,0
739.125,0,0.011444091796875,0,0,-0.011444091796875,0,-4.1585185841765445E-07,0,-0.0002,0,0,0
739.25,0,0.011444091796875,0,0,-0.011444091796875,0,-4.1459678020887932E-07,0,0,0,0,0
739.375,0,0.011444091796875,0,0,-0.011444091796875,0,-4.1336511742086872E-07,0,0.0004,0,0,0
739.5,0,0.011444091796875,0,0,-0.011444091796875,0,-4.1215643320281461E-07,0,0,0,0,0
739.625,0,0.0152587890625,0,0.030517578125,-0.0152587890625,0,-8.4153073776978811E-07,0,0.0002,0,0,0
739.75,0,0.00762939453125,0,-0.06103515625,-0.00762939453125,0,2.6619154675241865E-08,0,0.0016,0,0,0
739.875,0,0.011444091796875,0,0.030517578125,-0.011444091796875,0,-4.0877342560427808E-07,0,0,0,0,0
740,0,0.011444091796875,0,0,-0.011444091796875,0,-4.0765040648275311E-07,0,0.0004,0,0,0
740.125,0,0.00762939453125,0,-0.030517578125,-0.00762939453125,0,2.4012099899820681E-08,0,-0.0006,0,0,0
740.25,0,0.00762939453125,0,0,-0.00762939453125,0,1.9228597165978009E-08,0,0.0008,0,0,0
740.375,0,0.00762939453125,0,0,-0.00762939453125,0,1.4534338057319727E-08,0,-0.0002,0,0,0
740.5,0,0.003814697265625,0,-0.030517578125,-0.003814697265625,0,4.4048809651205442E-07,0,-0.0008,0,0,0
740.625,0,0.011444091796875,0,0.06103515625,-0.011444091796875,0,-4.3101852647905876E-07,0,-0.0002,0,0,0
740.75,0,0,0,-0.091552734375,0,0,8.6220082607417574E-07,0,-0.0004,0,0,0
740.875,0,0.00762939453125,0,0.06103515625,-0.00762939453125,0,-1.5005738676970885E-08,0,0,0,0,0
741,0,0.00762939453125,0,0,-0.00762939453125,0,-1.9061303421603905E-08,0,-0.0006,0,0,0
741.125,0,0.011444091796875,0,0.030517578125,-0.011444091796875,0,-4.5360164426331519E-07,0,-0.0004,0,0,0
741.25,0,0.003814697265625,0,-0.06103515625,-0.003814697265625,0,4.0947859228567495E-07,0,0.0004,0,0,0
741.375,0,0.011444091796875,0,0.06103515625,-0.011444091796875,0,-4.6144950055163405E-07,0,0,0,0,0
741.5,0,0.0152587890625,0,0.030517578125,-0.0152587890625,0,-8.8990416688038849E-07,0,-0.0008,0,0,0
741.625,0,0.00762939453125,0,-0.06103515625,-0.00762939453125,0,-2.085179346761748E-08,0,-0.0006,0,0,0
741.75,0,0.011444091796875,0,0.030517578125,-0.011444091796875,0,-4.5535872995451732E-07,0,0.0006,0,0,0
741.875,0,0.00762939453125,0,-0.030517578125,-0.00762939453125,0,-2.2806151176255848E-08,0,0,0,0,0
742,0,0.011444091796875,0,0.030517578125,-0.011444091796875,0,-4.5727662610422483E-07,0,0,0,0,0
742.125,0,0.00762939453125,0,-0.030517578125,-0.00762939453125,0,-2.4688266013680219E-08,0,0.0002,0,0,0
742.25,0,0.00762939453125,0,0,-0.00762939453125,0,-2.8563188269209702E-08,0,0,0,0,0
742.375,0,0.00762939453125,0,0,-0.00762939453125,0,-3.2365817870457926E-08,0,0,0,0,0
742.5,0,0.0152587890625,0,0.06103515625,-0.0152587890625,0,-8.9721838137995551E-07,0,-0.0002,0,0,0
742.625,0,0.00762939453125,0,-0.06103515625,-0.00762939453125,0,-2.8029550008730821E-08,0,0.0002,0,0,0
742.75,0,0.0152587890625,0,0.06103515625,-0.0152587890625,0,-8.9296301328672091E-07,0,-0.001,0,0,0
742.875,0,0.011444091796875,0,-0.030517578125,-0.011444091796875,0,-4.5441401128971973E-07,0,0.0004,0,0,0
743,0,0.0152587890625,0,0.030517578125,-0.0152587890625,0,-8.8299993552750325E-07,0,-0.0002,0,0,0
743.125,0,0.00762939453125,0,-0.06103515625,-0.00762939453125,0,-1.4076371204917118E-08,0,-0.0002,0,0,0
743.25,0,0.011444091796875,0,0.030517578125,-0.011444091796875,0,-4.4870971364965211E-07,0,0,0,0,0
743.375,0,0.011444091796875,0,0,-0.011444091796875,0,-4.468416214467715E-07,0,0.0004,0,0,0
743.5,0,0.00762939453125,0,-0.030517578125,-0.00762939453125,0,-1.4447942470937798E-08,0,0.001,0,0,0
743.625,0,0.003814697265625,0,-0.030517578125,-0.003814697265625,0,4.1204652515119293E-07,0,0.0006,0,0,0
743.75,0,0.00762939453125,0,0.030517578125,-0.00762939453125,0,-2.8369037520686806E-08,0,0,0,0,0
743.875,0,0.0152587890625,0,0.06103515625,-0.0152587890625,0,-8.9329616713525957E-07,0,-0.0004,0,0,0
744,0,0.011444091796875,0,-0.030517578125,-0.011444091796875,0,-4.54740949639106E-07,0,0.0002,0,0,0
744.125,0,0.00762939453125,0,-0.030517578125,-0.00762939453125,0,-2.2199896505959163E-08,0,0.0004,0,0,0
744.25,0,0.011444091796875,0,0.030517578125,-0.011444091796875,0,-4.5668168205034727E-07,0,0,0,0,0
744.375,0,0.011444091796875,0,0,-0.011444091796875,0,-4.5466486047497147E-07,0,-0.0004,0,0,0
744.5,0,0.011444091796875,0,0,-0.011444091796875,0,-4.5268566581835195E-07,0,0,0,0,0
744.625,0,0.00762939453125,0,-0.030517578125,-0.00762939453125,0,-2.0182957176502071E-08,0,0.001,0,0,0
744.75,0,0.00762939453125,0,0,-0.00762939453125,0,-2.4141932920777459E-08,0,0.0012,0,0,0
744.875,0,0.00762939453125,0,0,-0.00762939453125,0,-2.80270478632315E-08,0,0.0002,0,0,0
745,0,0.00762939453125,0,0,-0.00762939453125,0,-3.1839679991100817E-08,0,0,0,0,0
745.125,0,0.011444091796875,0,0.030517578125,-0.011444091796875,0,-4.6614162049889676E-07,0,-0.0002,0,0,0
745.25,0,0.011444091796875,0,0,-0.011444091796875,0,-4.6394830917361515E-07,0,0.0006,0,0,0
745.375,0,0.00762939453125,0,-0.030517578125,-0.00762939453125,0,-3.123547853997219E-08,0,0,0,0,0
745.5,0,0.011444091796875,0,0.030517578125,-0.011444091796875,0,-4.6554869135821521E-07,0,-0.0002,0,0,0
745.625,0,0.011444091796875,0,0,-0.011444091796875,0,-4.6336644204103436E-07,0,0,0,0,0
745.75,0,0.011444091796875,0,0,-0.011444091796875,0,-4.6122490595241375E-07,0,0.0008,0,0,0
745.875,0,0.0152587890625,0,0.030517578125,-0.0152587890625,0,-8.896837624400009E-07,0,0.0002,0,0,0
746,0,0.011444091796875,0,-0.030517578125,-0.011444091796875,0,-4.5119593992793645E-07,0,0.0008,0,0,0
746.125,0,0,0,-0.091552734375,0,0,8.4239985341005645E-07,0,0,0,0,0
746.25,0,0.011444091796875,0,0.091552734375,-0.011444091796875,0,-4.6499773255583078E-07,0,-0.0008,0,0,0
746.375,0,0.011444091796875,0,0,-0.011444091796875,0,-4.6282576222532305E-07,0,-0.0004,0,0,0
746.5,0,0.0152587890625,0,0.030517578125,-0.0152587890625,0,-8.9125475226877025E-07,0,0,0,0,0
746.625,0,0.00762939453125,0,-0.06103515625,-0.00762939453125,0,-2.2177181601416787E-08,0,0.0004,0,0,0
746.75,0,0.00762939453125,0,0,-0.00762939453125,0,-2.6098952011648667E-08,0,-0.001,0,0,0
746.875,0,0.011444091796875,0,0.030517578125,-0.011444091796875,0,-4.605079946587324E-07,0,0.0002,0,0,0
747,0,0.0152587890625,0,0.030517578125,-0.0152587890625,0,-8.8898022623280821E-07,0,-0.0006,0,0,0
747.125,0,0.00762939453125,0,-0.06103515625,-0.00762939453125,0,-1.9945090358601132E-08,0,0,0,0,0
747.25,0,0.011444091796875,0,0.030517578125,-0.011444091796875,0,-4.5446894279118282E-07,0,0,0,0,0
747.375,0,0.011444091796875,0,0,-0.011444091796875,0,-4.5249340328128567E-07,0,0.0002,0,0,0
747.5,0,0.003814697265625,0,-0.06103515625,-0.003814697265625,0,4.105661573219975E-07,0,0.001,0,0,0
747.625,0,0.0152587890625,0,0.091552734375,-0.0152587890625,0,-8.9094266463509841E-07,0,-0.0002,0,0,0
747.75,0,0.00762939453125,0,-0.06103515625,-0.00762939453125,0,-2.187091644415063E-08,0,-0.0002,0,0,0
747.875,0,0.011444091796875,0,0.030517578125,-0.011444091796875,0,-4.5635883961925887E-07,0,0.0004,0,0,0
748,0,0.00762939453125,0,-0.030517578125,-0.00762939453125,0,-2.3787602251877754E-08,0,0,0,0,0
748.125,0,0.011444091796875,0,0.030517578125,-0.011444091796875,0,-4.5823976669550019E-07,0,0.0004,0,0,0
748.25,0,0.011444091796875,0,0,-0.011444091796875,0,-4.561938766467035E-07,0,0.0004,0,0,0
748.375,0,0.0152587890625,0,0.030517578125,-0.0152587890625,0,-8.84746594749645E-07,0,-0.0002,0,0,0
748.5,0,0.011444091796875,0,-0.030517578125,-0.011444091796875,0,-4.4635088271965761E-07,0,0.0008,0,0,0
748.625,0,0.00762939453125,0,-0.030517578125,-0.00762939453125,0,-1.3966359232063932E-08,0,0,0,0,0
748.75,0,0.00762939453125,0,0,-0.00762939453125,0,-1.8041315204164931E-08,0,-0.0002,0,0,0
748.875,0,0.00762939453125,0,0,-0.00762939453125,0,-2.2040246584319068E-08,0,0.0004,0,0,0
749,0,0.0152587890625,0,0.06103515625,-0.0152587890625,0,-8.87085449560113E-07,0,-0.0004,0,0,0
749.125,0,0,0,-0.1220703125,0,0,8.430352141628377E-07,0,0,0,0,0
749.25,0,0.003814697265625,0,0.030517578125,-0.003814697265625,0,3.9674665239315366E-07,0,0.0002,0,0,0
749.375,0,0.011444091796875,0,0.06103515625,-0.011444091796875,0,-4.7394390645810792E-07,0,-0.0006,0,0,0
749.5,0,0.011444091796875,0,0,-0.011444091796875,0,-4.7160503144812326E-07,0,-0.0002,0,0,0
749.625,0,0.00762939453125,0,-0.030517578125,-0.00762939453125,0,-3.874935284494266E-08,0,-0.0004,0,0,0
749.75,0,0.0152587890625,0,0.06103515625,-0.0152587890625,0,-9.0348282165870942E-07,0,0.0008,0,0,0
749.875,0,0.00762939453125,0,-0.06103515625,-0.00762939453125,0,-3.4177117487084314E-08,0,0,0,0,0
750,0,0.00762939453125,0,0,-0.00762939453125,0,-3.7875010575612029E-08,0,-0.0002,0,0,0
750.125,0,0.0152587890625,0,0.06103515625,-0.0152587890625,0,-9.0262479159365848E-07,0,0,0,0,0
750.25,0,0.011444091796875,0,-0.030517578125,-0.011444091796875,0,-4.6389553421272313E-07,0,-0.0008,0,0,0
750.375,0,0.0152587890625,0,0.030517578125,-0.0152587890625,0,-8.9230456600892175E-07,0,0,0,0,0
750.5,0,0.011444091796875,0,-0.030517578125,-0.011444091796875,0,-4.5376784836197386E-07,0,-0.0004,0,0,0
750.625,0,0.011444091796875,0,0,-0.011444091796875,0,-4.5180538885055075E-07,0,0.0004,0,0,0
750.75,0,0.0152587890625,0,0.030517578125,-0.0152587890625,0,-8.8043998096544492E-07,0,0,0,0,0
750.875,0,0.011444091796875,0,-0.030517578125,-0.011444091796875,0,-4.4212461546137281E-07,0,0.0012,0,0,0
751,0,0.00762939453125,0,-0.030517578125,-0.00762939453125,0,-9.8189395112664736E-09,0,0,0,0,0
751.125,0,0.011444091796875,0,0.030517578125,-0.011444091796875,0,-4.4453171091412212E-07,0,0,0,0,0
751.25,0,0.011444091796875,0,0,-0.011444091796875,0,-4.4274156579957726E-07,0,0.0006,0,0,0
751.375,0,0.011444091796875,0,0,-0.011444091796875,0,-4.40984818604615E-07,0,0,0,0,0
751.5,0,0.011444091796875,0,0,-0.011444091796875,0,-4.3926084623950738E-07,0,0,0,0,0
751.625,0,0.00762939453125,0,-0.030517578125,-0.00762939453125,0,-7.0085983234737871E-09,0,0,0,0,0
751.75,0,0.00762939453125,0,0,-0.00762939453125,0,-1.1213362062225736E-08,0,0,0,0,0
751.875,0,0.011444091796875,0,0.030517578125,-0.011444091796875,0,-4.4590011836058356E-07,0,0.0006,0,0,0
752,0,0.00762939453125,0,-0.030517578125,-0.00762939453125,0,-1.3524004577707543E-08,0,0,0,0,0
752.125,0,0.00762939453125,0,0,-0.00762939453125,0,-1.760721335850721E-08,0,-0.0002,0,0,0
752.25,0,0.011444091796875,0,0.030517578125,-0.011444091796875,0,-4.5217468249423144E-07,0,0.0004,0,0,0
752.375,0,0.0152587890625,0,0.030517578125,-0.0152587890625,0,-8.8080238486632557E-07,0,0.0006,0,0,0
752.5,0,0.011444091796875,0,-0.030517578125,-0.011444091796875,0,-4.4248025815823736E-07,0,0.0006,0,0,0
752.625,0,0.00762939453125,0,-0.030517578125,-0.00762939453125,0,-1.0167947144809343E-08,0,-0.0008,0,0,0
752.75,0,0.0152587890625,0,0.06103515625,-0.0152587890625,0,-8.7543464618744163E-07,0,0.0004,0,0,0
752.875,0,0.0152587890625,0,0,-0.0152587890625,0,-8.6777310184341211E-07,0,0.001,0,0,0
753,0,0.00762939453125,0,-0.06103515625,-0.00762939453125,0,8.6638239943785343E-10,0,-0.0008,0,0,0
753.125,0,0.011444091796875,0,0.030517578125,-0.011444091796875,0,-4.340457401727663E-07,0,-0.001,0,0,0
753.25,0,0.0152587890625,0,0.030517578125,-0.0152587890625,0,-8.6301166593962921E-07,0,0.0004,0,0,0
753.375,0,0.00762939453125,0,-0.06103515625,-0.00762939453125,0,5.5389863688037135E-09,0,0.0002,0,0,0
753.5,0,0.011444091796875,0,0.030517578125,-0.011444091796875,0,-4.2946031084099958E-07,0,-0.0006,0,0,0
753.625,0,0.019073486328125,0,0.06103515625,-0.019073486328125,0,-1.2890722237838263E-06,0,0.0004,0,0,0
753.75,0,0.011444091796875,0,-0.06103515625,-0.011444091796875,0,-4.1474051426938615E-07,0,0,0,0,0
753.875,0,0.00762939453125,0,-0.030517578125,-0.00762939453125,0,1.7054269015080136E-08,0,0,0,0,0
754,0,0.00762939453125,0,0,-0.00762939453125,0,1.2400575353401485E-08,0,0.0004,0,0,0
754.125,0,0.011444091796875,0,0.030517578125,-0.011444091796875,0,-4.2272673538740252E-07,0,-0.0008,0,0,0
754.25,0,0.011444091796875,0,0,-0.011444091796875,0,-4.2134339573975831E-07,0,0.0008,0,0,0
754.375,0,0.00762939453125,0,-0.030517578125,-0.00762939453125,0,1.0574574487805153E-08,0,-0.0004,0,0,0
754.5,0,0.011444091796875,0,0.030517578125,-0.011444091796875,0,-4.2451866938904941E-07,0,0.0004,0,0,0
754.625,0,0.00762939453125,0,-0.030517578125,-0.00762939453125,0,7.45854046837993E-09,0,0.0002,0,0,0
754.75,0,0.00762939453125,0,0,-0.00762939453125,0,2.983869930433239E-09,0,0.0008,0,0,0
754.875,0,0.00762939453125,0,0,-0.00762939453125,0,-1.4073187235193435E-09,0,-0.0006,0,0,0
755,0,0.0152587890625,0,0.06103515625,-0.0152587890625,0,-8.6683746080835546E-07,0,0.0006,0,0,0
755.125,0,0.00762939453125,0,-0.06103515625,-0.00762939453125,0,1.7845676071467084E-09,0,0.0002,0,0,0
755.25,0,0.00762939453125,0,0,-0.00762939453125,0,-2.5842462112559893E-09,0,-0.0002,0,0,0
755.375,0,0.00762939453125,0,0,-0.00762939453125,0,-6.8715530661209619E-09,0,0.0008,0,0,0
755.5,0,0.00762939453125,0,0,-0.00762939453125,0,-1.1078873595630857E-08,0,-0.0002,0,0,0
755.625,0,0.00762939453125,0,0,-0.00762939453125,0,-1.5207700068116444E-08,0,0,0,0,0
755.75,0,0.011444091796875,0,0.030517578125,-0.011444091796875,0,-4.4981993582709307E-07,0,0,0,0,0
755.875,0,0.00762939453125,0,-0.030517578125,-0.00762939453125,0,-1.7370691800494702E-08,0,-0.0004,0,0,0
756,0,0.00762939453125,0,0,-0.00762939453125,0,-2.138213469511994E-08,0,0.0004,0,0,0
756.125,0,0.00762939453125,0,0,-0.00762939453125,0,-2.531873793226913E-08,0,0.0002,0,0,0
756.25,0,0.003814697265625,0,-0.030517578125,-0.003814697265625,0,4.0137854115451148E-07,0,0,0,0,0
756.375,0,0.011444091796875,0,0.06103515625,-0.011444091796875,0,-4.69398432729314E-07,0,0.001,0,0,0
756.5,0,0.011444091796875,0,0,-0.011444091796875,0,-4.6714436054610895E-07,0,-0.0002,0,0,0
756.625,0,0.011444091796875,0,0,-0.011444091796875,0,-4.6493234155786362E-07,0,-0.0002,0,0,0
756.75,0,0.011444091796875,0,0,-0.011444091796875,0,-4.6276159119733141E-07,0,-0.0008,0,0,0
756.875,0,0,0,-0.091552734375,0,0,8.3104997721268075E-07,0,-0.0008,0,0,0
757,0,0.011444091796875,0,0.091552734375,-0.011444091796875,0,-4.7613585929813E-07,0,0,0,0,0
757.125,0,0.0152587890625,0,0.030517578125,-0.0152587890625,0,-9.0431652894114571E-07,0,0.0002,0,0,0
757.25,0,0.011444091796875,0,-0.030517578125,-0.011444091796875,0,-4.6555570958938055E-07,0,0.0002,0,0,0
757.375,0,0.0152587890625,0,0.030517578125,-0.0152587890625,0,-8.9393376825202028E-07,0,0.001,0,0,0
757.5,0,0.011444091796875,0,-0.030517578125,-0.011444091796875,0,-4.5536665532311636E-07,0,0,0,0,0
757.625,0,0.011444091796875,0,0,-0.011444091796875,0,-4.5337436760062667E-07,0,0,0,0,0
757.75,0,0.011444091796875,0,0,-0.011444091796875,0,-4.5141924908000812E-07,0,-0.0006,0,0,0
757.875,0,0.00762939453125,0,-0.030517578125,-0.00762939453125,0,-1.8940167396688935E-08,0,0.001,0,0,0
758,0,0.0152587890625,0,0.06103515625,-0.0152587890625,0,-8.8404320713362978E-07,0,-0.0002,0,0,0
758.125,0,0.00762939453125,0,-0.06103515625,-0.00762939453125,0,-1.5100178969301922E-08,0,0.0008,0,0,0
758.25,0,0.00762939453125,0,0,-0.00762939453125,0,-1.9153981784545528E-08,0,-0.0002,0,0,0
758.375,0,0.011444091796875,0,0.030517578125,-0.011444091796875,0,-4.5369259356837908E-07,0,0.0004,0,0,0
758.5,0,0.00762939453125,0,-0.030517578125,-0.00762939453125,0,-2.1171099135507206E-08,0,0.0002,0,0,0
758.625,0,0.011444091796875,0,0.030517578125,-0.011444091796875,0,-4.5567207848243452E-07,0,0.0006,0,0,0
758.75,0,0.00762939453125,0,-0.030517578125,-0.00762939453125,0,-2.3113653703839556E-08,0,0.0002,0,0,0
758.875,0,0.011444091796875,0,0.030517578125,-0.011444091796875,0,-4.5757839169763252E-07,0,0.001,0,0,0
759,0,0.003814697265625,0,-0.06103515625,-0.003814697265625,0,4.0557603721148118E-07,0,0.0008,0,0,0
759.125,0,0.00762939453125,0,0.030517578125,-0.00762939453125,0,-3.47188085229196E-08,0,0.0008,0,0,0
759.25,0,0.00762939453125,0,0,-0.00762939453125,0,-3.8406595529260763E-08,0,-0.0002,0,0,0
759.375,0,0.011444091796875,0,0.030517578125,-0.011444091796875,0,-4.72586020093926E-07,0,-0.001,0,0,0
759.5,0,0.0152587890625,0,0.030517578125,-0.0152587890625,0,-9.00832917465247E-07,0,0.0006,0,0,0
759.625,0,0.011444091796875,0,-0.030517578125,-0.011444091796875,0,-4.6213709026131608E-07,0,0.0006,0,0,0
759.75,0,0.011444091796875,0,0,-0.011444091796875,0,-4.6001848962722603E-07,0,0.0002,0,0,0
759.875,0,0.011444091796875,0,0,-0.011444091796875,0,-4.5793941475729338E-07,0,0.0004,0,0,0
760,0,0.00762939453125,0,-0.030517578125,-0.00762939453125,0,-2.5338689321640376E-08,0,0.0006,0,0,0
760.125,0,0.019073486328125,0,0.091552734375,-0.019073486328125,0,-1.3208827936739154E-06,0,-0.0002,0,0,0
760.25,0,0.0152587890625,0,-0.030517578125,-0.0152587890625,0,-8.7651804780529955E-07,0,-0.0006,0,0,0
760.375,0,0.00762939453125,0,-0.06103515625,-0.00762939453125,0,-7.7154131007263548E-09,0,0.0002,0,0,0
760.5,0,0.011444091796875,0,0.030517578125,-0.011444091796875,0,-4.424674290348372E-07,0,0,0,0,0
760.625,0,0.00762939453125,0,-0.030517578125,-0.00762939453125,0,-1.0155357368503562E-08,0,-0.0008,0,0,0
760.75,0,0.0152587890625,0,0.06103515625,-0.0152587890625,0,-8.7542229129284077E-07,0,-0.0002,0,0,0
760.875,0,0.00762939453125,0,-0.06103515625,-0.00762939453125,0,-6.6400996169293006E-09,0,0.0008,0,0,0
761,0,0.00762939453125,0,0,-0.00762939453125,0,-1.0851738267702335E-08,0,0,0,0,0
761.125,0,0.011444091796875,0,0.030517578125,-0.011444091796875,0,-4.4554524121598844E-07,0,-0.0002,0,0,0
761.25,0,0.00762939453125,0,-0.030517578125,-0.00762939453125,0,-1.3175748213875181E-08,0,0.0008,0,0,0
761.375,0,0.011444091796875,0,0.030517578125,-0.011444091796875,0,-4.4782589317030861E-07,0,-0.0004,0,0,0
761.5,0,0.00762939453125,0,-0.030517578125,-0.00762939453125,0,-1.5413851086588787E-08,0,0.0004,0,0,0
761.625,0,0.003814697265625,0,-0.030517578125,-0.003814697265625,0,4.1109863705131331E-07,0,0.0006,0,0,0
761.75,0,0.011444091796875,0,0.06103515625,-0.011444091796875,0,-4.5985968022107829E-07,0,0,0,0,0
761.875,0,0.011444091796875,0,0,-0.011444091796875,0,-4.577835681856848E-07,0,0.0008,0,0,0
762,0,0.0152587890625,0,0.030517578125,-0.0152587890625,0,-8.8630662813982671E-07,0,0.0002,0,0,0
762.125,0,0.011444091796875,0,-0.030517578125,-0.011444091796875,0,-4.4788181127957261E-07,0,0,0,0,0
762.25,0,0.00762939453125,0,-0.030517578125,-0.00762939453125,0,-1.546872595723421E-08,0,0,0,0,0
762.375,0,0.00762939453125,0,0,-0.00762939453125,0,-1.9515652959692937E-08,0,0,0,0,0
762.5,0,0.0152587890625,0,0.06103515625,-0.0152587890625,0,-8.8460795612539277E-07,0,0.0008,0,0,0
762.625,0,0.00762939453125,0,-0.06103515625,-0.00762939453125,0,-1.5654391697128502E-08,0,0.0006,0,0,0
762.75,0,0.0152587890625,0,0.06103515625,-0.0152587890625,0,-8.8081873265020481E-07,0,-0.0002,0,0,0
762.875,0,0.003814697265625,0,-0.091552734375,-0.003814697265625,0,4.18624576882525E-07,0,0,0,0,0
763,0,0.00762939453125,0,0.030517578125,-0.00762939453125,0,-2.1913709495353943E-08,0,0.0004,0,0,0
763.125,0,0.0152587890625,0,0.06103515625,-0.0152587890625,0,-8.8696127321580892E-07,0,0,0,0,0
763.25,0,0.011444091796875,0,-0.030517578125,-0.011444091796875,0,-4.4852424294144375E-07,0,-0.0004,0,0,0
763.375,0,0.011444091796875,0,0,-0.011444091796875,0,-4.4665961098083479E-07,0,0,0,0,0
763.5,0,0.00762939453125,0,-0.030517578125,-0.00762939453125,0,-1.4269327691113427E-08,0,0.0002,0,0,0
763.625,0,0.00762939453125,0,0,-0.00762939453125,0,-1.8338631319083665E-08,0,0,0,0,0
763.75,0,0.011444091796875,0,0.030517578125,-0.011444091796875,0,-4.5289245472406233E-07,0,0.0006,0,0,0
763.875,0,0.019073486328125,0,0.06103515625,-0.019073486328125,0,-1.3120672048633283E-06,0,0.0006,0,0,0
764,0,0.00762939453125,0,-0.091552734375,-0.00762939453125,0,-6.7460495762849458E-09,0,0,0,0,0
764.125,0,0.0152587890625,0,0.06103515625,-0.0152587890625,0,-8.7207658939857524E-07,0,0.0008,0,0,0
764.25,0,0.011444091796875,0,-0.030517578125,-0.011444091796875,0,-4.3391725587018988E-07,0,0.001,0,0,0
764.375,0,0.019073486328125,0,0.06103515625,-0.019073486328125,0,-1.2934460176257415E-06,0,-0.0006,0,0,0
764.5,0,0.00762939453125,0,-0.091552734375,-0.00762939453125,0,1.1527730678012839E-08,0,0.0004,0,0,0
764.625,0,0.0152587890625,0,0.06103515625,-0.0152587890625,0,-8.5414373471419059E-07,0,-0.0004,0,0,0
764.75,0,0.011444091796875,0,-0.030517578125,-0.011444091796875,0,-4.1631896626311079E-07,0,0.001,0,0,0
764.875,0,0.011444091796875,0,0,-0.011444091796875,0,-4.1505517343665906E-07,0,0,0,0,0
765,0,0.00762939453125,0,-0.030517578125,-0.00762939453125,0,1.6745480300140516E-08,0,0.0002,0,0,0
765.125,0,0.00762939453125,0,0,-0.00762939453125,0,1.2097547568447809E-08,0,0,0,0,0
765.25,0,0.011444091796875,0,0.030517578125,-0.011444091796875,0,-4.2302410972140914E-07,0,0,0,0,0
765.375,0,0.0152587890625,0,0.030517578125,-0.0152587890625,0,-8.5219566101242259E-07,0,0.0008,0,0,0
765.5,0,0.003814697265625,0,-0.091552734375,-0.003814697265625,0,4.467136409490779E-07,0,0.0002,0,0,0
765.625,0,0.011444091796875,0,0.06103515625,-0.011444091796875,0,-4.2490912918048591E-07,0,0,0,0,0
765.75,0,0.011444091796875,0,0,-0.011444091796875,0,-4.2348507360886058E-07,0,0.0006,0,0,0
765.875,0,0.011444091796875,0,0,-0.011444091796875,0,-4.2208758599146188E-07,0,0.0002,0,0,0
766,0,0.0152587890625,0,0.030517578125,-0.0152587890625,0,-8.5127660957785844E-07,0,0,0,0,0
766.125,0,0.00762939453125,0,-0.06103515625,-0.00762939453125,0,1.7055107145138679E-08,0,-0.0002,0,0,0
766.25,0,0.011444091796875,0,0.030517578125,-0.011444091796875,0,-4.1815904106890263E-07,0,0.0002,0,0,0
766.375,0,0.0152587890625,0,0.030517578125,-0.0152587890625,0,-8.4742135772318191E-07,0,0.0002,0,0,0
766.5,0,0.011444091796875,0,-0.030517578125,-0.011444091796875,0,-4.0972200558853677E-07,0,0,0,0,0
766.625,0,0.011444091796875,0,0,-0.011444091796875,0,-4.0858128924359983E-07,0,0.0008,0,0,0
766.75,0,0.003814697265625,0,-0.06103515625,-0.003814697265625,0,4.5365902310912665E-07,0,0.0008,0,0,0
766.875,0,0.011444091796875,0,0.06103515625,-0.011444091796875,0,-4.1809332384243175E-07,0,0,0,0,0
767,0,0.00762939453125,0,-0.030517578125,-0.00762939453125,0,1.3764011278523468E-08,0,0.0004,0,0,0
767.125,0,0.00762939453125,0,0,-0.00762939453125,0,9.1717024522968552E-09,0,0.0002,0,0,0
767.25,0,0.011444091796875,0,0.030517578125,-0.011444091796875,0,-4.2589536868188678E-07,0,0.0004,0,0,0
767.375,0,0.0152587890625,0,0.030517578125,-0.0152587890625,0,-8.5501335220619589E-07,0,0.0002,0,0,0
767.5,0,0.0152587890625,0,0,-0.0152587890625,0,-8.4773279861460162E-07,0,-0.0002,0,0,0
767.625,0,0.011444091796875,0,-0.030517578125,-0.011444091796875,0,-4.100276360695256E-07,0,0.0004,0,0,0
767.75,0,0.019073486328125,0,0.06103515625,-0.019073486328125,0,-1.270002095547837E-06,0,0.0004,0,0,0
767.875,0,0.011444091796875,0,-0.06103515625,-0.011444091796875,0,-3.9602616870379666E-07,0,0,0,0,0
768,0,0.0152587890625,0,0.030517578125,-0.0152587890625,0,-8.2570140824649232E-07,0,-0.0006,0,0,0
768.125,0,0.0152587890625,0,0,-0.0152587890625,0,-8.1896771420232928E-07,0,0,0,0,0
768.25,0,0.011444091796875,0,-0.030517578125,-0.011444091796875,0,-3.8179920869593834E-07,0,0.0002,0,0,0
768.375,0,0.011444091796875,0,0,-0.011444091796875,0,-3.8117943521622712E-07,0,-0.0002,0,0,0
768.5,0,0.011444091796875,0,0,-0.011444091796875,0,-3.8057122456718625E-07,0,-0.0002,0,0,0
768.625,0,0.011444091796875,0,0,-0.011444091796875,0,-3.7997436102636631E-07,0,-0.0002,0,0,0
768.75,0,0.011444091796875,0,0,-0.011444091796875,0,-3.7938863289595315E-07,0,-0.0006,0,0,0
768.875,0,0.003814697265625,0,-0.06103515625,-0.003814697265625,0,4.8230704540382419E-07,0,-0.0008,0,0,0
769,0,0.011444091796875,0,0.06103515625,-0.011444091796875,0,-3.89979774611971E-07,0,0.0006,0,0,0
769.125,0,0.00762939453125,0,-0.030517578125,-0.00762939453125,0,4.1353058864535307E-08,0,-0.0004,0,0,0
769.25,0,0.011444091796875,0,0.030517578125,-0.011444091796875,0,-3.9431440513432887E-07,0,-0.0002,0,0,0
769.375,0,0.011444091796875,0,0,-0.011444091796875,0,-3.9346114135217569E-07,0,0.0004,0,0,0
769.5,0,0.00762939453125,0,-0.030517578125,-0.00762939453125,0,3.7936642393156459E-08,0,0,0,0,0
769.625,0,0.011444091796875,0,0.030517578125,-0.011444091796875,0,-3.9766708308437517E-07,0,0.0006,0,0,0
769.75,0,0.011444091796875,0,0,-0.011444091796875,0,-3.9675126992136326E-07,0,-0.0002,0,0,0
769.875,0,0.0152587890625,0,0.030517578125,-0.0152587890625,0,-8.2641298158190191E-07,0,0,0,0,0
770,0,0.00762939453125,0,-0.06103515625,-0.00762939453125,0,4.1454865792407061E-08,0,0,0,0,0
770.125,0,0.00762939453125,0,0,-0.00762939453125,0,3.6345941343952635E-08,0,0.0004,0,0,0
770.25,0,0.00762939453125,0,0,-0.00762939453125,0,3.1332331764944723E-08,0,0,0,0,0
770.375,0,0.011444091796875,0,0.030517578125,-0.011444091796875,0,-4.0414818010634482E-07,0,0,0,0,0
770.5,0,0.011444091796875,0,0,-0.011444091796875,0,-4.03111452077053E-07,0,0,0,0,0
770.625,0,0.00762939453125,0,-0.030517578125,-0.00762939453125,0,2.8466373106773812E-08,0,-0.0002,0,0,0
770.75,0,0.00762939453125,0,0,-0.00762939453125,0,2.359976903262295E-08,0,-0.001,0,0,0
770.875,0,0.011444091796875,0,0.030517578125,-0.011444091796875,0,-4.1173647994835491E-07,0,0.0002,0,0,0
771,0,0.0152587890625,0,0.030517578125,-0.0152587890625,0,-8.4111861939134317E-07,0,0.0006,0,0,0
771.125,0,0.011444091796875,0,-0.030517578125,-0.011444091796875,0,-4.0353685456637853E-07,0,0.0002,0,0,0
771.25,0,0.0152587890625,0,0.030517578125,-0.0152587890625,0,-8.3307197067415784E-07,0,0,0,0,0
771.375,0,0.011444091796875,0,-0.030517578125,-0.011444091796875,0,-3.9564032849823583E-07,0,0.0002,0,0,0
771.5,0,0.00762939453125,0,-0.030517578125,-0.00762939453125,0,3.5798111346128916E-08,0,-0.0004,0,0,0
771.625,0,0.00762939453125,0,0,-0.00762939453125,0,3.079472238111682E-08,0,0,0,0,0
771.75,0,0.00762939453125,0,0,-0.00762939453125,0,2.5884679358250047E-08,0,-0.0004,0,0,0
771.875,0,0.0152587890625,0,0.06103515625,-0.0152587890625,0,-8.4005463706657562E-07,0,0.001,0,0,0
772,0,0.00762939453125,0,-0.06103515625,-0.00762939453125,0,2.8067716441984319E-08,0,-0.001,0,0,0
772.125,0,0.011444091796875,0,0.030517578125,-0.011444091796875,0,-4.0735188899264905E-07,0,0.0004,0,0,0
772.25,0,0.011444091796875,0,0,-0.011444091796875,0,-4.0625539083026486E-07,0,0,0,0,0
772.375,0,0.0152587890625,0,0.030517578125,-0.0152587890625,0,-8.3573978844891943E-07,0,-0.001,0,0,0
772.5,0,0.011444091796875,0,-0.030517578125,-0.011444091796875,0,-3.982583740155538E-07,0,0,0,0,0
772.625,0,0.0152587890625,0,0.030517578125,-0.0152587890625,0,-8.2789196832352056E-07,0,0.0006,0,0,0
772.75,0,0.003814697265625,0,-0.091552734375,-0.003814697265625,0,4.7056391074651168E-07,0,0,0,0,0
772.875,0,0.011444091796875,0,0.06103515625,-0.011444091796875,0,-4.0150382297077836E-07,0,0.0002,0,0,0
773,0,0.011444091796875,0,0,-0.011444091796875,0,-4.0051642950450257E-07,0,-0.0008,0,0,0
773.125,0,0.00762939453125,0,-0.030517578125,-0.00762939453125,0,3.1012981528712061E-08,0,0.0002,0,0,0
773.25,0,0.011444091796875,0,0.030517578125,-0.011444091796875,0,-4.0446157237111377E-07,0,0,0,0,0
773.375,0,0.011444091796875,0,0,-0.011444091796875,0,-4.0341899752550994E-07,0,-0.0006,0,0,0
773.5,0,0.00762939453125,0,-0.030517578125,-0.00762939453125,0,2.8164565393247961E-08,0,-0.0006,0,0,0
773.625,0,0.00762939453125,0,0,-0.00762939453125,0,2.3303592007728905E-08,0,0.0002,0,0,0
773.75,0,0.011444091796875,0,0.030517578125,-0.011444091796875,0,-4.1202713133380259E-07,0,0.0012,0,0,0
773.875,0,0.003814697265625,0,-0.06103515625,-0.003814697265625,0,4.5027746852058391E-07,0,0.0002,0,0,0
774,0,0.00762939453125,0,0.030517578125,-0.00762939453125,0,9.1486486038895639E-09,0,0,0,0,0
774.125,0,0.011444091796875,0,0.030517578125,-0.011444091796875,0,-4.2591799242517635E-07,0,0.0002,0,0,0
774.25,0,0.00762939453125,0,-0.030517578125,-0.00762939453125,0,6.0853239628638011E-09,0,0,0,0,0
774.375,0,0.00762939453125,0,0,-0.00762939453125,0,1.6362728979129686E-09,0,0.0004,0,0,0
774.5,0,0.0152587890625,0,0.06103515625,-0.0152587890625,0,-8.6385065208535353E-07,0,-0.0004,0,0,0
774.625,0,0.00762939453125,0,-0.06103515625,-0.00762939453125,0,4.71565280431322E-09,0,-0.0006,0,0,0
774.75,0,0.0152587890625,0,0.06103515625,-0.0152587890625,0,-8.6082872276306666E-07,0,-0.0002,0,0,0
774.875,0,0.011444091796875,0,-0.030517578125,-0.011444091796875,0,-4.2287923554396452E-07,0,-0.0006,0,0,0
775,0,0.0152587890625,0,0.030517578125,-0.0152587890625,0,-8.5205348968632148E-07,0,-0.0002,0,0,0
775.125,0,0.011444091796875,0,-0.030517578125,-0.011444091796875,0,-4.1426771798180795E-07,0,0,0,0,0
775.25,0,0.00762939453125,0,-0.030517578125,-0.00762939453125,0,1.7518244558315782E-08,0,0.0006,0,0,0
775.375,0,0.0152587890625,0,0.06103515625,-0.0152587890625,0,-8.4826498311461417E-07,0,0.0002,0,0,0
775.5,0,0.011444091796875,0,-0.030517578125,-0.011444091796875,0,-4.1054989184644739E-07,0,0.0002,0,0,0
775.625,0,0.00762939453125,0,-0.030517578125,-0.00762939453125,0,2.1166708909940436E-08,0,-0.0004,0,0,0
775.75,0,0.019073486328125,0,0.091552734375,-0.019073486328125,0,-1.2752450254113669E-06,0,0.0004,0,0,0
775.875,0,0.011444091796875,0,-0.06103515625,-0.011444091796875,0,-4.0117128362007066E-07,0,-0.0014,0,0,0
776,0,0.011444091796875,0,0,-0.011444091796875,0,-4.0019009418854197E-07,0,0,0,0,0
776.125,0,0.0152587890625,0,0.030517578125,-0.0152587890625,0,-8.2978764927573873E-07,0,-0.0008,0,0,0
776.25,0,0.0152587890625,0,0,-0.0152587890625,0,-8.2297772009947318E-07,0,0.0004,0,0,0
776.375,0,0.003814697265625,0,-0.091552734375,-0.003814697265625,0,4.7538647608649434E-07,0,0,0,0,0
776.5,0,0.011444091796875,0,0.06103515625,-0.011444091796875,0,-3.9677123002917725E-07,0,-0.0004,0,0,0
776.625,0,0.011444091796875,0,0,-0.011444091796875,0,-3.9587213038734987E-07,0,0.0006,0,0,0
776.75,0,0.00762939453125,0,-0.030517578125,-0.00762939453125,0,3.557063407896244E-08,0,0.0004,0,0,0
776.875,0,0.00762939453125,0,0,-0.00762939453125,0,3.0571489053401943E-08,0,0,0,0,0
777,0,0.011444091796875,0,0.030517578125,-0.011444091796875,0,-4.0489482812300582E-07,0,0,0,0,0
777.125,0,0.011444091796875,0,0,-0.011444091796875,0,-4.038441702227698E-07,0,0.0008,0,0,0
777.25,0,0.011444091796875,0,0,-0.011444091796875,0,-4.0281311396699034E-07,0,0,0,0,0
777.375,0,0.011444091796875,0,0,-0.011444091796875,0,-4.0180129365674169E-07,0,0.0002,0,0,0
777.5,0,0.003814697265625,0,-0.06103515625,-0.003814697265625,0,4.6031252741573016E-07,0,-0.0006,0,0,0
777.625,0,0.00762939453125,0,0.030517578125,-0.00762939453125,0,1.8996487989698931E-08,0,0,0,0,0
777.75,0,0.019073486328125,0,0.091552734375,-0.019073486328125,0,-1.2773747575113547E-06,0,0.0002,0,0,0
777.875,0,0.011444091796875,0,-0.06103515625,-0.011444091796875,0,-4.0326128228122718E-07,0,0.0006,0,0,0
778,0,0.00762939453125,0,-0.030517578125,-0.00762939453125,0,2.8319338216269652E-08,0,-0.0006,0,0,0
778.125,0,0.011444091796875,0,0.030517578125,-0.011444091796875,0,-4.0710496161085431E-07,0,0,0,0,0
778.25,0,0.011444091796875,0,0,-0.011444091796875,0,-4.0601307025982464E-07,0,0.0008,0,0,0
778.375,0,0.011444091796875,0,0,-0.011444091796875,0,-4.0494154982690568E-07,0,0,0,0,0
778.5,0,0.00762939453125,0,-0.030517578125,-0.00762939453125,0,2.6670418654568474E-08,0,-0.0006,0,0,0
778.625,0,0.011444091796875,0,0.030517578125,-0.011444091796875,0,-4.0872311803359407E-07,0,0,0,0,0
778.75,0,0.011444091796875,0,0,-0.011444091796875,0,-4.0760103747743258E-07,0,-0.0004,0,0,0
778.875,0,0.00762939453125,0,-0.030517578125,-0.00762939453125,0,2.4060547850162937E-08,0,0.0004,0,0,0
779,0,0.00762939453125,0,0,-0.00762939453125,0,1.9276141245043947E-08,0,0.001,0,0,0
779.125,0,0.011444091796875,0,0.030517578125,-0.011444091796875,0,-4.1597944378753025E-07,0,0,0,0,0
779.25,0,0.011444091796875,0,0,-0.011444091796875,0,-4.1472198527679612E-07,0,0.0006,0,0,0
779.375,0,0.011444091796875,0,0,-0.011444091796875,0,-4.1348798659503274E-07,0,0.0006,0,0,0
779.5,0,0.011444091796875,0,0,-0.011444091796875,0,-4.1227701006292845E-07,0,-0.0002,0,0,0
779.625,0,0.0152587890625,0,0.030517578125,-0.0152587890625,0,-8.4164906508250791E-07,0,0,0,0,0
779.75,0,0.011444091796875,0,-0.030517578125,-0.011444091796875,0,-4.0405740397461489E-07,0,-0.0006,0,0,0
779.875,0,0.011444091796875,0,0,-0.011444091796875,0,-4.0302236951414205E-07,0,0,0,0,0
780,0,0.0152587890625,0,0.030517578125,-0.0152587890625,0,-8.3256708413450079E-07,0,-0.0002,0,0,0
780.125,0,0.011444091796875,0,-0.030517578125,-0.011444091796875,0,-3.9514486139609403E-07,0,-0.0006,0,0,0
780.25,0,0.00762939453125,0,-0.030517578125,-0.00762939453125,0,3.6284334744897876E-08,0,0,0,0,0
780.375,0,0.011444091796875,0,0.030517578125,-0.011444091796875,0,-3.992885643836892E-07,0,0.0006,0,0,0
780.5,0,0.011444091796875,0,0,-0.011444091796875,0,-3.9834249998484216E-07,0,0.0004,0,0,0
780.625,0,0.011444091796875,0,0,-0.011444091796875,0,-3.9741408587727928E-07,0,0.001,0,0,0
780.75,0,0.011444091796875,0,0,-0.011444091796875,0,-3.965029927675796E-07,0,-0.0006,0,0,0
780.875,0,0.0152587890625,0,0.030517578125,-0.0152587890625,0,-8.2616933642155206E-07,0,0.0004,0,0,0
781,0,0.003814697265625,0,-0.091552734375,-0.003814697265625,0,4.7225440429206151E-07,0,0.0002,0,0,0
781.125,0,0.011444091796875,0,0.06103515625,-0.011444091796875,0,-3.9984486819101375E-07,0,0.001,0,0,0
781.25,0,0.00762939453125,0,-0.030517578125,-0.00762939453125,0,3.1672013829574819E-08,0,0.0006,0,0,0
781.375,0,0.011444091796875,0,0.030517578125,-0.011444091796875,0,-4.0381483533481241E-07,0,0.0006,0,0,0
781.5,0,0.00762939453125,0,-0.030517578125,-0.00762939453125,0,2.777611254911704E-08,0,-0.0004,0,0,0
781.625,0,0.011444091796875,0,0.030517578125,-0.011444091796875,0,-4.07638052564905E-07,0,0,0,0,0
781.75,0,0.00762939453125,0,-0.030517578125,-0.00762939453125,0,2.4024223336267308E-08,0,0.0006,0,0,0
781.875,0,0.00762939453125,0,0,-0.00762939453125,0,1.9240494421009386E-08,0,0.0004,0,0,0
782,0,0.003814697265625,0,-0.030517578125,-0.003814697265625,0,4.4510645226645231E-07,0,0.0002,0,0,0
782.125,0,0.003814697265625,0,0,-0.003814697265625,0,4.3463454455340976E-07,0,0.0002,0,0,0
782.25,0,0.011444091796875,0,0.06103515625,-0.011444091796875,0,-4.3676287139297891E-07,0,-0.0006,0,0,0
782.375,0,0.0152587890625,0,0.030517578125,-0.0152587890625,0,-8.65678104883975E-07,0,0,0,0,0
782.5,0,0.00762939453125,0,-0.06103515625,-0.00762939453125,0,2.9222939576922783E-09,0,0.0008,0,0,0
782.625,0,0.003814697265625,0,-0.030517578125,-0.003814697265625,0,4.2909269301428554E-07,0,0,0,0,0
782.75,0,0.0152587890625,0,0.091552734375,-0.0152587890625,0,-8.7276177005546E-07,0,0,0,0,0
782.875,0,0.00762939453125,0,-0.06103515625,-0.00762939453125,0,-4.0292145088275919E-09,0,-0.0004,0,0,0
783,0,0.011444091796875,0,0.030517578125,-0.011444091796875,0,-4.3885000216604487E-07,0,0.0002,0,0,0
783.125,0,0.00762939453125,0,-0.030517578125,-0.00762939453125,0,-6.6054191801976666E-09,0,0.0014,0,0,0
783.25,0,0.011444091796875,0,0.030517578125,-0.011444091796875,0,-4.4137814376378828E-07,0,0,0,0,0
783.375,0,0.003814697265625,0,-0.06103515625,-0.003814697265625,0,4.2147404452063138E-07,0,0.0008,0,0,0
783.5,0,0.00762939453125,0,0.030517578125,-0.00762939453125,0,-1.9117403073205753E-08,0,0.0006,0,0,0
783.625,0,0.00762939453125,0,0,-0.00762939453125,0,-2.3096258373592921E-08,0,-0.0002,0,0,0
783.75,0,0.00762939453125,0,0,-0.00762939453125,0,-2.7000881988362247E-08,0,0.001,0,0,0
783.875,0,0.00762939453125,0,0,-0.00762939453125,0,-3.0832658824159907E-08,0,0.0002,0,0,0
784,0,0.003814697265625,0,-0.030517578125,-0.003814697265625,0,3.9596749096569164E-07,0,-0.0002,0,0,0
784.125,0,0.011444091796875,0,0.06103515625,-0.011444091796875,0,-4.74708531426774E-07,0,0,0,0,0
784.25,0,0.0152587890625,0,0.030517578125,-0.0152587890625,0,-9.0291583007381744E-07,0,-0.0008,0,0,0
784.375,0,0.0152587890625,0,0,-0.0152587890625,0,-8.947415818366705E-07,0,0.0002,0,0,0
784.5,0,0.00762939453125,0,-0.06103515625,-0.00762939453125,0,-2.5598958983010584E-08,0,-0.0002,0,0,0
784.625,0,0.00762939453125,0,0,-0.00762939453125,0,-2.9456890855857103E-08,0,0.0002,0,0,0
784.75,0,0.011444091796875,0,0.030517578125,-0.011444091796875,0,-4.6380328597198319E-07,0,0.0002,0,0,0
784.875,0,0.00762939453125,0,-0.030517578125,-0.00762939453125,0,-3.10931609699599E-08,0,-0.0002,0,0,0
785,0,0.00762939453125,0,0,-0.00762939453125,0,-3.4848590026336456E-08,0,0.0002,0,0,0
785.125,0,0.011444091796875,0,0.030517578125,-0.011444091796875,0,-4.6909439467421152E-07,0,0,0,0,0
785.25,0,0.00762939453125,0,-0.030517578125,-0.00762939453125,0,-3.628555587434911E-08,0,-0.0008,0,0,0
785.375,0,0.00762939453125,0,0,-0.00762939453125,0,-3.9944112791115868E-08,0,0.0002,0,0,0
785.5,0,0.003814697265625,0,-0.030517578125,-0.003814697265625,0,3.8702602523287193E-07,0,-0.0004,0,0,0
785.625,0,0.011444091796875,0,0.06103515625,-0.011444091796875,0,-4.8348318031828341E-07,0,0.0002,0,0,0
785.75,0,0.00762939453125,0,-0.030517578125,-0.00762939453125,0,-5.0405896518109118E-08,0,0.0002,0,0,0
785.875,0,0.00762939453125,0,0,-0.00762939453125,0,-5.3801016690297E-08,0,0,0,0,0
786,0,0.011444091796875,0,0.030517578125,-0.011444091796875,0,-4.8769323457223029E-07,0,0,0,0,0
786.125,0,0.011444091796875,0,0,-0.011444091796875,0,-4.8509784462893682E-07,0,0.0008,0,0,0
786.25,0,0.0152587890625,0,0.030517578125,-0.0152587890625,0,-9.1311131460587679E-07,0,-0.0008,0,0,0
786.375,0,0.011444091796875,0,-0.030517578125,-0.011444091796875,0,-4.7418641495582163E-07,0,0.0004,0,0,0
786.5,0,0.011444091796875,0,0,-0.011444091796875,0,-4.71843015575584E-07,0,-0.0002,0,0,0
786.625,0,0.011444091796875,0,0,-0.011444091796875,0,-4.6954333592701237E-07,0,0,0,0,0
786.75,0,0.011444091796875,0,0,-0.011444091796875,0,-4.672865603510462E-07,0,0,0,0,0
786.875,0,0.011444091796875,0,0,-0.011444091796875,0,-4.6507188840600347E-07,0,0.0002,0,0,0
787,0,0.0152587890625,0,0.030517578125,-0.0152587890625,0,-8.9345897349943E-07,0,0.0004,0,0,0
787.125,0,0.00762939453125,0,-0.06103515625,-0.00762939453125,0,-2.43402796835644E-08,0,-0.0002,0,0,0
787.25,0,0.0152587890625,0,0.06103515625,-0.0152587890625,0,-8.8934257199258513E-07,0,0.0002,0,0,0
787.375,0,0.00762939453125,0,-0.06103515625,-0.00762939453125,0,-2.0300675999073829E-08,0,0.0008,0,0,0
787.5,0,0.0152587890625,0,0.06103515625,-0.0152587890625,0,-8.85378333348562E-07,0,-0.0004,0,0,0
787.625,0,0.011444091796875,0,-0.030517578125,-0.011444091796875,0,-4.4697083526014139E-07,0,-0.0012,0,0,0
787.75,0,0.00762939453125,0,-0.030517578125,-0.00762939453125,0,-1.4574745601222356E-08,0,0.0004,0,0,0
787.875,0,0.011444091796875,0,0.030517578125,-0.011444091796875,0,-4.4919879010252548E-07,0,-0.0002,0,0,0
788,0,0.011444091796875,0,0,-0.011444091796875,0,-4.4732157342369594E-07,0,0.0002,0,0,0
788.125,0,0.0152587890625,0,0.030517578125,-0.0152587890625,0,-8.7603981803459873E-07,0,0.0008,0,0,0
788.25,0,0.00762939453125,0,-0.06103515625,-0.00762939453125,0,-7.2461054443804514E-09,0,0.0002,0,0,0
788.375,0,0.011444091796875,0,0.030517578125,-0.011444091796875,0,-4.4200687703703474E-07,0,-0.0004,0,0,0
788.5,0,0.011444091796875,0,0,-0.011444091796875,0,-4.402638365946761E-07,0,0,0,0,0
788.625,0,0.00762939453125,0,-0.030517578125,-0.00762939453125,0,-7.9928763457976118E-09,0,0,0,0,0
788.75,0,0.0152587890625,0,0.06103515625,-0.0152587890625,0,-8.7330015469065615E-07,0,-0.0006,0,0,0
788.875,0,0.0152587890625,0,0,-0.0152587890625,0,-8.6567843257934971E-07,0,0.0006,0,0,0
789,0,0.0152587890625,0,0,-0.0152587890625,0,-8.5819890545552568E-07,0,-0.0008,0,0,0
789.125,0,0.011444091796875,0,-0.030517578125,-0.011444091796875,0,-4.2029848153651058E-07,0,0,0,0,0
789.25,0,0.0152587890625,0,0.030517578125,-0.0152587890625,0,-8.4952088362737922E-07,0,-0.0004,0,0,0
789.375,0,0.003814697265625,0,-0.091552734375,-0.003814697265625,0,4.4933851623440805E-07,0,-0.0002,0,0,0
789.5,0,0.00762939453125,0,0.030517578125,-0.00762939453125,0,8.2272139215609046E-09,0,0.0002,0,0,0
789.625,0,0.00762939453125,0,0,-0.00762939453125,0,3.7382025941630961E-09,0,-0.0002,0,0,0
789.75,0,0.00762939453125,0,0,-0.00762939453125,0,-6.6705929968333557E-10,0,0.0008,0,0,0
789.875,0,0.00762939453125,0,0,-0.00762939453125,0,-4.990134234899622E-09,0,0.0004,0,0,0
790,0,0.011444091796875,0,0.030517578125,-0.011444091796875,0,-4.3979299445177927E-07,0,0.0014,0,0,0
790.125,0,0.0152587890625,0,0.030517578125,-0.0152587890625,0,-8.68651696321165E-07,0,0.0002,0,0,0
790.25,0,0.011444091796875,0,-0.030517578125,-0.011444091796875,0,-4.3055625945827838E-07,0,0.0004,0,0,0
790.375,0,0.011444091796875,0,0,-0.011444091796875,0,-4.2902684795692538E-07,0,0,0,0,0
790.5,0,0.011444091796875,0,0,-0.011444091796875,0,-4.2752596998724862E-07,0,-0.0002,0,0,0
790.625,0,0.011444091796875,0,0,-0.011444091796875,0,-4.26053093212183E-07,0,0.0002,0,0,0
790.75,0,0.011444091796875,0,0,-0.011444091796875,0,-4.2460769522623291E-07,0,0.0004,0,0,0
790.875,0,0.011444091796875,0,0,-0.011444091796875,0,-4.2318926337018335E-07,0,0.0002,0,0,0
791,0,0.00762939453125,0,-0.030517578125,-0.00762939453125,0,8.7631443664849016E-09,0,0.0002,0,0,0
791.125,0,0.011444091796875,0,0.030517578125,-0.011444091796875,0,-4.2629630448613962E-07,0,-0.0002,0,0,0
791.25,0,0.011444091796875,0,0,-0.011444091796875,0,-4.2484636901856125E-07,0,-0.0004,0,0,0
791.375,0,0.011444091796875,0,0,-0.011444091796875,0,-4.2342348433460523E-07,0,0,0,0,0
791.5,0,0.011444091796875,0,0,-0.011444091796875,0,-4.2202714576015955E-07,0,-0.0008,0,0,0
791.625,0,0.011444091796875,0,0,-0.011444091796875,0,-4.2065685803658652E-07,0,0.0004,0,0,0
791.75,0,0.019073486328125,0,0.06103515625,-0.019073486328125,0,-1.2804330129765688E-06,0,0,0,0,0
791.875,0,0.011444091796875,0,-0.06103515625,-0.011444091796875,0,-4.0626248127137664E-07,0,0,0,0,0
792,0,0.0152587890625,0,0.030517578125,-0.0152587890625,0,-8.357467466069106E-07,0,0.0004,0,0,0
792.125,0,0.00762939453125,0,-0.06103515625,-0.00762939453125,0,3.2295236557383011E-08,0,0.001,0,0,0
792.25,0,0.011444091796875,0,0.030517578125,-0.011444091796875,0,-4.0320323978872051E-07,0,0,0,0,0
792.375,0,0.00762939453125,0,-0.030517578125,-0.00762939453125,0,2.8376297836510053E-08,0,0,0,0,0
792.5,0,0.00762939453125,0,0,-0.00762939453125,0,2.3511374255526035E-08,0,0.001,0,0,0
792.625,0,0.003814697265625,0,-0.030517578125,-0.003814697265625,0,4.4929765224702788E-07,0,0.0002,0,0,0
792.75,0,0.011444091796875,0,0.06103515625,-0.011444091796875,0,-4.223733266008283E-07,0,-0.0008,0,0,0
792.875,0,0.0152587890625,0,0.030517578125,-0.0152587890625,0,-8.5155701925521513E-07,0,0,0,0,0
793,0,0.011444091796875,0,-0.030517578125,-0.011444091796875,0,-4.1378050997272447E-07,0,0.0002,0,0,0
793.125,0,0.011444091796875,0,0,-0.011444091796875,0,-4.1256407596560056E-07,0,0.0004,0,0,0
793.25,0,0.003814697265625,0,-0.06103515625,-0.003814697265625,0,4.4975054141948075E-07,0,-0.0004,0,0,0
793.375,0,0.011444091796875,0,0.06103515625,-0.011444091796875,0,-4.2192888677476553E-07,0,-0.0002,0,0,0
793.5,0,0.011444091796875,0,0,-0.011444091796875,0,-4.2056043222419388E-07,0,-0.0006,0,0,0
793.625,0,0.00762939453125,0,-0.030517578125,-0.00762939453125,0,1.134293061075293E-08,0,-0.0004,0,0,0
793.75,0,0.011444091796875,0,0.030517578125,-0.011444091796875,0,-4.2376464813526757E-07,0,-0.0014,0,0,0
793.875,0,0.011444091796875,0,0,-0.011444091796875,0,-4.2236194462365203E-07,0,0.0002,0,0,0
794,0,0.00762939453125,0,-0.030517578125,-0.00762939453125,0,9.5750282051189018E-09,0,-0.0006,0,0,0
794.125,0,0.011444091796875,0,0.030517578125,-0.011444091796875,0,-4.2549956759337766E-07,0,0.0004,0,0,0
794.25,0,0.011444091796875,0,0,-0.011444091796875,0,-4.24064496482022E-07,0,0,0,0,0
794.375,0,0.0152587890625,0,0.030517578125,-0.0152587890625,0,-8.5321663775253852E-07,0,0,0,0,0
794.5,0,0.0152587890625,0,0,-0.0152587890625,0,-8.4596960464168547E-07,0,0,0,0,0
794.625,0,0.019073486328125,0,0.030517578125,-0.019073486328125,0,-1.2694182150325614E-06,0,0.0004,0,0,0
794.75,0,0.0152587890625,0,-0.030517578125,-0.0152587890625,0,-8.260136202963047E-07,0,0.0004,0,0,0
794.875,0,0.011444091796875,0,-0.030517578125,-0.011444091796875,0,-3.8871366253880781E-07,0,0.0002,0,0,0
795,0,0.0152587890625,0,0.030517578125,-0.0152587890625,0,-8.1852532816833939E-07,0,-0.0002,0,0,0
795.125,0,0.011444091796875,0,-0.030517578125,-0.011444091796875,0,-3.8136507605608259E-07,0,-0.0006,0,0,0
795.25,0,0.011444091796875,0,0,-0.011444091796875,0,-3.8075340199070167E-07,0,0.0002,0,0,0
795.375,0,0.00762939453125,0,-0.030517578125,-0.00762939453125,0,5.0407299266834948E-08,0,0.0004,0,0,0
795.5,0,0.00762939453125,0,0,-0.00762939453125,0,4.5131353356925594E-08,0,0,0,0,0
795.625,0,0.003814697265625,0,-0.030517578125,-0.003814697265625,0,4.7051427727531927E-07,0,0.0012,0,0,0
795.75,0,0.011444091796875,0,0.06103515625,-0.011444091796875,0,-4.0155253045297354E-07,0,-0.0002,0,0,0
795.875,0,0.011444091796875,0,0,-0.011444091796875,0,-4.0056422827345423E-07,0,0.0002,0,0,0
796,0,0.011444091796875,0,0,-0.011444091796875,0,-3.9959436439619696E-07,0,-0.0002,0,0,0
796.125,0,0.011444091796875,0,0,-0.011444091796875,0,-3.9864259482621988E-07,0,0.0002,0,0,0
796.25,0,0.00762939453125,0,-0.030517578125,-0.00762939453125,0,3.2851856929454695E-08,0,0.0002,0,0,0
796.375,0,0.011444091796875,0,0.030517578125,-0.011444091796875,0,-4.0265700402864117E-07,0,0.0002,0,0,0
796.5,0,0.0152587890625,0,0.030517578125,-0.0152587890625,0,-8.322085351059473E-07,0,-0.0002,0,0,0
796.625,0,0.011444091796875,0,-0.030517578125,-0.011444091796875,0,-3.9479300165296482E-07,0,-0.0006,0,0,0
796.75,0,0.0152587890625,0,0.030517578125,-0.0152587890625,0,-8.2449124782996123E-07,0,0.0002,0,0,0
796.875,0,0.0152587890625,0,0,-0.0152587890625,0,-8.1778013119583334E-07,0,-0.0002,0,0,0
797,0,0.011444091796875,0,-0.030517578125,-0.011444091796875,0,-3.8063378188305286E-07,0,0.0002,0,0,0
797.125,0,0.011444091796875,0,0,-0.011444091796875,0,-3.800357512389698E-07,0,0,0,0,0
797.25,0,0.0152587890625,0,0.030517578125,-0.0152587890625,0,-8.1000931669515908E-07,0,-0.0014,0,0,0
797.375,0,0.011444091796875,0,-0.030517578125,-0.011444091796875,0,-3.7300794391845729E-07,0,-0.0006,0,0,0
797.5,0,0.0152587890625,0,0.030517578125,-0.0152587890625,0,-8.0311262396520435E-07,0,0.0008,0,0,0
797.625,0,0.00762939453125,0,-0.06103515625,-0.00762939453125,0,6.4320519281709566E-08,0,0.0006,0,0,0
797.75,0,0.011444091796875,0,0.030517578125,-0.011444091796875,0,-3.7177543813358073E-07,0,0.0004,0,0,0
797.875,0,0.00762939453125,0,-0.030517578125,-0.00762939453125,0,5.9217765353814466E-08,0,0.0008,0,0,0
798,0,0.00762939453125,0,0,-0.00762939453125,0,5.3777446603140672E-08,0,0,0,0,0
798.125,0,0.011444091796875,0,0.030517578125,-0.011444091796875,0,-3.821218135217391E-07,0,-0.0004,0,0,0
798.25,0,0.0152587890625,0,0.030517578125,-0.0152587890625,0,-8.1205646026692661E-07,0,0.001,0,0,0
798.375,0,0.00762939453125,0,-0.06103515625,-0.00762939453125,0,5.554354404791869E-08,0,0.001,0,0,0
798.5,0,0.011444091796875,0,0.030517578125,-0.011444091796875,0,-3.8038866535015491E-07,0,0,0,0,0
798.625,0,0.011444091796875,0,0,-0.011444091796875,0,-3.797952077332458E-07,0,0,0,0,0
798.75,0,0.00762939453125,0,-0.030517578125,-0.00762939453125,0,5.1347616931776027E-08,0,0.0002,0,0,0
798.875,0,0.011444091796875,0,0.030517578125,-0.011444091796875,0,-3.8450631097098145E-07,0,-0.001,0,0,0
799,0,0.011444091796875,0,0,-0.011444091796875,0,-3.8383603232085177E-07,0,-0.0008,0,0,0
799.125,0,0.011444091796875,0,0,-0.011444091796875,0,-3.8317825875328392E-07,0,0.0002,0,0,0
799.25,0,0.011444091796875,0,0,-0.011444091796875,0,-3.8253275696666541E-07,0,-0.0004,0,0,0
799.375,0,0.011444091796875,0,0,-0.011444091796875,0,-3.8189929801198535E-07,0,-0.0002,0,0,0
799.5,0,0.00762939453125,0,-0.030517578125,-0.00762939453125,0,4.9282781704123089E-08,0,-0.0002,0,0,0
799.625,0,0.003814697265625,0,-0.030517578125,-0.003814697265625,0,4.7458825432040375E-07,0,0,0,0,0
799.75,0,0.011444091796875,0,0.06103515625,-0.011444091796875,0,-3.9755455973644181E-07,0,0.0004,0,0,0
799.875,0,0.011444091796875,0,0,-0.011444091796875,0,-3.9664084587012654E-07,0,0,0,0,0
800,0,0.011444091796875,0,0,-0.011444091796875,0,-3.9574417874598921E-07,0,-0.0008,0,0,0
800.125,0,0.011444091796875,0,0,-0.011444091796875,0,-3.9486424033074869E-07,0,0,0,0,0
800.25,0,0.011444091796875,0,0,-0.011444091796875,0,-3.9400071852452554E-07,0,-0.0006,0,0,0
800.375,0,0.0152587890625,0,0.030517578125,-0.0152587890625,0,-8.2371374596589839E-07,0,0.0004,0,0,0
800.5,0,0.011444091796875,0,-0.030517578125,-0.011444091796875,0,-3.8645669591309703E-07,0,0.001,0,0,0
800.625,0,0.011444091796875,0,0,-0.011444091796875,0,-3.857500298221266E-07,0,-0.0006,0,0,0
800.75,0,0.011444091796875,0,0,-0.011444091796875,0,-3.8505654767757829E-07,0,0,0,0,0
800.875,0,0.011444091796875,0,0,-0.011444091796875,0,-3.8437600351258671E-07,0,0,0,0,0
801,0,0.0152587890625,0,0.030517578125,-0.0152587890625,0,-8.1426859486493116E-07,0,0.0004,0,0,0
801.125,0,0.00762939453125,0,-0.06103515625,-0.00762939453125,0,5.3372680234505718E-08,0,0.001,0,0,0
801.25,0,0.0152587890625,0,0.06103515625,-0.0152587890625,0,-8.1307946726490325E-07,0,-0.0002,0,0,0
801.375,0,0.011444091796875,0,-0.030517578125,-0.011444091796875,0,-3.7602081609160576E-07,0,0.0002,0,0,0
801.5,0,0.00762939453125,0,-0.030517578125,-0.00762939453125,0,5.5051591472871185E-08,0,0,0,0,0
801.625,0,0.011444091796875,0,0.030517578125,-0.011444091796875,0,-3.80871439790756E-07,0,0,0,0,0
801.75,0,0.011444091796875,0,0,-0.011444091796875,0,-3.8026897527166188E-07,0,-0.0006,0,0,0
801.875,0,0.003814697265625,0,-0.06103515625,-0.003814697265625,0,4.8144312717363881E-07,0,0.0004,0,0,0
802,0,0.0152587890625,0,0.091552734375,-0.0152587890625,0,-8.2138801403016615E-07,0,0.0008,0,0,0
802.125,0,0.003814697265625,0,-0.091552734375,-0.003814697265625,0,4.7694652373591613E-07,0,-0.0008,0,0,0
802.25,0,0.003814697265625,0,0,-0.003814697265625,0,4.658805903554559E-07,0,-0.0006,0,0,0
802.375,0,0.011444091796875,0,0.06103515625,-0.011444091796875,0,-4.0609976879285129E-07,0,-0.0002,0,0,0
802.5,0,0.00762939453125,0,-0.030517578125,-0.00762939453125,0,2.5533808050743561E-08,0,-0.0008,0,0,0
802.625,0,0.011444091796875,0,0.030517578125,-0.011444091796875,0,-4.0983852341263868E-07,0,0.0008,0,0,0
802.75,0,0.00762939453125,0,-0.030517578125,-0.00762939453125,0,2.1864805667864963E-08,0,0.0002,0,0,0
802.875,0,0.0152587890625,0,0.06103515625,-0.0152587890625,0,-8.4399951380997972E-07,0,-0.0004,0,0,0
803,0,0.011444091796875,0,-0.030517578125,-0.011444091796875,0,-4.0636400145396975E-07,0,-0.0008,0,0,0
803.125,0,0.00762939453125,0,-0.030517578125,-0.00762939453125,0,2.527450505767013E-08,0,-0.0004,0,0,0
803.25,0,0.011444091796875,0,0.030517578125,-0.011444091796875,0,-4.100929887082317E-07,0,0.0006,0,0,0
803.375,0,0.00762939453125,0,-0.030517578125,-0.00762939453125,0,2.1615087815040536E-08,0,0.0008,0,0,0
803.5,0,0.011444091796875,0,0.030517578125,-0.011444091796875,0,-4.1368413387515327E-07,0,0,0,0,0
803.625,0,0.011444091796875,0,0,-0.011444091796875,0,-4.1246949791285277E-07,0,0.0004,0,0,0
803.75,0,0.011444091796875,0,0,-0.011444091796875,0,-4.1127752285880011E-07,0,0.0004,0,0,0
803.875,0,0.011444091796875,0,0,-0.011444091796875,0,-4.1010778593878268E-07,0,0.0008,0,0,0
804,0,0.011444091796875,0,0,-0.011444091796875,0,-4.0895987226609317E-07,0,0,0,0,0
804.125,0,0.011444091796875,0,0,-0.011444091796875,0,-4.07833374694376E-07,0,0,0,0,0
804.25,0,0.00762939453125,0,-0.030517578125,-0.00762939453125,0,2.3832545242533845E-08,0,-0.0006,0,0,0
804.375,0,0.011444091796875,0,0.030517578125,-0.011444091796875,0,-4.1150804653784958E-07,0,0.0004,0,0,0
804.5,0,0.011444091796875,0,0,-0.011444091796875,0,-4.1033400884286579E-07,0,0.0008,0,0,0
804.625,0,0.00762939453125,0,-0.030517578125,-0.00762939453125,0,2.1378564282949373E-08,0,0.0008,0,0,0
804.75,0,0.011444091796875,0,0.030517578125,-0.011444091796875,0,-4.1391624469576083E-07,0,0,0,0,0
804.875,0,0.011444091796875,0,0,-0.011444091796875,0,-4.12697278347919E-07,0,0,0,0,0
805,0,0.011444091796875,0,0,-0.011444091796875,0,-4.1150105369834977E-07,0,-0.0002,0,0,0
805.125,0,0.011444091796875,0,0,-0.011444091796875,0,-4.1032714646557787E-07,0,-0.0004,0,0,0
805.25,0,0.011444091796875,0,0,-0.011444091796875,0,-4.0917514028375378E-07,0,0.0002,0,0,0
805.375,0,0.011444091796875,0,0,-0.011444091796875,0,-4.0804462655497534E-07,0,0.0002,0,0,0
805.5,0,0.011444091796875,0,0,-0.011444091796875,0,-4.0693520430436481E-07,0,0.0008,0,0,0
805.625,0,0.011444091796875,0,0,-0.011444091796875,0,-4.058464800378495E-07,0,0,0,0,0
805.75,0,0.0152587890625,0,0.030517578125,-0.0152587890625,0,-8.3533850651834911E-07,0,0.001,0,0,0
805.875,0,0.003814697265625,0,-0.091552734375,-0.003814697265625,0,4.632562992128678E-07,0,0,0,0,0
806,0,0.0152587890625,0,0.091552734375,-0.0152587890625,0,-8.3923553865024062E-07,0,-0.0006,0,0,0
806.125,0,0.011444091796875,0,-0.030517578125,-0.011444091796875,0,-4.0168890560238611E-07,0,-0.0002,0,0,0
806.25,0,0.003814697265625,0,-0.06103515625,-0.003814697265625,0,4.604228186974996E-07,0,0.0002,0,0,0
806.375,0,0.00762939453125,0,0.030517578125,-0.00762939453125,0,1.9104721617410447E-08,0,-0.0002,0,0,0
806.5,0,0.00762939453125,0,0,-0.00762939453125,0,1.4412773598269825E-08,0,0,0,0,0
806.625,0,0.00762939453125,0,0,-0.00762939453125,0,9.808361109827743E-09,0,-0.0004,0,0,0
806.75,0,0.00762939453125,0,0,-0.00762939453125,0,5.2898510416781588E-09,0,-0.0002,0,0,0
806.875,0,0.011444091796875,0,0.030517578125,-0.011444091796875,0,-4.2970479816414326E-07,0,-0.0002,0,0,0
807,0,0.0152587890625,0,0.030517578125,-0.0152587890625,0,-8.58751710902922E-07,0,0,0,0,0
807.125,0,0.003814697265625,0,-0.091552734375,-0.003814697265625,0,4.4027990428628474E-07,0,0,0,0,0
807.25,0,0.011444091796875,0,0.06103515625,-0.011444091796875,0,-4.3122283455758392E-07,0,0.0002,0,0,0
807.375,0,0.00762939453125,0,-0.030517578125,-0.00762939453125,0,8.7945184662818359E-10,0,-0.0002,0,0,0
807.5,0,0.00762939453125,0,0,-0.00762939453125,0,-3.4724756405284332E-09,0,-0.0004,0,0,0
807.625,0,0.011444091796875,0,0.030517578125,-0.011444091796875,0,-4.38303650120468E-07,0,-0.0004,0,0,0
807.75,0,0.0152587890625,0,0.030517578125,-0.0152587890625,0,-8.67190138006643E-07,0,-0.0004,0,0,0
807.875,0,0.011444091796875,0,-0.030517578125,-0.011444091796875,0,-4.2912196876952436E-07,0,0.0002,0,0,0
808,0,0.011444091796875,0,0,-0.011444091796875,0,-4.2761931617430241E-07,0,0.0004,0,0,0
808.125,0,0.011444091796875,0,0,-0.011444091796875,0,-4.2614469788206969E-07,0,0.0004,0,0,0
808.25,0,0.011444091796875,0,0,-0.011444091796875,0,-4.2469759086964267E-07,0,0.0002,0,0,0
808.375,0,0.011444091796875,0,0,-0.011444091796875,0,-4.2327748187164241E-07,0,-0.0008,0,0,0
808.5,0,0.011444091796875,0,0,-0.011444091796875,0,-4.2188386719844771E-07,0,0.0002,0,0,0
808.625,0,0.011444091796875,0,0,-0.011444091796875,0,-4.2051625255754442E-07,0,0.0006,0,0,0
808.75,0,0.011444091796875,0,0,-0.011444091796875,0,-4.1917415287820809E-07,0,-0.0002,0,0,0
808.875,0,0.00762939453125,0,-0.030517578125,-0.00762939453125,0,1.2703346776295918E-08,0,-0.0008,0,0,0
809,0,0.00762939453125,0,0,-0.00762939453125,0,8.1308262831277334E-09,0,0.0002,0,0,0
809.125,0,0.011444091796875,0,0.030517578125,-0.011444091796875,0,-4.2691682569988711E-07,0,0,0,0,0
809.25,0,0.011444091796875,0,0,-0.011444091796875,0,-4.2545531345150609E-07,0,0,0,0,0
809.375,0,0.00762939453125,0,-0.030517578125,-0.00762939453125,0,6.53937094629504E-09,0,0.0006,0,0,0
809.5,0,0.011444091796875,0,0.030517578125,-0.011444091796875,0,-4.2847858998154951E-07,0,0.0002,0,0,0
809.625,0,0.011444091796875,0,0,-0.011444091796875,0,-4.2698794061045022E-07,0,0,0,0,0
809.75,0,0.00762939453125,0,-0.030517578125,-0.00762939453125,0,5.0353373120817422E-09,0,0.0002,0,0,0
809.875,0,0.0152587890625,0,0.06103515625,-0.0152587890625,0,-8.6051500246311321E-07,0,-0.0006,0,0,0
810,0,0.0152587890625,0,0,-0.0152587890625,0,-8.5313180709607885E-07,0,-0.0008,0,0,0
810.125,0,0.011444091796875,0,-0.030517578125,-0.011444091796875,0,-4.1532591771627569E-07,0,-0.0002,0,0,0
810.25,0,0.0152587890625,0,0.030517578125,-0.0152587890625,0,-8.4464109065864584E-07,0,0.0002,0,0,0
810.375,0,0.019073486328125,0,0.030517578125,-0.019073486328125,0,-1.2681144865279777E-06,0,0,0,0,0
810.5,0,0.00762939453125,0,-0.091552734375,-0.00762939453125,0,3.6386662972677459E-08,0,0.0008,0,0,0
810.625,0,0.011444091796875,0,0.030517578125,-0.011444091796875,0,-3.9918814524690715E-07,0,0,0,0,0
810.75,0,0.00762939453125,0,-0.030517578125,-0.00762939453125,0,3.231648459373401E-08,0,0,0,0,0
810.875,0,0.011444091796875,0,0.030517578125,-0.011444091796875,0,-4.0318238816727664E-07,0,-0.0004,0,0,0
811,0,0.011444091796875,0,0,-0.011444091796875,0,-4.0216367847697447E-07,0,0.0008,0,0,0
811.125,0,0.00762939453125,0,-0.030517578125,-0.00762939453125,0,2.9396464527781594E-08,0,0.0004,0,0,0
811.25,0,0.00762939453125,0,0,-0.00762939453125,0,2.4512508162896917E-08,0,0,0,0,0
811.375,0,0.011444091796875,0,0.030517578125,-0.011444091796875,0,-4.1084076937505383E-07,0,0.0008,0,0,0
811.5,0,0.00762939453125,0,-0.030517578125,-0.00762939453125,0,2.0881258150499196E-08,0,-0.0002,0,0,0
811.625,0,0.00762939453125,0,0,-0.00762939453125,0,1.6156166100863164E-08,0,0,0,0,0
811.75,0,0.00762939453125,0,0,-0.00762939453125,0,1.1519227934960931E-08,0,0.0008,0,0,0
811.875,0,0.00762939453125,0,0,-0.00762939453125,0,6.9687990060563648E-09,0,-0.0002,0,0,0
812,0,0.00762939453125,0,0,-0.00762939453125,0,2.503265350836141E-09,0,0.0004,0,0,0
812.125,0,0.011444091796875,0,0.030517578125,-0.011444091796875,0,-4.3243939579878992E-07,0,0,0,0,0
812.25,0,0.011444091796875,0,0,-0.011444091796875,0,-4.3087485148303405E-07,0,0,0,0,0
812.375,0,0.011444091796875,0,0,-0.011444091796875,0,-4.2933949615582249E-07,0,-0.0002,0,0,0
812.5,0,0.00762939453125,0,-0.030517578125,-0.00762939453125,0,2.7276536642223078E-09,0,0,0,0,0
812.625,0,0.011444091796875,0,0.030517578125,-0.011444091796875,0,-4.3221919379565582E-07,0,0.0002,0,0,0
812.75,0,0.0152587890625,0,0.030517578125,-0.0152587890625,0,-8.6121919660382732E-07,0,0.0002,0,0,0
812.875,0,0.011444091796875,0,-0.030517578125,-0.011444091796875,0,-4.2326242449266432E-07,0,0,0,0,0
813,0,0.0152587890625,0,0.030517578125,-0.0152587890625,0,-8.5242952965386343E-07,0,-0.0002,0,0,0
813.125,0,0.00762939453125,0,-0.06103515625,-0.00762939453125,0,1.5923696572285542E-08,0,0.0002,0,0,0
813.25,0,0.011444091796875,0,0.030517578125,-0.011444091796875,0,-4.1926934343157771E-07,0,-0.0002,0,0,0
813.375,0,0.0152587890625,0,0.030517578125,-0.0152587890625,0,-8.4851094568191309E-07,0,0.0008,0,0,0
813.5,0,0.011444091796875,0,-0.030517578125,-0.011444091796875,0,-4.1079126560249509E-07,0,0,0,0,0
813.625,0,0.0152587890625,0,0.030517578125,-0.0152587890625,0,-8.4019103947771728E-07,0,0.0006,0,0,0
813.75,0,0.011444091796875,0,-0.030517578125,-0.011444091796875,0,-4.0262658008744062E-07,0,0.0002,0,0,0
813.875,0,0.011444091796875,0,0,-0.011444091796875,0,-4.0161823985456559E-07,0,0.0004,0,0,0
814,0,0.0152587890625,0,0.030517578125,-0.0152587890625,0,-8.31189150680513E-07,0,-0.0008,0,0,0
814.125,0,0.00762939453125,0,-0.06103515625,-0.00762939453125,0,3.6767803498698273E-08,0,0,0,0,0
814.25,0,0.0152587890625,0,0.06103515625,-0.0152587890625,0,-8.2937455440131116E-07,0,0.0002,0,0,0
814.375,0,0.00762939453125,0,-0.06103515625,-0.00762939453125,0,3.854854568410886E-08,0,0,0,0,0
814.5,0,0.011444091796875,0,0.030517578125,-0.011444091796875,0,-3.9706659579357689E-07,0,-0.0004,0,0,0
814.625,0,0.00762939453125,0,-0.030517578125,-0.00762939453125,0,3.4398453268133458E-08,0,-0.0012,0,0,0
814.75,0,0.0152587890625,0,0.06103515625,-0.0152587890625,0,-8.31699700747051E-07,0,-0.0006,0,0,0
814.875,0,0.011444091796875,0,-0.030517578125,-0.011444091796875,0,-3.9429366038424385E-07,0,0,0,0,0
815,0,0.011444091796875,0,0,-0.011444091796875,0,-3.9344078362741588E-07,0,0,0,0,0
815.125,0,0.00762939453125,0,-0.030517578125,-0.00762939453125,0,3.7956620313145776E-08,0,0.0004,0,0,0
815.25,0,0.00762939453125,0,0,-0.00762939453125,0,3.29129610324408E-08,0,-0.0002,0,0,0
815.375,0,0.0152587890625,0,0.06103515625,-0.0152587890625,0,-8.3315747883274248E-07,0,0.0002,0,0,0
815.5,0,0.0152587890625,0,0,-0.0152587890625,0,-8.262846802859229E-07,0,0.0002,0,0,0
815.625,0,0.00762939453125,0,-0.06103515625,-0.00762939453125,0,4.1580773429720862E-08,0,0.0002,0,0,0
815.75,0,0.011444091796875,0,0.030517578125,-0.011444091796875,0,-3.9409093893575564E-07,0,0,0,0,0
815.875,0,0.0152587890625,0,0.030517578125,-0.0152587890625,0,-8.2380228317613285E-07,0,0.0004,0,0,0
816,0,0.0152587890625,0,0,-0.0152587890625,0,-8.1710402024080115E-07,0,0.0006,0,0,0
816.125,0,0.00762939453125,0,-0.06103515625,-0.00762939453125,0,5.0590154094522479E-08,0,-0.0004,0,0,0
816.25,0,0.011444091796875,0,0.030517578125,-0.011444091796875,0,-3.8524964217012372E-07,0,0,0,0,0
816.375,0,0.00762939453125,0,-0.030517578125,-0.00762939453125,0,4.5994943386354E-08,0,0.0004,0,0,0
816.5,0,0.0152587890625,0,0.06103515625,-0.0152587890625,0,-8.2031956104716367E-07,0,0.0002,0,0,0
816.625,0,0.0152587890625,0,0,-0.0152587890625,0,-8.1368627366752677E-07,0,0,0,0,0
816.75,0,0.011444091796875,0,-0.030517578125,-0.011444091796875,0,-3.7661630158439214E-07,0,0.0002,0,0,0
816.875,0,0.011444091796875,0,0,-0.011444091796875,0,-3.760932232348741E-07,0,0.0004,0,0,0
817,0,0.011444091796875,0,0,-0.011444091796875,0,-3.7557990371915712E-07,0,0.0012,0,0,0
817.125,0,0.00762939453125,0,-0.030517578125,-0.00762939453125,0,5.5484277944615823E-08,0,0.0002,0,0,0
817.25,0,0.00762939453125,0,0,-0.00762939453125,0,5.0113613162909139E-08,0,-0.0002,0,0,0
817.375,0,0.011444091796875,0,0.030517578125,-0.011444091796875,0,-3.8571729249528146E-07,0,0.0002,0,0,0
817.5,0,0.00762939453125,0,-0.030517578125,-0.00762939453125,0,4.553601779966885E-08,0,-0.0008,0,0,0
817.625,0,0.00762939453125,0,0,-0.00762939453125,0,4.03509531626702E-08,0,0.0004,0,0,0
817.75,0,0.00762939453125,0,0,-0.00762939453125,0,3.5262623907831442E-08,0,0,0,0,0
817.875,0,0.00762939453125,0,0,-0.00762939453125,0,3.0269225287320723E-08,0,-0.0002,0,0,0
818,0,0.011444091796875,0,0.030517578125,-0.011444091796875,0,-4.0519145269209105E-07,0,0.0002,0,0,0
818.125,0,0.00762939453125,0,-0.030517578125,-0.00762939453125,0,2.6425178112971892E-08,0,0,0,0,0
818.25,0,0.00762939453125,0,0,-0.00762939453125,0,2.1596655681309982E-08,0,0,0,0,0
818.375,0,0.011444091796875,0,0.030517578125,-0.011444091796875,0,-4.137022221289854E-07,0,0.0008,0,0,0
818.5,0,0.00762939453125,0,-0.030517578125,-0.00762939453125,0,1.8073190213356356E-08,0,0,0,0,0
818.625,0,0.011444091796875,0,0.030517578125,-0.011444091796875,0,-4.1715995191138219E-07,0,0.001,0,0,0
818.75,0,0.0152587890625,0,0.030517578125,-0.0152587890625,0,-8.4644090811564415E-07,0,-0.0006,0,0,0
818.875,0,0.00762939453125,0,-0.06103515625,-0.00762939453125,0,2.1800591134340031E-08,0,0,0,0,0
819,0,0.011444091796875,0,0.030517578125,-0.011444091796875,0,-4.1350209140653559E-07,0,0.0008,0,0,0
819.125,0,0.011444091796875,0,0,-0.011444091796875,0,-4.1229085172740681E-07,0,-0.0004,0,0,0
819.25,0,0.0152587890625,0,0.030517578125,-0.0152587890625,0,-8.416626485093755E-07,0,0,0,0,0
819.375,0,0.011444091796875,0,-0.030517578125,-0.011444091796875,0,-4.0407073398169287E-07,0,0,0,0,0
819.5,0,0.00762939453125,0,-0.030517578125,-0.00762939453125,0,2.7524988086385303E-08,0,-0.0006,0,0,0
819.625,0,0.011444091796875,0,0.030517578125,-0.011444091796875,0,-4.0788449191326061E-07,0,0,0,0,0
819.75,0,0.00762939453125,0,-0.030517578125,-0.00762939453125,0,2.37823816942493E-08,0,0,0,0,0
819.875,0,0.00762939453125,0,0,-0.00762939453125,0,1.9003164708022282E-08,0,0.0006,0,0,0
820,0,0.00762939453125,0,0,-0.00762939453125,0,1.4313111389744313E-08,0,0.0006,0,0,0
820.125,0,0.00762939453125,0,0,-0.00762939453125,0,9.7105582535964778E-09,0,-0.0002,0,0,0
820.25,0,0.003814697265625,0,-0.030517578125,-0.003814697265625,0,4.3575431176440794E-07,0,0.0008,0,0,0
820.375,0,0.00762939453125,0,0.030517578125,-0.00762939453125,0,-5.1035562515228285E-09,0,0.0006,0,0,0
820.5,0,0.00762939453125,0,0,-0.00762939453125,0,-9.3438614899015819E-09,0,0,0,0,0
820.625,0,0.011444091796875,0,0.030517578125,-0.011444091796875,0,-4.4406549620636465E-07,0,0,0,0,0
820.75,0,0.00762939453125,0,-0.030517578125,-0.00762939453125,0,-1.1723610130881328E-08,0,0.0002,0,0,0
820.875,0,0.011444091796875,0,0.030517578125,-0.011444091796875,0,-4.464008469641267E-07,0,-0.0002,0,0,0
821,0,0.00762939453125,0,-0.030517578125,-0.00762939453125,0,-1.4015391316449893E-08,0,0.0006,0,0,0
821.125,0,0.00762939453125,0,0,-0.00762939453125,0,-1.8089432519352583E-08,0,-0.0006,0,0,0
821.25,0,0.00762939453125,0,0,-0.00762939453125,0,-2.2087466196739437E-08,0,-0.0002,0,0,0
821.375,0,0.00762939453125,0,0,-0.00762939453125,0,-2.6010910386290317E-08,0,0.0016,0,0,0
821.5,0,0.011444091796875,0,0.030517578125,-0.011444091796875,0,-4.60421595585757E-07,0,0,0,0,0
821.625,0,0.011444091796875,0,0,-0.011444091796875,0,-4.5833500015211312E-07,0,0,0,0,0
821.75,0,0.0152587890625,0,0.030517578125,-0.0152587890625,0,-8.8684777229197649E-07,0,-0.0012,0,0,0
821.875,0,0.0152587890625,0,0,-0.0152587890625,0,-8.7897329846824806E-07,0,0.0006,0,0,0
822,0,0.00762939453125,0,-0.06103515625,-0.00762939453125,0,-1.0124857273726086E-08,0,0.0002,0,0,0
822.125,0,0.011444091796875,0,0.030517578125,-0.011444091796875,0,-4.4483192130864459E-07,0,-0.0002,0,0,0
822.25,0,0.011444091796875,0,0,-0.011444091796875,0,-4.4303617530591884E-07,0,0.0006,0,0,0
822.375,0,0.00762939453125,0,-0.030517578125,-0.00762939453125,0,-1.0713492800234677E-08,0,-0.0002,0,0,0
822.5,0,0.003814697265625,0,-0.030517578125,-0.003814697265625,0,4.1571130290045565E-07,0,-0.0004,0,0,0
822.625,0,0.00762939453125,0,0.030517578125,-0.00762939453125,0,-2.4772631855655469E-08,0,0.0002,0,0,0
822.75,0,0.0152587890625,0,0.06103515625,-0.0152587890625,0,-8.8976685796771956E-07,0,0,0,0,0
822.875,0,0.011444091796875,0,-0.030517578125,-0.011444091796875,0,-4.5127748518035627E-07,0,-0.0012,0,0,0
823,0,0.00762939453125,0,-0.030517578125,-0.00762939453125,0,-1.8801048321348709E-08,0,-0.0002,0,0,0
823.125,0,0.00762939453125,0,0,-0.00762939453125,0,-2.2785805707816078E-08,0,0.0004,0,0,0
823.25,0,0.011444091796875,0,0.030517578125,-0.011444091796875,0,-4.57256660211895E-07,0,0,0,0,0
823.375,0,0.00762939453125,0,-0.030517578125,-0.00762939453125,0,-2.4668672615882231E-08,0,-0.0004,0,0,0
823.5,0,0.011444091796875,0,0.030517578125,-0.011444091796875,0,-4.5910439933223634E-07,0,0.0004,0,0,0
823.625,0,0.011444091796875,0,0,-0.011444091796875,0,-4.5704237822733943E-07,0,-0.0002,0,0,0
823.75,0,0.003814697265625,0,-0.06103515625,-0.003814697265625,0,4.0610205052333427E-07,0,0.0002,0,0,0
823.875,0,0.011444091796875,0,0.06103515625,-0.011444091796875,0,-4.6476304771687207E-07,0,0,0,0,0
824,0,0.011444091796875,0,0,-0.011444091796875,0,-4.6259545579419011E-07,0,0.0004,0,0,0
824.125,0,0.0152587890625,0,0.030517578125,-0.0152587890625,0,-8.9102874255950856E-07,0,0.001,0,0,0
824.25,0,0.00762939453125,0,-0.06103515625,-0.00762939453125,0,-2.1955388452049326E-08,0,-0.0002,0,0,0
824.375,0,0.011444091796875,0,0.030517578125,-0.011444091796875,0,-4.5644173567149683E-07,0,0.0002,0,0,0
824.5,0,0.0152587890625,0,0.030517578125,-0.0152587890625,0,-8.84989829581846E-07,0,0.0008,0,0,0
824.625,0,0.011444091796875,0,-0.030517578125,-0.011444091796875,0,-4.4658957963071491E-07,0,0.0002,0,0,0
824.75,0,0.00762939453125,0,-0.030517578125,-0.00762939453125,0,-1.4200602883899231E-08,0,-0.0002,0,0,0
824.875,0,0.011444091796875,0,0.030517578125,-0.011444091796875,0,-4.4883162759495414E-07,0,0.0002,0,0,0
825,0,0.003814697265625,0,-0.06103515625,-0.003814697265625,0,4.1415961693221427E-07,0,0,0,0,0
825.125,0,0.00762939453125,0,0.030517578125,-0.00762939453125,0,-2.6295368727667896E-08,0,-0.0002,0,0,0
825.25,0,0.011444091796875,0,0.030517578125,-0.011444091796875,0,-4.60700746917813E-07,0,-0.0002,0,0,0
825.375,0,0.011444091796875,0,0,-0.011444091796875,0,-4.5860894348529591E-07,0,0,0,0,0
825.5,0,0.011444091796875,0,0,-0.011444091796875,0,-4.5655616587378867E-07,0,0.0004,0,0,0
825.625,0,0.00762939453125,0,-0.030517578125,-0.00762939453125,0,-2.3981247080624412E-08,0,0,0,0,0
825.75,0,0.0152587890625,0,0.06103515625,-0.0152587890625,0,-8.8899023769689586E-07,0,0,0,0,0
825.875,0,0.011444091796875,0,-0.030517578125,-0.011444091796875,0,-4.5051535395913E-07,0,0.0004,0,0,0
826,0,0.0152587890625,0,0.030517578125,-0.0152587890625,0,-8.79174013665647E-07,0,0.0006,0,0,0
826.125,0,0.0152587890625,0,0,-0.0152587890625,0,-8.7144270565088917E-07,0,0.0008,0,0,0
826.25,0,0.0152587890625,0,0,-0.0152587890625,0,-8.6385563711775072E-07,0,0.0002,0,0,0
826.375,0,0.011444091796875,0,-0.030517578125,-0.011444091796875,0,-4.2584967814036491E-07,0,0,0,0,0
826.5,0,0.0152587890625,0,0.030517578125,-0.0152587890625,0,-8.5496851409223362E-07,0,0.0004,0,0,0
826.625,0,0.00762939453125,0,-0.06103515625,-0.00762939453125,0,1.3432080806658761E-08,0,0.0006,0,0,0
826.75,0,0.00762939453125,0,0,-0.00762939453125,0,8.84596465560484E-09,0,0.0004,0,0,0
826.875,0,0.011444091796875,0,0.030517578125,-0.011444091796875,0,-4.2621502933731772E-07,0,0,0,0,0
827,0,0.011444091796875,0,0,-0.011444091796875,0,-4.2476661018306076E-07,0,-0.0004,0,0,0
827.125,0,0.00762939453125,0,-0.030517578125,-0.00762939453125,0,7.2152253924918515E-09,0,-0.0002,0,0,0
827.25,0,0.011444091796875,0,0.030517578125,-0.011444091796875,0,-4.2781534464299444E-07,0,0.0002,0,0,0
827.375,0,0.011444091796875,0,0,-0.011444091796875,0,-4.2633706913717603E-07,0,-0.0002,0,0,0
827.5,0,0.011444091796875,0,0,-0.011444091796875,0,-4.2488637314212642E-07,0,0.0004,0,0,0
827.625,0,0.00762939453125,0,-0.030517578125,-0.00762939453125,0,7.09769679624031E-09,0,-0.0008,0,0,0
827.75,0,0.011444091796875,0,0.030517578125,-0.011444091796875,0,-4.2793068056191808E-07,0,0.0002,0,0,0
827.875,0,0.0152587890625,0,0.030517578125,-0.0152587890625,0,-8.5701069220230412E-07,0,-0.0004,0,0,0
828,0,0.00762939453125,0,-0.06103515625,-0.00762939453125,0,1.1428002680628397E-08,0,0,0,0,0
828.125,0,0.011444091796875,0,0.030517578125,-0.011444091796875,0,-4.23681163216135E-07,0,-0.001,0,0,0
828.25,0,0.011444091796875,0,0,-0.011444091796875,0,-4.22280017244516E-07,0,-0.001,0,0,0
828.375,0,0.00762939453125,0,-0.030517578125,-0.00762939453125,0,9.6554271025705315E-09,0,-0.0008,0,0,0
828.5,0,0.00762939453125,0,0,-0.00762939453125,0,5.1397702543271576E-09,0,0,0,0,0
828.625,0,0.011444091796875,0,0.030517578125,-0.011444091796875,0,-4.2985207896280834E-07,0,0.0006,0,0,0
828.75,0,0.011444091796875,0,0,-0.011444091796875,0,-4.2833580503525776E-07,0,0,0,0,0
828.875,0,0.011444091796875,0,0,-0.011444091796875,0,-4.268478195376708E-07,0,0.0004,0,0,0
829,0,0.011444091796875,0,0,-0.011444091796875,0,-4.2538759470573311E-07,0,0,0,0,0
829.125,0,0.011444091796875,0,0,-0.011444091796875,0,-4.2395461262138796E-07,0,0.0006,0,0,0
829.25,0,0.00762939453125,0,-0.030517578125,-0.00762939453125,0,8.0120738866138234E-09,0,-0.0008,0,0,0
829.375,0,0.011444091796875,0,0.030517578125,-0.011444091796875,0,-4.2703336258719077E-07,0,0.0002,0,0,0
829.5,0,0.011444091796875,0,0,-0.011444091796875,0,-4.2556967616334264E-07,0,0,0,0,0
829.625,0,0.00762939453125,0,-0.030517578125,-0.00762939453125,0,6.427141847327123E-09,0,0.0008,0,0,0
829.75,0,0.011444091796875,0,0.030517578125,-0.011444091796875,0,-4.2858872527348929E-07,0,0.0006,0,0,0
829.875,0,0.011444091796875,0,0,-0.011444091796875,0,-4.2709602115856306E-07,0,-0.0008,0,0,0
830,0,0.011444091796875,0,0,-0.011444091796875,0,-4.2563116574237411E-07,0,-0.0002,0,0,0
830.125,0,0.011444091796875,0,0,-0.011444091796875,0,-4.2419363946447264E-07,0,0.0006,0,0,0
830.25,0,0.0152587890625,0,0.030517578125,-0.0152587890625,0,-8.5334337137336391E-07,0,0,0,0,0
830.375,0,0.011444091796875,0,-0.030517578125,-0.011444091796875,0,-4.1553353493549164E-07,0,-0.0004,0,0,0
830.5,0,0.011444091796875,0,0,-0.011444091796875,0,-4.1428439554249865E-07,0,-0.0006,0,0,0
830.625,0,0.00762939453125,0,-0.030517578125,-0.00762939453125,0,1.7501878143255851E-08,0,0.0002,0,0,0
830.75,0,0.003814697265625,0,-0.030517578125,-0.003814697265625,0,4.4340027255831408E-07,0,0,0,0,0
830.875,0,0.011444091796875,0,0.06103515625,-0.011444091796875,0,-4.2816068157088012E-07,0,0.0002,0,0,0
831,0,0.011444091796875,0,0,-0.011444091796875,0,-4.2667596327176372E-07,0,0,0,0,0
831.125,0,0.00762939453125,0,-0.030517578125,-0.00762939453125,0,5.3414942320857437E-09,0,-0.0002,0,0,0
831.25,0,0.0152587890625,0,0.06103515625,-0.0152587890625,0,-8.6021455737289938E-07,0,0.0008,0,0,0
831.375,0,0.003814697265625,0,-0.091552734375,-0.003814697265625,0,4.3884434947460313E-07,0,0.0014,0,0,0
831.5,0,0.0152587890625,0,0.091552734375,-0.0152587890625,0,-8.6319204579472379E-07,0,-0.0002,0,0,0
831.625,0,0.00762939453125,0,-0.06103515625,-0.00762939453125,0,5.3619717782599E-09,0,-0.0006,0,0,0
831.75,0,0.011444091796875,0,0.030517578125,-0.011444091796875,0,-4.2963402295119592E-07,0,0,0,0,0
831.875,0,0.0152587890625,0,0.030517578125,-0.0152587890625,0,-8.586822561107893E-07,0,0,0,0,0
832,0,0.00762939453125,0,-0.06103515625,-0.00762939453125,0,9.78762437633758E-09,0,-0.0002,0,0,0
832.125,0,0.011444091796875,0,0.030517578125,-0.011444091796875,0,-4.2529093773180182E-07,0,0.0012,0,0,0
832.25,0,0.0152587890625,0,0.030517578125,-0.0152587890625,0,-8.5442019784821511E-07,0,-0.001,0,0,0
832.375,0,0.00762939453125,0,-0.06103515625,-0.00762939453125,0,1.3970167365008396E-08,0,-0.0002,0,0,0
832.5,0,0.011444091796875,0,0.030517578125,-0.011444091796875,0,-4.2118642653689536E-07,0,-0.0004,0,0,0
832.625,0,0.011444091796875,0,0,-0.011444091796875,0,-4.1983182372779211E-07,0,-0.0002,0,0,0
832.75,0,0.0152587890625,0,0.030517578125,-0.0152587890625,0,-8.4906293204020754E-07,0,0.0004,0,0,0
832.875,0,0.00762939453125,0,-0.06103515625,-0.00762939453125,0,1.9227485112277847E-08,0,0.0004,0,0,0
833,0,0.00762939453125,0,0,-0.00762939453125,0,1.4533246750697413E-08,0,-0.0006,0,0,0
833.125,0,0.011444091796875,0,0.030517578125,-0.011444091796875,0,-4.20633852266065E-07,0,0.0002,0,0,0
833.25,0,0.011444091796875,0,0,-0.011444091796875,0,-4.1928955858269168E-07,0,0,0,0,0
833.375,0,0.011444091796875,0,0,-0.011444091796875,0,-4.1797034477243476E-07,0,0,0,0,0
833.5,0,0.011444091796875,0,0,-0.011444091796875,0,-4.1667574293155911E-07,0,-0.0002,0,0,0
833.625,0,0.00762939453125,0,-0.030517578125,-0.00762939453125,0,1.5155145029957175E-08,0,-0.0004,0,0,0
833.75,0,0.011444091796875,0,0.030517578125,-0.011444091796875,0,-4.2002355645889006E-07,0,-0.0002,0,0,0
833.875,0,0.011444091796875,0,0,-0.011444091796875,0,-4.1869064878558041E-07,0,0,0,0,0
834,0,0.00762939453125,0,-0.030517578125,-0.00762939453125,0,1.3177830353954031E-08,0,0.0012,0,0,0
834.125,0,0.00762939453125,0,0,-0.00762939453125,0,8.5964576374430881E-09,0,0,0,0,0
834.25,0,0.011444091796875,0,0.030517578125,-0.011444091796875,0,-4.2645988141702774E-07,0,-0.0006,0,0,0
834.375,0,0.011444091796875,0,0,-0.011444091796875,0,-4.2500689416937914E-07,0,-0.0008,0,0,0
834.5,0,0.011444091796875,0,0,-0.011444091796875,0,-4.2358101464101951E-07,0,0.001,0,0,0
834.625,0,0.011444091796875,0,0,-0.011444091796875,0,-4.2218173709561407E-07,0,-0.0002,0,0,0
834.75,0,0.011444091796875,0,0,-0.011444091796875,0,-4.208085652321198E-07,0,0,0,0,0
834.875,0,0.011444091796875,0,0,-0.011444091796875,0,-4.1946101200875561E-07,0,-0.0008,0,0,0
835,0,0.00762939453125,0,-0.030517578125,-0.00762939453125,0,1.2421839445496769E-08,0,-0.0002,0,0,0
835.125,0,0.011444091796875,0,0.030517578125,-0.011444091796875,0,-4.2270586800975909E-07,0,0,0,0,0
835.25,0,0.0152587890625,0,0.030517578125,-0.0152587890625,0,-8.5188335659099958E-07,0,0.0002,0,0,0
835.375,0,0.003814697265625,0,-0.091552734375,-0.003814697265625,0,4.4702011884958521E-07,0,0.0002,0,0,0
835.5,0,0.011444091796875,0,0.06103515625,-0.011444091796875,0,-4.2460836909815534E-07,0,0,0,0,0
835.625,0,0.011444091796875,0,0,-0.011444091796875,0,-4.2318992466998518E-07,0,0.0008,0,0,0
835.75,0,0.011444091796875,0,0,-0.011444091796875,0,-4.2179794351150168E-07,0,-0.001,0,0,0
835.875,0,0.00762939453125,0,-0.030517578125,-0.00762939453125,0,1.0128507006181153E-08,0,0.0004,0,0,0
836,0,0.00762939453125,0,0,-0.00762939453125,0,5.6040241223004612E-09,0,0,0,0,0
836.125,0,0.011444091796875,0,0.030517578125,-0.011444091796875,0,-4.2939648646715765E-07,0,0.0004,0,0,0
836.25,0,0.011444091796875,0,0,-0.011444091796875,0,-4.278887123206631E-07,0,0.0002,0,0,0
836.375,0,0.003814697265625,0,-0.06103515625,-0.003814697265625,0,4.34711809803906E-07,0,0.0002,0,0,0
836.5,0,0.0152587890625,0,0.091552734375,-0.0152587890625,0,-8.6724748656071614E-07,0,0.0008,0,0,0
836.625,0,0.00762939453125,0,-0.06103515625,-0.00762939453125,0,1.3821915179295023E-09,0,0,0,0,0
836.75,0,0.011444091796875,0,0.030517578125,-0.011444091796875,0,-4.3353955426935338E-07,0,-0.0004,0,0,0
836.875,0,0.011444091796875,0,0,-0.011444091796875,0,-4.3195448479961447E-07,0,0.001,0,0,0
837,0,0.003814697265625,0,-0.06103515625,-0.003814697265625,0,4.3072189058466524E-07,0,0.0004,0,0,0
837.125,0,0.0152587890625,0,0.091552734375,-0.0152587890625,0,-8.711629676798596E-07,0,-0.0006,0,0,0
837.25,0,0.0152587890625,0,0,-0.0152587890625,0,-8.6358111809024965E-07,0,-0.0006,0,0,0
837.375,0,0.00762939453125,0,-0.06103515625,-0.00762939453125,0,4.9801582268058562E-09,0,0,0,0,0
837.5,0,0.00762939453125,0,0,-0.00762939453125,0,5.5172573410284595E-10,0,0.0002,0,0,0
837.625,0,0.019073486328125,0,0.091552734375,-0.019073486328125,0,-1.2954754042639516E-06,0,-0.0004,0,0,0
837.75,0,0.003814697265625,0,-0.1220703125,-0.003814697265625,0,4.4009664429494908E-07,0,-0.0004,0,0,0
837.875,0,0.011444091796875,0,0.06103515625,-0.011444091796875,0,-4.3140267555098268E-07,0,-0.0002,0,0,0
838,0,0.00762939453125,0,-0.030517578125,-0.00762939453125,0,7.0296606448373037E-10,0,0,0,0,0
838.125,0,0.011444091796875,0,0.030517578125,-0.011444091796875,0,-4.342061077238152E-07,0,0.0008,0,0,0
838.25,0,0.00762939453125,0,-0.030517578125,-0.00762939453125,0,-2.0481637550351655E-09,0,-0.001,0,0,0
838.375,0,0.00762939453125,0,0,-0.00762939453125,0,-6.34547205537908E-09,0,-0.0004,0,0,0
838.5,0,0.0152587890625,0,0.06103515625,-0.0152587890625,0,-8.7168348526947493E-07,0,-0.0002,0,0,0
838.625,0,0.00762939453125,0,-0.06103515625,-0.00762939453125,0,-2.9710467894853323E-09,0,-0.0008,0,0,0
838.75,0,0.011444091796875,0,0.030517578125,-0.011444091796875,0,-4.3781157619842337E-07,0,0.0002,0,0,0
838.875,0,0.011444091796875,0,0,-0.011444091796875,0,-4.3614680556720709E-07,0,-0.0002,0,0,0
839,0,0.00762939453125,0,-0.030517578125,-0.00762939453125,0,-3.9526548853616361E-09,0,0,0,0,0
839.125,0,0.00762939453125,0,0,-0.00762939453125,0,-8.214431964744939E-09,0,0.0008,0,0,0
839.25,0,0.00762939453125,0,0,-0.00762939453125,0,-1.2396699016131167E-08,0,0,0,0,0
839.375,0,0.011444091796875,0,0.030517578125,-0.011444091796875,0,-4.4706137833754194E-07,0,-0.0004,0,0,0
839.5,0,0.0152587890625,0,0.030517578125,-0.0152587890625,0,-8.7578447728929824E-07,0,0.0016,0,0,0
839.625,0,0.011444091796875,0,-0.030517578125,-0.011444091796875,0,-4.3755596739046693E-07,0,0.0004,0,0,0
839.75,0,0.00762939453125,0,-0.030517578125,-0.00762939453125,0,-5.3355266202539477E-09,0,-0.0002,0,0,0
839.875,0,0.0152587890625,0,0.06103515625,-0.0152587890625,0,-8.7069238192494407E-07,0,-0.0008,0,0,0
840,0,0.0152587890625,0,0,-0.0152587890625,0,-8.6311931183877862E-07,0,-0.0004,0,0,0
840.125,0,0.011444091796875,0,-0.030517578125,-0.011444091796875,0,-4.2512709014573591E-07,0,0.0002,0,0,0
840.25,0,0.00762939453125,0,-0.030517578125,-0.00762939453125,0,6.8614707397967053E-09,0,0,0,0,0
840.375,0,0.0152587890625,0,0.06103515625,-0.0152587890625,0,-8.5872293837249853E-07,0,0,0,0,0
840.5,0,0.011444091796875,0,-0.030517578125,-0.011444091796875,0,-4.2081273781075346E-07,0,-0.0006,0,0,0
840.625,0,0.00762939453125,0,-0.030517578125,-0.00762939453125,0,1.1095332174257118E-08,0,0.0004,0,0,0
840.75,0,0.00762939453125,0,0,-0.00762939453125,0,6.5528116749052017E-09,0,0,0,0,0
840.875,0,0.00762939453125,0,0,-0.00762939453125,0,2.0950389052803934E-09,0,-0.0008,0,0,0
841,0,0.011444091796875,0,0.030517578125,-0.011444091796875,0,-4.3284000615004731E-07,0,0.0002,0,0,0
841.125,0,0.019073486328125,0,0.06103515625,-0.019073486328125,0,-1.2923888656614911E-06,0,-0.0006,0,0,0
841.25,0,0.003814697265625,0,-0.1220703125,-0.003814697265625,0,4.4312559875677433E-07,0,0.0002,0,0,0
841.375,0,0.011444091796875,0,0.06103515625,-0.011444091796875,0,-4.28430230908788E-07,0,0.0006,0,0,0
841.5,0,0.00762939453125,0,-0.030517578125,-0.00762939453125,0,3.61995516493645E-09,0,0.0008,0,0,0
841.625,0,0.011444091796875,0,0.030517578125,-0.011444091796875,0,-4.3134353955639675E-07,0,-0.0008,0,0,0
841.75,0,0.011444091796875,0,0,-0.011444091796875,0,-4.2979944012991837E-07,0,-0.0002,0,0,0
841.875,0,0.011444091796875,0,0,-0.011444091796875,0,-4.282841482610252E-07,0,0,0,0,0
842,0,0.011444091796875,0,0,-0.011444091796875,0,-4.2679712650027596E-07,0,0.0004,0,0,0
842.125,0,0.011444091796875,0,0,-0.011444091796875,0,-4.2533784742517803E-07,0,-0.0004,0,0,0
842.25,0,0.00762939453125,0,-0.030517578125,-0.00762939453125,0,6.6546454626336579E-09,0,0,0,0,0
842.375,0,0.011444091796875,0,0.030517578125,-0.011444091796875,0,-4.2836546608919959E-07,0,0,0,0,0
842.5,0,0.011444091796875,0,0,-0.011444091796875,0,-4.2687692721887976E-07,0,0.0008,0,0,0
842.625,0,0.00762939453125,0,-0.030517578125,-0.00762939453125,0,5.1442795775216376E-09,0,-0.0002,0,0,0
842.75,0,0.011444091796875,0,0.030517578125,-0.011444091796875,0,-4.2984765376799668E-07,0,0,0,0,0
842.875,0,0.00762939453125,0,-0.030517578125,-0.00762939453125,0,2.228976516469001E-09,0,-0.0002,0,0,0
843,0,0.011444091796875,0,0.030517578125,-0.011444091796875,0,-4.3270856735168184E-07,0,-0.0004,0,0,0
843.125,0,0.00762939453125,0,-0.030517578125,-0.00762939453125,0,-5.7856230948036914E-10,0,-0.0006,0,0,0
843.25,0,0.00762939453125,0,0,-0.00762939453125,0,-4.9032882926134345E-09,0,0.0002,0,0,0
843.375,0,0.011444091796875,0,0.030517578125,-0.011444091796875,0,-4.3970776875456312E-07,0,0.0002,0,0,0
843.5,0,0.00762939453125,0,-0.030517578125,-0.00762939453125,0,-7.4471828093405888E-09,0,-0.0002,0,0,0
843.625,0,0.011444091796875,0,0.030517578125,-0.011444091796875,0,-4.4220420299345808E-07,0,0.001,0,0,0
843.75,0,0.011444091796875,0,0,-0.011444091796875,0,-4.404574811308779E-07,0,-0.0008,0,0,0
843.875,0,0.011444091796875,0,0,-0.011444091796875,0,-4.3874334706010613E-07,0,0.0008,0,0,0
844,0,0.0152587890625,0,0.030517578125,-0.0152587890625,0,-8.6762163172135176E-07,0,0,0,0,0
844.125,0,0.011444091796875,0,-0.030517578125,-0.011444091796875,0,-4.2954541230312372E-07,0,0,0,0,0
844.25,0,0.00762939453125,0,-0.030517578125,-0.00762939453125,0,2.5255792004094383E-09,0,0,0,0,0
844.375,0,0.0152587890625,0,0.06103515625,-0.0152587890625,0,-8.6297793716426727E-07,0,0.0002,0,0,0
844.5,0,0.0152587890625,0,0,-0.0152587890625,0,-8.5554879194969373E-07,0,-0.0004,0,0,0
844.625,0,0.00762939453125,0,-0.06103515625,-0.00762939453125,0,1.2862628928088152E-08,0,0,0,0,0
844.75,0,0.011444091796875,0,0.030517578125,-0.011444091796875,0,-4.2227330213517179E-07,0,0,0,0,0
844.875,0,0.00762939453125,0,-0.030517578125,-0.00762939453125,0,9.6620169311874731E-09,0,0.0002,0,0,0
845,0,0.00762939453125,0,0,-0.00762939453125,0,5.1462371395221252E-09,0,-0.0004,0,0,0
845.125,0,0.00762939453125,0,0,-0.00762939453125,0,7.1470618841694432E-10,0,0.0006,0,0,0
845.25,0,0.011444091796875,0,0.030517578125,-0.011444091796875,0,-4.3419458663001078E-07,0,0,0,0,0
845.375,0,0.00762939453125,0,-0.030517578125,-0.00762939453125,0,-2.0368576050145289E-09,0,0,0,0,0
845.5,0,0.00762939453125,0,0,-0.00762939453125,0,-6.3343768390342164E-09,0,0.0008,0,0,0
845.625,0,0.011444091796875,0,0.030517578125,-0.011444091796875,0,-4.4111215813575948E-07,0,0.0002,0,0,0
845.75,0,0.0152587890625,0,0.030517578125,-0.0152587890625,0,-8.69946248970947E-07,0,-0.0002,0,0,0
845.875,0,0.011444091796875,0,-0.030517578125,-0.011444091796875,0,-4.3182666023068379E-07,0,0.0002,0,0,0
846,0,0.00762939453125,0,-0.030517578125,-0.00762939453125,0,2.8689147325637532E-10,0,0.0006,0,0,0
846.125,0,0.011444091796875,0,0.030517578125,-0.011444091796875,0,-4.3461441980147574E-07,0,-0.0012,0,0,0
846.25,0,0.0152587890625,0,0.030517578125,-0.0152587890625,0,-8.6356973597230456E-07,0,0.0002,0,0,0
846.375,0,0.00762939453125,0,-0.06103515625,-0.00762939453125,0,4.99132799377626E-09,0,-0.0004,0,0,0
846.5,0,0.003814697265625,0,-0.030517578125,-0.003814697265625,0,4.3112312602758683E-07,0,0.0002,0,0,0
846.625,0,0.00762939453125,0,0.030517578125,-0.00762939453125,0,-9.64834007178768E-09,0,-0.0008,0,0,0
846.75,0,0.0152587890625,0,0.06103515625,-0.0152587890625,0,-8.7492473318620126E-07,0,0.0002,0,0,0
846.875,0,0.011444091796875,0,-0.030517578125,-0.011444091796875,0,-4.3671226314033134E-07,0,0,0,0,0
847,0,0.0152587890625,0,0.030517578125,-0.0152587890625,0,-8.65628440806377E-07,0,0,0,0,0
847.125,0,0.00762939453125,0,-0.06103515625,-0.00762939453125,0,2.9710314752833824E-09,0,-0.0004,0,0,0
847.25,0,0.011444091796875,0,0.030517578125,-0.011444091796875,0,-4.3198035657322971E-07,0,0.0002,0,0,0
847.375,0,0.011444091796875,0,0,-0.011444091796875,0,-4.3042437634259519E-07,0,-0.0002,0,0,0
847.5,0,0.00762939453125,0,-0.030517578125,-0.00762939453125,0,1.6630135914717786E-09,0,0.0008,0,0,0
847.625,0,0.0152587890625,0,0.06103515625,-0.0152587890625,0,-8.6382441028069806E-07,0,0.0008,0,0,0
847.75,0,0.011444091796875,0,-0.030517578125,-0.011444091796875,0,-4.2581903388814541E-07,0,-0.0002,0,0,0
847.875,0,0.011444091796875,0,0,-0.011444091796875,0,-4.2437800264007495E-07,0,0.0004,0,0,0
848,0,0.011444091796875,0,0,-0.011444091796875,0,-4.2296385605367138E-07,0,-0.0006,0,0,0
848.125,0,0.011444091796875,0,0,-0.011444091796875,0,-4.2157609255408407E-07,0,0,0,0,0
848.25,0,0.00762939453125,0,-0.030517578125,-0.00762939453125,0,1.0346218991637805E-08,0,0,0,0,0
848.375,0,0.011444091796875,0,0.030517578125,-0.011444091796875,0,-4.2474276456104789E-07,0,-0.0008,0,0,0
848.5,0,0.011444091796875,0,0,-0.011444091796875,0,-4.233218127781245E-07,0,-0.0002,0,0,0
848.625,0,0.00762939453125,0,-0.030517578125,-0.00762939453125,0,8.6330678722931639E-09,0,0.0002,0,0,0
848.75,0,0.011444091796875,0,0.030517578125,-0.011444091796875,0,-4.26423954202604E-07,0,0,0,0,0
848.875,0,0.0152587890625,0,0.030517578125,-0.0152587890625,0,-8.55532076148335E-07,0,0.0002,0,0,0
849,0,0.0152587890625,0,0,-0.0152587890625,0,-8.4824184496112876E-07,0,0.0002,0,0,0
849.125,0,0.0152587890625,0,0,-0.0152587890625,0,-8.4108762428667415E-07,0,-0.0014,0,0,0
849.25,0,0.00762939453125,0,-0.06103515625,-0.00762939453125,0,2.70540011925357E-08,0,0.0002,0,0,0
849.375,0,0.003814697265625,0,-0.030517578125,-0.003814697265625,0,4.5277418601170635E-07,0,0.0002,0,0,0
849.5,0,0.003814697265625,0,0,-0.003814697265625,0,4.42159224893147E-07,0,0.0008,0,0,0
849.625,0,0.00762939453125,0,0.030517578125,-0.00762939453125,0,1.1818633390280039E-09,0,0.0004,0,0,0
849.75,0,0.011444091796875,0,0.030517578125,-0.011444091796875,0,-4.3373614501694009E-07,0,-0.0002,0,0,0
849.875,0,0.011444091796875,0,0,-0.011444091796875,0,-4.32147407843435E-07,0,0.0004,0,0,0
850,0,0.011444091796875,0,0,-0.011444091796875,0,-4.3058831101356884E-07,0,-0.0002,0,0,0
850.125,0,0.0152587890625,0,0.030517578125,-0.0152587890625,0,-8.5961874045674452E-07,0,-0.0004,0,0,0
850.25,0,0.011444091796875,0,-0.030517578125,-0.011444091796875,0,-4.2169182732475669E-07,0,0.0006,0,0,0
850.375,0,0.00762939453125,0,-0.030517578125,-0.00762939453125,0,1.0232643431708723E-08,0,-0.0002,0,0,0
850.5,0,0.011444091796875,0,0.030517578125,-0.011444091796875,0,-4.2485422119364185E-07,0,0.0004,0,0,0
850.625,0,0.011444091796875,0,0,-0.011444091796875,0,-4.2343119001524257E-07,0,0.0004,0,0,0
850.75,0,0.00762939453125,0,-0.030517578125,-0.00762939453125,0,8.5257312363195023E-09,0,0.0002,0,0,0
850.875,0,0.00762939453125,0,0,-0.00762939453125,0,4.0311506077564857E-09,0,0.0002,0,0,0
851,0,0.00762939453125,0,0,-0.00762939453125,0,-3.795766833476249E-10,0,0.0002,0,0,0
851.125,0,0,0,-0.06103515625,0,0,8.5641286278110439E-07,0,-0.0006,0,0,0
851.25,0,0.003814697265625,0,0.030517578125,-0.003814697265625,0,4.0987472033266565E-07,0,0.0008,0,0,0
851.375,0,0.011444091796875,0,0.06103515625,-0.011444091796875,0,-4.6106076288464681E-07,0,-0.0002,0,0,0
851.5,0,0.00762939453125,0,-0.030517578125,-0.00762939453125,0,-2.8401803882955077E-08,0,-0.0002,0,0,0
851.625,0,0.003814697265625,0,-0.030517578125,-0.003814697265625,0,3.9835299455678316E-07,0,-0.0002,0,0,0
851.75,0,0.011444091796875,0,0.06103515625,-0.011444091796875,0,-4.7236753308637532E-07,0,0.0008,0,0,0
851.875,0,0.011444091796875,0,0,-0.011444091796875,0,-4.7005806775422825E-07,0,0,0,0,0
852,0,0.011444091796875,0,0,-0.011444091796875,0,-4.6779168906171458E-07,0,-0.0004,0,0,0
852.125,0,0.011444091796875,0,0,-0.011444091796875,0,-4.6556759316108259E-07,0,0.0004,0,0,0
852.25,0,0.011444091796875,0,0,-0.011444091796875,0,-4.6338499120160084E-07,0,-0.0002,0,0,0
852.375,0,0.011444091796875,0,0,-0.011444091796875,0,-4.6124310904976564E-07,0,-0.0002,0,0,0
852.5,0,0.011444091796875,0,0,-0.011444091796875,0,-4.5914118701472835E-07,0,-0.0008,0,0,0
852.625,0,0.011444091796875,0,0,-0.011444091796875,0,-4.5707847957884548E-07,0,0.0004,0,0,0
852.75,0,0.011444091796875,0,0,-0.011444091796875,0,-4.5505425513325561E-07,0,0,0,0,0
852.875,0,0.011444091796875,0,0,-0.011444091796875,0,-4.5306779571838962E-07,0,0.0002,0,0,0
853,0,0.00762939453125,0,-0.030517578125,-0.00762939453125,0,-2.0557957853568992E-08,0,0.0006,0,0,0
853.125,0,0.00762939453125,0,0,-0.00762939453125,0,-2.4509937381529652E-08,0,0,0,0,0
853.25,0,0.011444091796875,0,0.030517578125,-0.011444091796875,0,-4.5894862554863362E-07,0,0,0,0,0
853.375,0,0.00762939453125,0,-0.030517578125,-0.00762939453125,0,-2.6329071728299803E-08,0,-0.0004,0,0,0
853.5,0,0.003814697265625,0,-0.030517578125,-0.003814697265625,0,4.0038705669454707E-07,0,-0.001,0,0,0
853.625,0,0.011444091796875,0,0.06103515625,-0.011444091796875,0,-4.7037141951666385E-07,0,-0.0004,0,0,0
853.75,0,0.011444091796875,0,0,-0.011444091796875,0,-4.6809919476347167E-07,0,0.0008,0,0,0
853.875,0,0.011444091796875,0,0,-0.011444091796875,0,-4.6586936186944453E-07,0,0.0002,0,0,0
854,0,0.011444091796875,0,0,-0.011444091796875,0,-4.636811299490325E-07,0,-0.0012,0,0,0
854.125,0,0.0152587890625,0,0.030517578125,-0.0152587890625,0,-8.9209416178762925E-07,0,-0.0008,0,0,0
854.25,0,0.011444091796875,0,-0.030517578125,-0.011444091796875,0,-4.5356136955611581E-07,0,0.0004,0,0,0
854.375,0,0.011444091796875,0,0,-0.011444091796875,0,-4.5160276222544471E-07,0,-0.0002,0,0,0
854.5,0,0.00762939453125,0,-0.030517578125,-0.00762939453125,0,-1.912025682120824E-08,0,0,0,0,0
854.625,0,0.00762939453125,0,0,-0.00762939453125,0,-2.3099058880522644E-08,0,0.0006,0,0,0
854.75,0,0.003814697265625,0,-0.030517578125,-0.003814697265625,0,4.0355680866823955E-07,0,-0.0004,0,0,0
854.875,0,0.0152587890625,0,0.091552734375,-0.0152587890625,0,-8.9782124307321137E-07,0,0.0008,0,0,0
855,0,0.019073486328125,0,0.030517578125,-0.019073486328125,0,-1.3203024811340494E-06,0,0,0,0,0
855.125,0,0.0152587890625,0,-0.030517578125,-0.0152587890625,0,-8.7594856189137684E-07,0,-0.0002,0,0,0
855.25,0,0.011444091796875,0,-0.030517578125,-0.011444091796875,0,-4.3771699074108582E-07,0,-0.0008,0,0,0
855.375,0,0.00762939453125,0,-0.030517578125,-0.00762939453125,0,-5.4935458317830984E-09,0,0.0002,0,0,0
855.5,0,0.011444091796875,0,0.030517578125,-0.011444091796875,0,-4.4028701412848092E-07,0,-0.0002,0,0,0
855.625,0,0.0152587890625,0,0.030517578125,-0.0152587890625,0,-8.69136499298449E-07,0,0,0,0,0
855.75,0,0.011444091796875,0,-0.030517578125,-0.011444091796875,0,-4.3103201768789523E-07,0,0.0002,0,0,0
855.875,0,0.00762939453125,0,-0.030517578125,-0.00762939453125,0,1.0667087331528798E-09,0,-0.0006,0,0,0
856,0,0.00762939453125,0,0,-0.00762939453125,0,-3.288712320188193E-09,0,0.0008,0,0,0
856.125,0,0.011444091796875,0,0.030517578125,-0.011444091796875,0,-4.3812331518844394E-07,0,-0.0006,0,0,0
856.25,0,0.00762939453125,0,-0.030517578125,-0.00762939453125,0,-5.8922896695542929E-09,0,0.001,0,0,0
856.375,0,0.0152587890625,0,0.06103515625,-0.0152587890625,0,-8.7123875770038825E-07,0,0,0,0,0
856.5,0,0.0152587890625,0,0,-0.0152587890625,0,-8.6365549413098963E-07,0,0.0002,0,0,0
856.625,0,0.00762939453125,0,-0.06103515625,-0.00762939453125,0,4.9071697858796134E-09,0,0.0004,0,0,0
856.75,0,0.011444091796875,0,0.030517578125,-0.011444091796875,0,-4.3008033991057853E-07,0,-0.0004,0,0,0
856.875,0,0.011444091796875,0,0,-0.011444091796875,0,-4.2855980742280535E-07,0,0.0006,0,0,0
857,0,0.0152587890625,0,0.030517578125,-0.0152587890625,0,-8.5762808173076154E-07,0,-0.0004,0,0,0
857.125,0,0.011444091796875,0,-0.030517578125,-0.011444091796875,0,-4.1973830740920122E-07,0,0.0002,0,0,0
857.25,0,0.011444091796875,0,0,-0.011444091796875,0,-4.1841072149709692E-07,0,0.0006,0,0,0
857.375,0,0.0152587890625,0,0.030517578125,-0.0152587890625,0,-8.476683426646065E-07,0,0.0002,0,0,0
857.5,0,0.00762939453125,0,-0.06103515625,-0.00762939453125,0,2.0596056271009938E-08,0,0.0008,0,0,0
857.625,0,0.0152587890625,0,0.06103515625,-0.0152587890625,0,-8.4524459272895989E-07,0,0.0006,0,0,0
857.75,0,0.0152587890625,0,0,-0.0152587890625,0,-8.3814629042012015E-07,0,0.001,0,0,0
857.875,0,0.011444091796875,0,-0.030517578125,-0.011444091796875,0,-4.00619978978877E-07,0,-0.0002,0,0,0
858,0,0.011444091796875,0,0,-0.011444091796875,0,-3.9964907498617805E-07,0,0.0002,0,0,0
858.125,0,0.011444091796875,0,0,-0.011444091796875,0,-3.9869628470571795E-07,0,-0.0002,0,0,0
858.25,0,0.00762939453125,0,-0.030517578125,-0.00762939453125,0,3.2799168717510468E-08,0,0.0002,0,0,0
858.375,0,0.0152587890625,0,0.06103515625,-0.0152587890625,0,-8.3326914817643869E-07,0,0.0012,0,0,0
858.5,0,0.0152587890625,0,0,-0.0152587890625,0,-8.2639426626568935E-07,0,0.0004,0,0,0
858.625,0,0.00762939453125,0,-0.06103515625,-0.00762939453125,0,4.1473231945515067E-08,0,0.0002,0,0,0
858.75,0,0.0152587890625,0,0.06103515625,-0.0152587890625,0,-8.247569129833736E-07,0,0.0004,0,0,0
858.875,0,0.019073486328125,0,0.030517578125,-0.019073486328125,0,-1.2486012788715994E-06,0,-0.0002,0,0,0
859,0,0.011444091796875,0,-0.06103515625,-0.011444091796875,0,-3.7502461728742438E-07,0,-0.0004,0,0,0
859.125,0,0.011444091796875,0,0,-0.011444091796875,0,-3.7453123426468131E-07,0,-0.0004,0,0,0
859.25,0,0.011444091796875,0,0,-0.011444091796875,0,-3.7404705606359381E-07,0,-0.0002,0,0,0
859.375,0,0.00762939453125,0,-0.030517578125,-0.00762939453125,0,5.6988527961743588E-08,0,0,0,0,0
859.5,0,0.011444091796875,0,0.030517578125,-0.011444091796875,0,-3.7897063984107608E-07,0,0.001,0,0,0
859.625,0,0.0152587890625,0,0.030517578125,-0.0152587890625,0,-8.0896407659402476E-07,0,0.0006,0,0,0
859.75,0,0.0152587890625,0,0,-0.0152587890625,0,-8.0254264330013E-07,0,-0.0002,0,0,0
859.875,0,0.0152587890625,0,0,-0.0152587890625,0,-7.9624101175359749E-07,0,0.0002,0,0,0
860,0,0.011444091796875,0,-0.030517578125,-0.011444091796875,0,-3.5949650795220452E-07,0,0.0004,0,0,0
860.125,0,0.011444091796875,0,0,-0.011444091796875,0,-3.5929282577138434E-07,0,0,0,0,0
860.25,0,0.0152587890625,0,0.030517578125,-0.0152587890625,0,-7.8965338251171369E-07,0,-0.001,0,0,0
860.375,0,0.011444091796875,0,-0.030517578125,-0.011444091796875,0,-3.5303178109955891E-07,0,0,0,0,0
860.5,0,0.011444091796875,0,0,-0.011444091796875,0,-3.5294870837424824E-07,0,0.0004,0,0,0
860.625,0,0.011444091796875,0,0,-0.011444091796875,0,-3.5286718549882227E-07,0,-0.0002,0,0,0
860.75,0,0.0152587890625,0,0.030517578125,-0.0152587890625,0,-7.8334762247419291E-07,0,-0.0004,0,0,0
860.875,0,0.011444091796875,0,-0.030517578125,-0.011444091796875,0,-3.4684366474630104E-07,0,-0.0002,0,0,0
861,0,0.0152587890625,0,0.030517578125,-0.0152587890625,0,-7.7743647979653416E-07,0,0.0002,0,0,0
861.125,0,0.0152587890625,0,0,-0.0152587890625,0,-7.7160324247285462E-07,0,0,0,0,0
861.25,0,0.0152587890625,0,0,-0.0152587890625,0,-7.6587883319303566E-07,0,0.0004,0,0,0
861.375,0,0.00762939453125,0,-0.06103515625,-0.00762939453125,0,1.0085965622952553E-07,0,0.0002,0,0,0
861.5,0,0.019073486328125,0,0.091552734375,-0.019073486328125,0,-1.197038873002572E-06,0,-0.0008,0,0,0
861.625,0,0.00762939453125,0,-0.091552734375,-0.00762939453125,0,1.061362512471022E-07,0,0,0,0,0
861.75,0,0.019073486328125,0,0.091552734375,-0.019073486328125,0,-1.1918607210076505E-06,0,-0.0002,0,0,0
861.875,0,0.011444091796875,0,-0.06103515625,-0.011444091796875,0,-3.1934264208988391E-07,0,0.0004,0,0,0
862,0,0.00762939453125,0,-0.030517578125,-0.00762939453125,0,1.1067234667540233E-07,0,0.0004,0,0,0
862.125,0,0.0152587890625,0,0.06103515625,-0.0152587890625,0,-7.5684881452370908E-07,0,-0.0002,0,0,0
862.25,0,0.011444091796875,0,-0.030517578125,-0.011444091796875,0,-3.2083923294989258E-07,0,0,0,0,0
862.375,0,0.0152587890625,0,0.030517578125,-0.0152587890625,0,-7.51917200804148E-07,0,0.0002,0,0,0
862.5,0,0.00762939453125,0,-0.06103515625,-0.00762939453125,0,1.1456081282124045E-07,0,0.0006,0,0,0
862.625,0,0.0152587890625,0,0.06103515625,-0.0152587890625,0,-7.5303289371432631E-07,0,0.0006,0,0,0
862.75,0,0.011444091796875,0,-0.030517578125,-0.011444091796875,0,-3.1709450403176487E-07,0,0,0,0,0
862.875,0,0.011444091796875,0,0,-0.011444091796875,0,-3.1768189666693063E-07,0,0,0,0,0
863,0,0.0152587890625,0,0.030517578125,-0.0152587890625,0,-7.4881876950180279E-07,0,0,0,0,0
863.125,0,0.011444091796875,0,-0.030517578125,-0.011444091796875,0,-3.1295900080947142E-07,0,0.0004,0,0,0
863.25,0,0.011444091796875,0,0,-0.011444091796875,0,-3.1362354763897013E-07,0,-0.0008,0,0,0
863.375,0,0.00762939453125,0,-0.030517578125,-0.00762939453125,0,1.1628474259388702E-07,0,-0.0002,0,0,0
863.5,0,0.0152587890625,0,0.06103515625,-0.0152587890625,0,-7.5134112651187864E-07,0,0.0008,0,0,0
863.625,0,0.0152587890625,0,0,-0.0152587890625,0,-7.4599473827289052E-07,0,0,0,0,0
863.75,0,0.011444091796875,0,-0.030517578125,-0.011444091796875,0,-3.1018765624105152E-07,0,-0.0002,0,0,0
863.875,0,0.011444091796875,0,0,-0.011444091796875,0,-3.1090390678008743E-07,0,0.0012,0,0,0
864,0,0.0152587890625,0,0.030517578125,-0.0152587890625,0,-7.421672334757854E-07,0,0.0002,0,0,0
864.125,0,0.0152587890625,0,0,-0.0152587890625,0,-7.3699199836812134E-07,0,-0.0004,0,0,0
864.25,0,0.019073486328125,0,0.030517578125,-0.019073486328125,0,-1.1624737541733319E-06,0,-0.0002,0,0,0
864.375,0,0.0152587890625,0,-0.030517578125,-0.0152587890625,0,-7.2106437338624767E-07,0,-0.0004,0,0,0
864.5,0,0.011444091796875,0,-0.030517578125,-0.011444091796875,0,-2.857224057827778E-07,0,0.001,0,0,0
864.625,0,0.011444091796875,0,0,-0.011444091796875,0,-2.8689509332277815E-07,0,-0.0006,0,0,0
864.75,0,0.00762939453125,0,-0.030517578125,-0.00762939453125,0,1.4251453634867149E-07,0,0.0002,0,0,0
864.875,0,0.00762939453125,0,0,-0.00762939453125,0,1.3552018779528792E-07,0,0.0008,0,0,0
865,0,0.011444091796875,0,0.030517578125,-0.011444091796875,0,-3.0190410930822375E-07,0,0.0006,0,0,0
865.125,0,0.011444091796875,0,0,-0.011444091796875,0,-3.0277490219808564E-07,0,0,0,0,0
865.25,0,0.0152587890625,0,0.030517578125,-0.0152587890625,0,-7.3418988801857221E-07,0,-0.0012,0,0,0
865.375,0,0.0152587890625,0,0,-0.0152587890625,0,-7.2916348260069039E-07,0,-0.0002,0,0,0
865.5,0,0.00762939453125,0,-0.06103515625,-0.00762939453125,0,1.3689002529910612E-07,0,0.0002,0,0,0
865.625,0,0.011444091796875,0,0.030517578125,-0.011444091796875,0,-3.005598282369104E-07,0,-0.0004,0,0,0
865.75,0,0.019073486328125,0,0.06103515625,-0.019073486328125,0,-1.1625765785960974E-06,0,0.0002,0,0,0
865.875,0,0.00762939453125,0,-0.091552734375,-0.00762939453125,0,1.3995559837077365E-07,0,-0.0004,0,0,0
866,0,0.011444091796875,0,0.030517578125,-0.011444091796875,0,-2.9755144816154821E-07,0,0.0008,0,0,0
866.125,0,0.0152587890625,0,0.030517578125,-0.0152587890625,0,-7.2906388557768378E-07,0,0.0004,0,0,0
866.25,0,0.011444091796875,0,-0.030517578125,-0.011444091796875,0,-2.9357267472979809E-07,0,-0.0006,0,0,0
866.375,0,0.011444091796875,0,0,-0.011444091796875,0,-2.9459890338841267E-07,0,0,0,0,0
866.5,0,0.019073486328125,0,0.06103515625,-0.019073486328125,0,-1.1567268639992774E-06,0,0,0,0,0
866.625,0,0.011444091796875,0,-0.06103515625,-0.011444091796875,0,-2.8486426140097743E-07,0,0.0002,0,0,0
866.75,0,0.011444091796875,0,0,-0.011444091796875,0,-2.8605295894866979E-07,0,-0.0002,0,0,0
866.875,0,0.0152587890625,0,0.030517578125,-0.0152587890625,0,-7.1777991842501893E-07,0,0,0,0,0
867,0,0.011444091796875,0,-0.030517578125,-0.011444091796875,0,-2.8249922739727274E-07,0,0.001,0,0,0
867.125,0,0.011444091796875,0,0,-0.011444091796875,0,-2.8373204830391746E-07,0,-0.0012,0,0,0
867.25,0,0.0152587890625,0,0.030517578125,-0.0152587890625,0,-7.1550230794986854E-07,0,0,0,0,0
867.375,0,0.0152587890625,0,0,-0.0152587890625,0,-7.1082454817599475E-07,0,0,0,0,0
867.5,0,0.0152587890625,0,0,-0.0152587890625,0,-7.0623405922920934E-07,0,0.0012,0,0,0
867.625,0,0.011444091796875,0,-0.030517578125,-0.011444091796875,0,-2.7116877402180746E-07,0,0,0,0,0
867.75,0,0.011444091796875,0,0,-0.011444091796875,0,-2.7261298202081347E-07,0,0.0004,0,0,0
867.875,0,0.011444091796875,0,0,-0.011444091796875,0,-2.7403024609096172E-07,0,0,0,0,0
868,0,0.011444091796875,0,0,-0.011444091796875,0,-2.7542106891282366E-07,0,0,0,0,0
868.125,0,0.011444091796875,0,0,-0.011444091796875,0,-2.7678594378868909E-07,0,0.0004,0,0,0
868.25,0,0.011444091796875,0,0,-0.011444091796875,0,-2.7812535481753216E-07,0,0,0,0,0
868.375,0,0.0152587890625,0,0.030517578125,-0.0152587890625,0,-7.10000215982467E-07,0,0.001,0,0,0
868.5,0,0.011444091796875,0,-0.030517578125,-0.011444091796875,0,-2.7486466730907073E-07,0,0.001,0,0,0
868.625,0,0.0152587890625,0,0.030517578125,-0.0152587890625,0,-7.0680036163122112E-07,0,-0.0006,0,0,0
868.75,0,0.0152587890625,0,0,-0.0152587890625,0,-7.0228495009437077E-07,0,0,0,0,0
868.875,0,0.011444091796875,0,-0.030517578125,-0.011444091796875,0,-2.6729334161196548E-07,0,-0.0002,0,0,0
869,0,0.00762939453125,0,-0.030517578125,-0.00762939453125,0,1.6175058713278437E-07,0,0.0008,0,0,0
869.125,0,0.011444091796875,0,0.030517578125,-0.011444091796875,0,-2.7616307854793137E-07,0,-0.0006,0,0,0
869.25,0,0.011444091796875,0,0,-0.011444091796875,0,-2.7751411008901822E-07,0,-0.0006,0,0,0
869.375,0,0.011444091796875,0,0,-0.011444091796875,0,-2.7883993605185547E-07,0,0.0004,0,0,0
869.5,0,0.011444091796875,0,0,-0.011444091796875,0,-2.8014102668540147E-07,0,0.0008,0,0,0
869.625,0,0.019073486328125,0,0.06103515625,-0.019073486328125,0,-1.1425387212969008E-06,0,-0.0008,0,0,0
869.75,0,0.011444091796875,0,-0.06103515625,-0.011444091796875,0,-2.709408203952121E-07,0,-0.001,0,0,0
869.875,0,0.00762939453125,0,-0.030517578125,-0.00762939453125,0,1.5817115769486312E-07,0,-0.0006,0,0,0
870,0,0.00762939453125,0,0,-0.00762939453125,0,1.5088471070967808E-07,0,0.0006,0,0,0
870.125,0,0.00762939453125,0,0,-0.00762939453125,0,1.4373420363711632E-07,0,-0.0004,0,0,0
870.25,0,0.00762939453125,0,0,-0.00762939453125,0,1.3671710030833155E-07,0,0.0008,0,0,0
870.375,0,0.011444091796875,0,0.030517578125,-0.011444091796875,0,-3.0072952704513208E-07,0,-0.0002,0,0,0
870.5,0,0.011444091796875,0,0,-0.011444091796875,0,-3.0162223357967406E-07,0,0,0,0,0
870.625,0,0.0152587890625,0,0.030517578125,-0.0152587890625,0,-7.3305872421198313E-07,0,0.0002,0,0,0
870.75,0,0.0152587890625,0,0,-0.0152587890625,0,-7.2805342240047388E-07,0,0.001,0,0,0
870.875,0,0.0152587890625,0,0,-0.0152587890625,0,-7.2314150221821326E-07,0,0.0008,0,0,0
871,0,0.011444091796875,0,-0.030517578125,-0.011444091796875,0,-2.87760782571052E-07,0,0.0008,0,0,0
871.125,0,0.00762939453125,0,-0.030517578125,-0.00762939453125,0,1.4166499786921662E-07,0,0.0002,0,0,0
871.25,0,0.011444091796875,0,0.030517578125,-0.011444091796875,0,-2.958739401486165E-07,0,-0.0002,0,0,0
871.375,0,0.00762939453125,0,-0.030517578125,-0.00762939453125,0,1.3370320376611855E-07,0,-0.0004,0,0,0
871.5,0,0.011444091796875,0,0.030517578125,-0.011444091796875,0,-3.0368719469644158E-07,0,0.0008,0,0,0
871.625,0,0.0152587890625,0,0.030517578125,-0.0152587890625,0,-7.35085160292563E-07,0,-0.0008,0,0,0
871.75,0,0.011444091796875,0,-0.030517578125,-0.011444091796875,0,-2.9948161327311313E-07,0,-0.0008,0,0,0
871.875,0,0.0152587890625,0,0.030517578125,-0.0152587890625,0,-7.3095804048054923E-07,0,-0.0002,0,0,0
872,0,0.00762939453125,0,-0.06103515625,-0.00762939453125,0,1.3512894766577643E-07,0,0.0004,0,0,0
872.125,0,0.0152587890625,0,0.06103515625,-0.0152587890625,0,-7.3284848916512836E-07,0,0,0,0,0
872.25,0,0.0152587890625,0,0,-0.0152587890625,0,-7.2784710961284342E-07,0,-0.0002,0,0,0
872.375,0,0.011444091796875,0,-0.030517578125,-0.011444091796875,0,-2.9237859959825538E-07,0,-0.001,0,0,0
872.5,0,0.011444091796875,0,0,-0.011444091796875,0,-2.9342710557109146E-07,0,0.0004,0,0,0
872.625,0,0.011444091796875,0,0,-0.011444091796875,0,-2.9445605004699743E-07,0,0,0,0,0
872.75,0,0.0152587890625,0,0.030517578125,-0.0152587890625,0,-7.2602623689163813E-07,0,0,0,0,0
872.875,0,0.011444091796875,0,-0.030517578125,-0.011444091796875,0,-2.9059169806755244E-07,0,0,0,0,0
873,0,0.00762939453125,0,-0.030517578125,-0.00762939453125,0,1.3888689746984384E-07,0,0,0,0,0
873.125,0,0.011444091796875,0,0.030517578125,-0.011444091796875,0,-2.9860021079800039E-07,0,0.0002,0,0,0
873.25,0,0.011444091796875,0,0,-0.011444091796875,0,-2.9953264301299691E-07,0,0,0,0,0
873.375,0,0.00762939453125,0,-0.030517578125,-0.00762939453125,0,1.3011275964961751E-07,0,0,0,0,0
873.5,0,0.00762939453125,0,0,-0.00762939453125,0,1.2334978537841437E-07,0,0.0008,0,0,0
873.625,0,0.00762939453125,0,0,-0.00762939453125,0,1.1671298482855581E-07,0,0.0008,0,0,0
873.75,0,0.00762939453125,0,0,-0.00762939453125,0,1.1020000403456459E-07,0,0.0002,0,0,0
873.875,0,0.011444091796875,0,0.030517578125,-0.011444091796875,0,-3.2675190596793108E-07,0,-0.0002,0,0,0
874,0,0.0152587890625,0,0.030517578125,-0.0152587890625,0,-7.57719563782866E-07,0,-0.0006,0,0,0
874.125,0,0.011444091796875,0,-0.030517578125,-0.011444091796875,0,-3.2169373703791909E-07,0,0.0002,0,0,0
874.25,0,0.011444091796875,0,0,-0.011444091796875,0,-3.2219532388402715E-07,0,0.0004,0,0,0
874.375,0,0.0152587890625,0,0.030517578125,-0.0152587890625,0,-7.5324799176924818E-07,0,-0.0004,0,0,0
874.5,0,0.011444091796875,0,-0.030517578125,-0.011444091796875,0,-3.1730558910054267E-07,0,0.0008,0,0,0
874.625,0,0.0152587890625,0,0.030517578125,-0.0152587890625,0,-7.4844948253376663E-07,0,0.0004,0,0,0
874.75,0,0.011444091796875,0,-0.030517578125,-0.011444091796875,0,-3.1259660345969086E-07,0,0.0004,0,0,0
874.875,0,0.011444091796875,0,0,-0.011444091796875,0,-3.1326791137098491E-07,0,0,0,0,0
875,0,0.011444091796875,0,0,-0.011444091796875,0,-3.1392669499726184E-07,0,-0.0012,0,0,0
875.125,0,0.0152587890625,0,0.030517578125,-0.0152587890625,0,-7.4513362691413868E-07,0,0.0004,0,0,0
875.25,0,0.011444091796875,0,-0.030517578125,-0.011444091796875,0,-3.0934261024352518E-07,0,0,0,0,0
875.375,0,0.011444091796875,0,0,-0.011444091796875,0,-3.1007462641968161E-07,0,-0.0012,0,0,0
875.5,0,0.00762939453125,0,-0.030517578125,-0.00762939453125,0,1.1976745321129538E-07,0,0,0,0,0
875.625,0,0.011444091796875,0,0.030517578125,-0.011444091796875,0,-3.1736295231964603E-07,0,-0.0004,0,0,0
875.75,0,0.011444091796875,0,0,-0.011444091796875,0,-3.1794533663774416E-07,0,0.0006,0,0,0
875.875,0,0.011444091796875,0,0,-0.011444091796875,0,-3.1851685567767908E-07,0,0.001,0,0,0
876,0,0.003814697265625,0,-0.06103515625,-0.003814697265625,0,5.420431656835244E-07,0,0.001,0,0,0
876.125,0,0.011444091796875,0,0.06103515625,-0.011444091796875,0,-3.3135812383816127E-07,0,-0.001,0,0,0
876.25,0,0.011444091796875,0,0,-0.011444091796875,0,-3.3167940663486727E-07,0,0.0006,0,0,0
876.375,0,0.0152587890625,0,0.030517578125,-0.0152587890625,0,-7.6255513432096482E-07,0,0,0,0,0
876.5,0,0.00762939453125,0,-0.06103515625,-0.00762939453125,0,1.0412134637015649E-07,0,0,0,0,0
876.625,0,0.00762939453125,0,0,-0.00762939453125,0,9.7843282022452331E-08,0,-0.0002,0,0,0
876.75,0,0.011444091796875,0,0.030517578125,-0.011444091796875,0,-3.3887809426257417E-07,0,0.0014,0,0,0
876.875,0,0.0152587890625,0,0.030517578125,-0.0152587890625,0,-7.6961951932228839E-07,0,-0.0006,0,0,0
877,0,0.011444091796875,0,-0.030517578125,-0.011444091796875,0,-3.3337168054328178E-07,0,0.001,0,0,0
877.125,0,0.011444091796875,0,0,-0.011444091796875,0,-3.3365539733242434E-07,0,0.0004,0,0,0
877.25,0,0.011444091796875,0,0,-0.011444091796875,0,-3.3393382094704653E-07,0,0.001,0,0,0
877.375,0,0.00762939453125,0,-0.030517578125,-0.00762939453125,0,9.6353388776265774E-08,0,-0.0002,0,0,0
877.5,0,0.003814697265625,0,-0.030517578125,-0.003814697265625,0,5.2078068658038876E-07,0,-0.0006,0,0,0
877.625,0,0.0152587890625,0,0.091552734375,-0.0152587890625,0,-7.827843574980874E-07,0,-0.0008,0,0,0
877.75,0,0.0152587890625,0,0,-0.0152587890625,0,-7.76851347263283E-07,0,0,0,0,0
877.875,0,0.0152587890625,0,0,-0.0152587890625,0,-7.7102902648996118E-07,0,-0.0002,0,0,0
878,0,0.0152587890625,0,0,-0.0152587890625,0,-7.6531533009540717E-07,0,-0.0004,0,0,0
878.125,0,0.0152587890625,0,0,-0.0152587890625,0,-7.597082315242108E-07,0,0.0004,0,0,0
878.25,0,0.0152587890625,0,0,-0.0152587890625,0,-7.5420574202948044E-07,0,0.0006,0,0,0
878.375,0,0.011444091796875,0,-0.030517578125,-0.011444091796875,0,-3.1824547105171344E-07,0,0.0004,0,0,0
878.5,0,0.011444091796875,0,0,-0.011444091796875,0,-3.1881139062100193E-07,0,-0.0006,0,0,0
878.625,0,0.0152587890625,0,0.030517578125,-0.0152587890625,0,-7.4992719100317708E-07,0,0.0012,0,0,0
878.75,0,0.011444091796875,0,-0.030517578125,-0.011444091796875,0,-3.1404674299727173E-07,0,-0.0006,0,0,0
878.875,0,0.0152587890625,0,0.030517578125,-0.0152587890625,0,-7.4525143523345583E-07,0,0,0,0,0
879,0,0.0152587890625,0,0,-0.0152587890625,0,-7.4001865958260211E-07,0,0.0002,0,0,0
879.125,0,0.00762939453125,0,-0.06103515625,-0.00762939453125,0,1.2623736839500892E-07,0,-0.0008,0,0,0
879.25,0,0.011444091796875,0,0.030517578125,-0.011444091796875,0,-3.1101374338776449E-07,0,0,0,0,0
879.375,0,0.00762939453125,0,-0.030517578125,-0.00762939453125,0,1.1884585691945483E-07,0,0.0002,0,0,0
879.5,0,0.011444091796875,0,0.030517578125,-0.011444091796875,0,-3.182673548104967E-07,0,0,0,0,0
879.625,0,0.00762939453125,0,-0.030517578125,-0.00762939453125,0,1.1172757281125802E-07,0,-0.0002,0,0,0
879.75,0,0.011444091796875,0,0.030517578125,-0.011444091796875,0,-3.2525283634404175E-07,0,0.0004,0,0,0
879.875,0,0.011444091796875,0,0,-0.011444091796875,0,-3.2568802270035344E-07,0,0.0006,0,0,0
880,0,0.011444091796875,0,0,-0.011444091796875,0,-3.2611508998362827E-07,0,-0.0002,0,0,0
880.125,0,0.00762939453125,0,-0.030517578125,-0.00762939453125,0,1.0402624924805033E-07,0,0.0002,0,0,0
880.25,0,0.0152587890625,0,0.06103515625,-0.0152587890625,0,-7.6337091874759756E-07,0,-0.0008,0,0,0
880.375,0,0.011444091796875,0,-0.030517578125,-0.011444091796875,0,-3.2723965725486892E-07,0,0,0,0,0
880.5,0,0.00762939453125,0,-0.030517578125,-0.00762939453125,0,1.0292266251463593E-07,0,-0.0006,0,0,0
880.625,0,0.0152587890625,0,0.06103515625,-0.0152587890625,0,-7.6445391636749515E-07,0,0,0,0,0
880.75,0,0.00762939453125,0,-0.06103515625,-0.00762939453125,0,1.0225798903281864E-07,0,0,0,0,0
880.875,0,0.0152587890625,0,0.06103515625,-0.0152587890625,0,-7.6510618933981511E-07,0,0.0004,0,0,0
881,0,0.011444091796875,0,-0.030517578125,-0.011444091796875,0,-3.289425536963977E-07,0,0,0,0,0
881.125,0,0.00762939453125,0,-0.030517578125,-0.00762939453125,0,1.0125153623405643E-07,0,-0.0002,0,0,0
881.25,0,0.00762939453125,0,0,-0.00762939453125,0,9.5027012623002115E-08,0,0.0002,0,0,0
881.375,0,0.00762939453125,0,0,-0.00762939453125,0,8.8918617105314654E-08,0,0.0002,0,0,0
881.5,0,0.011444091796875,0,0.030517578125,-0.011444091796875,0,-3.4763625578354436E-07,0,0.0006,0,0,0
881.625,0,0.011444091796875,0,0,-0.011444091796875,0,-3.47653844909134E-07,0,-0.0008,0,0,0
881.75,0,0.00762939453125,0,-0.030517578125,-0.00762939453125,0,8.2889333033310033E-08,0,0.0002,0,0,0
881.875,0,0.011444091796875,0,0.030517578125,-0.011444091796875,0,-3.5355305425706788E-07,0,0,0,0,0
882,0,0.011444091796875,0,0,-0.011444091796875,0,-3.5346025637659876E-07,0,0,0,0,0
882.125,0,0.00762939453125,0,-0.030517578125,-0.00762939453125,0,7.71912491319618E-08,0,0.0008,0,0,0
882.25,0,0.011444091796875,0,0.030517578125,-0.011444091796875,0,-3.5914483161021172E-07,0,0,0,0,0
882.375,0,0.011444091796875,0,0,-0.011444091796875,0,-3.5894771049424237E-07,0,0,0,0,0
882.5,0,0.0152587890625,0,0.030517578125,-0.0152587890625,0,-7.8931470589263306E-07,0,0.0004,0,0,0
882.625,0,0.0152587890625,0,0,-0.0152587890625,0,-7.8325986193119082E-07,0,0,0,0,0
882.75,0,0.0152587890625,0,0,-0.0152587890625,0,-7.7731798042740992E-07,0,-0.0008,0,0,0
882.875,0,0.0152587890625,0,0,-0.0152587890625,0,-7.7148695389232427E-07,0,0.001,0,0,0
883,0,0.003814697265625,0,-0.091552734375,-0.003814697265625,0,5.2591660259183293E-07,0,0.0004,0,0,0
883.125,0,0.019073486328125,0,0.1220703125,-0.019073486328125,0,-1.2083046988411023E-06,0,-0.0002,0,0,0
883.25,0,0.0152587890625,0,-0.030517578125,-0.0152587890625,0,-7.6604027105700471E-07,0,-0.0006,0,0,0
883.375,0,0.0152587890625,0,0,-0.0152587890625,0,-7.6041964759347371E-07,0,0.0002,0,0,0
883.5,0,0.00762939453125,0,-0.06103515625,-0.00762939453125,0,1.0621699229735997E-07,0,-0.0006,0,0,0
883.625,0,0.011444091796875,0,0.030517578125,-0.011444091796875,0,-3.30660608474775E-07,0,0,0,0,0
883.75,0,0.00762939453125,0,-0.030517578125,-0.00762939453125,0,9.9565534418794037E-08,0,0,0,0,0
883.875,0,0.00762939453125,0,0,-0.00762939453125,0,9.3372465773365E-08,0,-0.0004,0,0,0
884,0,0.003814697265625,0,-0.030517578125,-0.003814697265625,0,5.1785537729613232E-07,0,-0.0004,0,0,0
884.125,0,0.011444091796875,0,0.06103515625,-0.011444091796875,0,-3.5509465170768806E-07,0,-0.0002,0,0,0
884.25,0,0.00762939453125,0,-0.030517578125,-0.00762939453125,0,7.5587345967898733E-08,0,0.0004,0,0,0
884.375,0,0.011444091796875,0,0.030517578125,-0.011444091796875,0,-3.6071881148567857E-07,0,0.0002,0,0,0
884.5,0,0.019073486328125,0,0.06103515625,-0.019073486328125,0,-1.2216132031777442E-06,0,0.0008,0,0,0
884.625,0,0.011444091796875,0,-0.06103515625,-0.011444091796875,0,-3.485400457924129E-07,0,-0.0004,0,0,0
884.75,0,0.011444091796875,0,0,-0.011444091796875,0,-3.4854077332069929E-07,0,0.0002,0,0,0
884.875,0,0.011444091796875,0,0,-0.011444091796875,0,-3.4854148727582285E-07,0,-0.0006,0,0,0
885,0,0.00762939453125,0,-0.030517578125,-0.00762939453125,0,8.2018251004741264E-08,0,-0.0006,0,0,0
885.125,0,0.011444091796875,0,0.030517578125,-0.011444091796875,0,-3.5440788490617941E-07,0,-0.0006,0,0,0
885.25,0,0.011444091796875,0,0,-0.011444091796875,0,-3.5429913884081524E-07,0,0.0002,0,0,0
885.375,0,0.00762939453125,0,-0.030517578125,-0.00762939453125,0,7.6368017314640653E-08,0,0,0,0,0
885.5,0,0.011444091796875,0,0.030517578125,-0.011444091796875,0,-3.5995270476760673E-07,0,0,0,0,0
885.625,0,0.011444091796875,0,0,-0.011444091796875,0,-3.5974051153121297E-07,0,0.0008,0,0,0
885.75,0,0.00762939453125,0,-0.030517578125,-0.00762939453125,0,7.1028161828661935E-08,0,0,0,0,0
885.875,0,0.011444091796875,0,0.030517578125,-0.011444091796875,0,-3.6519293700927164E-07,0,0,0,0,0
886,0,0.00762939453125,0,-0.030517578125,-0.00762939453125,0,6.5677459761832269E-08,0,0,0,0,0
886.125,0,0.00762939453125,0,0,-0.00762939453125,0,6.0116625443669344E-08,0,0.0008,0,0,0
886.25,0,0.011444091796875,0,0.030517578125,-0.011444091796875,0,-3.7590090184481389E-07,0,0.0008,0,0,0
886.375,0,0.0152587890625,0,0.030517578125,-0.0152587890625,0,-8.059516092971633E-07,0,-0.0004,0,0,0
886.5,0,0.0152587890625,0,0,-0.0152587890625,0,-7.9958637822939438E-07,0,0,0,0,0
886.625,0,0.0152587890625,0,0,-0.0152587890625,0,-7.9333990036973072E-07,0,0,0,0,0
886.75,0,0.011444091796875,0,-0.030517578125,-0.011444091796875,0,-3.5664952127806733E-07,0,0.001,0,0,0
886.875,0,0.0152587890625,0,0.030517578125,-0.0152587890625,0,-7.8705939294274717E-07,0,-0.0006,0,0,0
887,0,0.011444091796875,0,-0.030517578125,-0.011444091796875,0,-3.5048618640892849E-07,0,-0.0006,0,0,0
887.125,0,0.0152587890625,0,0.030517578125,-0.0152587890625,0,-7.8101104459657108E-07,0,-0.0002,0,0,0
887.25,0,0.00762939453125,0,-0.06103515625,-0.00762939453125,0,8.60097595810657E-08,0,0.0004,0,0,0
887.375,0,0.00762939453125,0,0,-0.00762939453125,0,8.0069594833891666E-08,0,-0.0002,0,0,0
887.5,0,0.00762939453125,0,0,-0.00762939453125,0,7.42402530266691E-08,0,-0.0004,0,0,0
887.625,0,0.0152587890625,0,0.06103515625,-0.0152587890625,0,-7.9260121124506991E-07,0,-0.0006,0,0,0
887.75,0,0.00762939453125,0,-0.06103515625,-0.00762939453125,0,7.46358253768144E-08,0,0.0004,0,0,0
887.875,0,0.003814697265625,0,-0.030517578125,-0.003814697265625,0,4.9946829783971345E-07,0,-0.0006,0,0,0
888,0,0.003814697265625,0,0,-0.003814697265625,0,4.8798218600876615E-07,0,-0.0002,0,0,0
888.125,0,0.0152587890625,0,0.091552734375,-0.0152587890625,0,-8.1497095142838724E-07,0,0.0008,0,0,0
888.25,0,0.0152587890625,0,0,-0.0152587890625,0,-8.0843745061492048E-07,0,0.0008,0,0,0
888.375,0,0.011444091796875,0,-0.030517578125,-0.011444091796875,0,-3.7146540342557808E-07,0,-0.0002,0,0,0
888.5,0,0.00762939453125,0,-0.030517578125,-0.00762939453125,0,5.9522015885907839E-08,0,0.0002,0,0,0
888.625,0,0.00762939453125,0,0,-0.00762939453125,0,5.407602087205221E-08,0,0.0004,0,0,0
888.75,0,0.011444091796875,0,0.030517578125,-0.011444091796875,0,-3.8182880961656041E-07,0,0,0,0,0
888.875,0,0.0152587890625,0,0.030517578125,-0.0152587890625,0,-8.1176892280174932E-07,0,0.001,0,0,0
889,0,0.011444091796875,0,-0.030517578125,-0.011444091796875,0,-3.747347218577847E-07,0,0,0,0,0
889.125,0,0.00762939453125,0,-0.030517578125,-0.00762939453125,0,5.6313691634118035E-08,0,0.0004,0,0,0
889.25,0,0.00762939453125,0,0,-0.00762939453125,0,5.0927552860120083E-08,0,0.0002,0,0,0
889.375,0,0.0152587890625,0,0.06103515625,-0.0152587890625,0,-8.1547897701491E-07,0,0,0,0,0
889.5,0,0.0152587890625,0,0,-0.0152587890625,0,-8.0893599820016461E-07,0,-0.0002,0,0,0
889.625,0,0.011444091796875,0,-0.030517578125,-0.011444091796875,0,-3.7195464983628338E-07,0,0.0004,0,0,0
889.75,0,0.0152587890625,0,0.030517578125,-0.0152587890625,0,-8.0207898070952911E-07,0,0,0,0,0
889.875,0,0.0152587890625,0,0,-0.0152587890625,0,-7.9578599950412743E-07,0,-0.0006,0,0,0
890,0,0.011444091796875,0,-0.030517578125,-0.011444091796875,0,-3.5904998465840265E-07,0,0.0008,0,0,0
890.125,0,0.011444091796875,0,0,-0.011444091796875,0,-3.5885463305868285E-07,0,-0.0002,0,0,0
890.25,0,0.011444091796875,0,0,-0.011444091796875,0,-3.5866292604451352E-07,0,-0.0012,0,0,0
890.375,0,0.011444091796875,0,0,-0.011444091796875,0,-3.5847479562052711E-07,0,0.0006,0,0,0
890.5,0,0.00762939453125,0,-0.030517578125,-0.00762939453125,0,7.2270263855838542E-08,0,0.0004,0,0,0
890.625,0,0.011444091796875,0,0.030517578125,-0.011444091796875,0,-3.6397400831216751E-07,0,-0.0002,0,0,0
890.75,0,0.011444091796875,0,0,-0.011444091796875,0,-3.6368679145265663E-07,0,0,0,0,0
890.875,0,0.0152587890625,0,0.030517578125,-0.0152587890625,0,-7.9396537198263318E-07,0,0,0,0,0
891,0,0.011444091796875,0,-0.030517578125,-0.011444091796875,0,-3.5726332375283166E-07,0,0.0008,0,0,0
891.125,0,0.011444091796875,0,0,-0.011444091796875,0,-3.5710130506939938E-07,0,-0.0002,0,0,0
891.25,0,0.0152587890625,0,0.030517578125,-0.0152587890625,0,-7.8750274801027959E-07,0,-0.0002,0,0,0
891.375,0,0.0152587890625,0,0,-0.0152587890625,0,-7.8148170891926388E-07,0,0,0,0,0
891.5,0,0.00762939453125,0,-0.06103515625,-0.00762939453125,0,8.5547876227620616E-08,0,0.0008,0,0,0
891.625,0,0.0152587890625,0,0.06103515625,-0.0152587890625,0,-7.8150454920434367E-07,0,0,0,0,0
891.75,0,0.0152587890625,0,0,-0.0152587890625,0,-7.755954157682011E-07,0,0,0,0,0
891.875,0,0.011444091796875,0,-0.030517578125,-0.011444091796875,0,-3.3923608741926353E-07,0,-0.0002,0,0,0
892,0,0.011444091796875,0,0,-0.011444091796875,0,-3.3941039464844781E-07,0,0,0,0,0
892.125,0,0.011444091796875,0,0,-0.011444091796875,0,-3.3958144990728864E-07,0,-0.0004,0,0,0
892.25,0,0.00762939453125,0,-0.030517578125,-0.00762939453125,0,9.081112504944201E-08,0,0.0004,0,0,0
892.375,0,0.011444091796875,0,0.030517578125,-0.011444091796875,0,-3.4577905549554718E-07,0,-0.0002,0,0,0
892.5,0,0.00762939453125,0,-0.030517578125,-0.00762939453125,0,8.47291453572964E-08,0,0,0,0,0
892.625,0,0.00762939453125,0,0,-0.00762939453125,0,7.88128724446526E-08,0,0,0,0,0
892.75,0,0.003814697265625,0,-0.030517578125,-0.003814697265625,0,5.0356741564867138E-07,0,0,0,0,0
892.875,0,0.00762939453125,0,0.030517578125,-0.00762939453125,0,6.1444389533672088E-08,0,0,0,0,0
893,0,0.011444091796875,0,0.030517578125,-0.011444091796875,0,-3.7459790924285548E-07,0,-0.0008,0,0,0
893.125,0,0.011444091796875,0,0,-0.011444091796875,0,-3.7411248711716035E-07,0,-0.0002,0,0,0
893.25,0,0.011444091796875,0,0,-0.011444091796875,0,-3.736361212903015E-07,0,-0.0004,0,0,0
893.375,0,0.011444091796875,0,0,-0.011444091796875,0,-3.7316864280304885E-07,0,-0.0008,0,0,0
893.5,0,0.00762939453125,0,-0.030517578125,-0.00762939453125,0,5.7850553067385547E-08,0,0.0002,0,0,0
893.625,0,0.011444091796875,0,0.030517578125,-0.011444091796875,0,-3.78124697144018E-07,0,0,0,0,0
893.75,0,0.011444091796875,0,0,-0.011444091796875,0,-3.7757347734764749E-07,0,-0.0006,0,0,0
893.875,0,0.0152587890625,0,0.030517578125,-0.0152587890625,0,-8.0759298032294884E-07,0,0.0004,0,0,0
894,0,0.019073486328125,0,0.030517578125,-0.019073486328125,0,-1.2317575658615576E-06,0,0.0006,0,0,0
894.125,0,0.0152587890625,0,-0.030517578125,-0.0152587890625,0,-7.8905558865179231E-07,0,0.0002,0,0,0
894.25,0,0.011444091796875,0,-0.030517578125,-0.011444091796875,0,-3.5244514000658267E-07,0,0.0004,0,0,0
894.375,0,0.00762939453125,0,-0.030517578125,-0.00762939453125,0,7.8187426939613669E-08,0,0.0008,0,0,0
894.5,0,0.011444091796875,0,0.030517578125,-0.011444091796875,0,-3.5816723903681806E-07,0,0,0,0,0
894.625,0,0.011444091796875,0,0,-0.011444091796875,0,-3.5798835641888194E-07,0,-0.0002,0,0,0
894.75,0,0.0152587890625,0,0.030517578125,-0.0152587890625,0,-7.8837325004798007E-07,0,0.0006,0,0,0
894.875,0,0.011444091796875,0,-0.030517578125,-0.011444091796875,0,-3.5177553148237863E-07,0,0,0,0,0
895,0,0.011444091796875,0,0,-0.011444091796875,0,-3.5171589603226387E-07,0,-0.0002,0,0,0
895.125,0,0.011444091796875,0,0,-0.011444091796875,0,-3.5165737317349777E-07,0,0,0,0,0
895.25,0,0.019073486328125,0,0.06103515625,-0.019073486328125,0,-1.212720819980478E-06,0,-0.0002,0,0,0
895.375,0,0.0152587890625,0,-0.030517578125,-0.0152587890625,0,-7.7037400264176742E-07,0,0.001,0,0,0
895.5,0,0.0152587890625,0,0,-0.0152587890625,0,-7.6467252672790457E-07,0,-0.0002,0,0,0
895.625,0,0.00762939453125,0,-0.06103515625,-0.00762939453125,0,1.0204345718603218E-07,0,0.0008,0,0,0
895.75,0,0.011444091796875,0,0.030517578125,-0.011444091796875,0,-3.347562798481908E-07,0,0.0006,0,0,0
895.875,0,0.00762939453125,0,-0.030517578125,-0.00762939453125,0,9.554627411510364E-08,0,0.0006,0,0,0
896,0,0.0152587890625,0,0.06103515625,-0.0152587890625,0,-7.71692686858526E-07,0,0.0002,0,0,0
896.125,0,0.00762939453125,0,-0.06103515625,-0.00762939453125,0,9.5154268975840373E-08,0,-0.001,0,0,0
896.25,0,0.02288818359375,0,0.1220703125,-0.02288818359375,0,-1.6331982563684978E-06,0,-0.0002,0,0,0
896.375,0,0.0152587890625,0,-0.06103515625,-0.0152587890625,0,-7.5461410465441243E-07,0,0.0004,0,0,0
896.5,0,0.0152587890625,0,0,-0.0152587890625,0,-7.4920665395746387E-07,0,0.0002,0,0,0
896.625,0,0.0152587890625,0,0,-0.0152587890625,0,-7.4390008759779963E-07,0,-0.0002,0,0,0
896.75,0,0.011444091796875,0,-0.030517578125,-0.011444091796875,0,-3.0813208450667434E-07,0,0.0002,0,0,0
896.875,0,0.02288818359375,0,0.091552734375,-0.02288818359375,0,-1.6005680016557395E-06,0,0.0002,0,0,0
897,0,0.00762939453125,0,-0.1220703125,-0.00762939453125,0,1.3852826013465563E-07,0,-0.0002,0,0,0
897.125,0,0.0152587890625,0,0.06103515625,-0.0152587890625,0,-7.29512596116021E-07,0,-0.0008,0,0,0
897.25,0,0.0152587890625,0,0,-0.0152587890625,0,-7.24573452796366E-07,0,0,0,0,0
897.375,0,0.00762939453125,0,-0.06103515625,-0.00762939453125,0,1.4139442101430493E-07,0,0.0002,0,0,0
897.5,0,0.011444091796875,0,0.030517578125,-0.011444091796875,0,-2.9613946897475792E-07,0,0.0002,0,0,0
897.625,0,0.0152587890625,0,0.030517578125,-0.0152587890625,0,-7.2767824904152538E-07,0,0.0004,0,0,0
897.75,0,0.011444091796875,0,-0.030517578125,-0.011444091796875,0,-2.9221288938147324E-07,0,0.0002,0,0,0
897.875,0,0.00762939453125,0,-0.030517578125,-0.00762939453125,0,1.3729595198163317E-07,0,-0.0002,0,0,0
898,0,0.011444091796875,0,0.030517578125,-0.011444091796875,0,-3.0016147474305352E-07,0,-0.0006,0,0,0
898.125,0,0.011444091796875,0,0,-0.011444091796875,0,-3.0106477916988331E-07,0,0.0002,0,0,0
898.25,0,0.011444091796875,0,0,-0.011444091796875,0,-3.0195123105869218E-07,0,0,0,0,0
898.375,0,0.011444091796875,0,0,-0.011444091796875,0,-3.0282114481958291E-07,0,-0.0004,0,0,0
898.5,0,0.011444091796875,0,0,-0.011444091796875,0,-3.0367482899685276E-07,0,0.0016,0,0,0
898.625,0,0.0152587890625,0,0.030517578125,-0.0152587890625,0,-7.350730252941821E-07,0,0.0004,0,0,0
898.75,0,0.011444091796875,0,-0.030517578125,-0.011444091796875,0,-2.9946970467185315E-07,0,-0.0002,0,0,0
898.875,0,0.0152587890625,0,0.030517578125,-0.0152587890625,0,-7.3094635405262264E-07,0,0.0002,0,0,0
899,0,0.011444091796875,0,-0.030517578125,-0.011444091796875,0,-2.95420022850397E-07,0,0.0002,0,0,0
899.125,0,0.00762939453125,0,-0.030517578125,-0.00762939453125,0,1.3414865253667515E-07,0,0.0004,0,0,0
899.25,0,0.0152587890625,0,0.06103515625,-0.0152587890625,0,-7.3381049537584919E-07,0,0.0004,0,0,0
899.375,0,0.0152587890625,0,0,-0.0152587890625,0,-7.2879116811317891E-07,0,-0.0004,0,0,0
899.5,0,0.011444091796875,0,-0.030517578125,-0.011444091796875,0,-2.933050452304388E-07,0,0.0004,0,0,0
899.625,0,0.011444091796875,0,0,-0.011444091796875,0,-2.9433626693035762E-07,0,-0.0002,0,0,0
899.75,0,0.011444091796875,0,0,-0.011444091796875,0,-2.9534824959812989E-07,0,0.0006,0,0,0
899.875,0,0.011444091796875,0,0,-0.011444091796875,0,-2.9634135216758907E-07,0,-0.0004,0,0,0
900,0,0.00762939453125,0,-0.030517578125,-0.00762939453125,0,1.3324451203964893E-07,0,0.0004,0,0,0
900.125,0,0.00762939453125,0,0,-0.00762939453125,0,1.2642311009483142E-07,0,-0.0004,0,0,0
900.25,0,0.00762939453125,0,0,-0.00762939453125,0,1.1972897192977271E-07,0,-0.0008,0,0,0
900.375,0,0.00762939453125,0,0,-0.00762939453125,0,1.1315972324227373E-07,0,0.0006,0,0,0
900.5,0,0.0152587890625,0,0.06103515625,-0.0152587890625,0,-7.5440784380509942E-07,0,0,0,0,0
900.625,0,0.0152587890625,0,0,-0.0152587890625,0,-7.4900424122258711E-07,0,-0.0002,0,0,0
900.75,0,0.011444091796875,0,-0.030517578125,-0.011444091796875,0,-3.1314101226909297E-07,0,-0.0008,0,0,0
900.875,0,0.011444091796875,0,0,-0.011444091796875,0,-3.1380216339394065E-07,0,0.0002,0,0,0
901,0,0.00762939453125,0,-0.030517578125,-0.00762939453125,0,1.1610945919145723E-07,0,-0.0006,0,0,0
901.125,0,0.011444091796875,0,0.030517578125,-0.011444091796875,0,-3.2095270081619356E-07,0,0.0002,0,0,0
901.25,0,0.00762939453125,0,-0.030517578125,-0.00762939453125,0,1.090923260792016E-07,0,0.0008,0,0,0
901.375,0,0.0152587890625,0,0.06103515625,-0.0152587890625,0,-7.583993573974716E-07,0,-0.0002,0,0,0
901.5,0,0.00762939453125,0,-0.06103515625,-0.00762939453125,0,1.0819959086213541E-07,0,-0.0006,0,0,0
901.625,0,0.011444091796875,0,0.030517578125,-0.011444091796875,0,-3.2871499834568167E-07,0,0.0008,0,0,0
901.75,0,0.019073486328125,0,0.06103515625,-0.019073486328125,0,-1.1902064705587074E-06,0,-0.001,0,0,0
901.875,0,0.011444091796875,0,-0.06103515625,-0.011444091796875,0,-3.1771925423583018E-07,0,-0.0006,0,0,0
902,0,0.019073486328125,0,0.06103515625,-0.019073486328125,0,-1.179415869023359E-06,0,0.0008,0,0,0
902.125,0,0.011444091796875,0,-0.06103515625,-0.011444091796875,0,-3.0712996802369073E-07,0,0.0002,0,0,0
902.25,0,0.0152587890625,0,0.030517578125,-0.0152587890625,0,-7.384637033706605E-07,0,0.0004,0,0,0
902.375,0,0.0152587890625,0,0,-0.0152587890625,0,-7.3335756333222734E-07,0,0,0,0,0
902.5,0,0.011444091796875,0,-0.030517578125,-0.011444091796875,0,-2.9778624730002184E-07,0,0,0,0,0
902.625,0,0.011444091796875,0,0,-0.011444091796875,0,-2.987338652601447E-07,0,0,0,0,0
902.75,0,0.011444091796875,0,0,-0.011444091796875,0,-2.9966380394490041E-07,0,0,0,0,0
902.875,0,0.011444091796875,0,0,-0.011444091796875,0,-3.0057639318845276E-07,0,0.0002,0,0,0
903,0,0.011444091796875,0,0,-0.011444091796875,0,-3.0147195667140031E-07,0,0,0,0,0
903.125,0,0.003814697265625,0,-0.06103515625,-0.003814697265625,0,5.5877006579592562E-07,0,0.0006,0,0,0
903.25,0,0.011444091796875,0,0.06103515625,-0.011444091796875,0,-3.1494328985955088E-07,0,0.0002,0,0,0
903.375,0,0.011444091796875,0,0,-0.011444091796875,0,-3.1557081671475547E-07,0,0.0004,0,0,0
903.5,0,0.011444091796875,0,0,-0.011444091796875,0,-3.1618663608810524E-07,0,-0.0002,0,0,0
903.625,0,0.011444091796875,0,0,-0.011444091796875,0,-3.1679096640074063E-07,0,-0.0008,0,0,0
903.75,0,0.0152587890625,0,0.030517578125,-0.0152587890625,0,-7.4794446091457175E-07,0,0.0002,0,0,0
903.875,0,0.0152587890625,0,0,-0.0152587890625,0,-7.4266144271388169E-07,0,0,0,0,0
904,0,0.011444091796875,0,-0.030517578125,-0.011444091796875,0,-3.0691654845448651E-07,0,0.0002,0,0,0
904.125,0,0.00762939453125,0,-0.030517578125,-0.00762939453125,0,1.2286661235864702E-07,0,-0.0014,0,0,0
904.25,0,0.011444091796875,0,0.030517578125,-0.011444091796875,0,-3.1432161276867017E-07,0,0.0002,0,0,0
904.375,0,0.00762939453125,0,-0.030517578125,-0.00762939453125,0,1.1559970094640402E-07,0,-0.0004,0,0,0
904.5,0,0.0152587890625,0,0.06103515625,-0.0152587890625,0,-7.5201338765030269E-07,0,0.0004,0,0,0
904.625,0,0.0152587890625,0,0,-0.0152587890625,0,-7.4665445734237437E-07,0,0.0006,0,0,0
904.75,0,0.0152587890625,0,0,-0.0152587890625,0,-7.4139550614899872E-07,0,0,0,0,0
904.875,0,0.011444091796875,0,-0.030517578125,-0.011444091796875,0,-3.0567422988975739E-07,0,-0.0002,0,0,0
905,0,0.011444091796875,0,0,-0.011444091796875,0,-3.0647468536229163E-07,0,-0.001,0,0,0
905.125,0,0.011444091796875,0,0,-0.011444091796875,0,-3.0726020710275915E-07,0,0.0008,0,0,0
905.25,0,0.011444091796875,0,0,-0.011444091796875,0,-3.0803107372297667E-07,0,-0.0004,0,0,0
905.375,0,0.00762939453125,0,-0.030517578125,-0.00762939453125,0,1.2177288027892544E-07,0,0.0002,0,0,0
905.5,0,0.0152587890625,0,0.06103515625,-0.0152587890625,0,-7.4595537850439992E-07,0,0.0002,0,0,0
905.625,0,0.011444091796875,0,-0.030517578125,-0.011444091796875,0,-3.1014903078978028E-07,0,0.0002,0,0,0
905.75,0,0.00762939453125,0,-0.030517578125,-0.00762939453125,0,1.1969443696953835E-07,0,-0.001,0,0,0
905.875,0,0.011444091796875,0,0.030517578125,-0.011444091796875,0,-3.1743460633073776E-07,0,0,0,0,0
906,0,0.011444091796875,0,0,-0.011444091796875,0,-3.1801565383268574E-07,0,-0.0008,0,0,0
906.125,0,0.0152587890625,0,0.030517578125,-0.0152587890625,0,-7.491462999125919E-07,0,-0.0008,0,0,0
906.25,0,0.011444091796875,0,-0.030517578125,-0.011444091796875,0,-3.1328042063501716E-07,0,0.0004,0,0,0
906.375,0,0.011444091796875,0,0,-0.011444091796875,0,-3.1393897088166981E-07,0,0.0002,0,0,0
906.5,0,0.011444091796875,0,0,-0.011444091796875,0,-3.1458523485722628E-07,0,-0.0004,0,0,0
906.625,0,0.00762939453125,0,-0.030517578125,-0.00762939453125,0,1.1534099713471957E-07,0,0.0002,0,0,0
906.75,0,0.011444091796875,0,0.030517578125,-0.011444091796875,0,-3.21706826027407E-07,0,0.0004,0,0,0
906.875,0,0.00762939453125,0,-0.030517578125,-0.00762939453125,0,1.0835227023753521E-07,0,0,0,0,0
907,0,0.00762939453125,0,0,-0.00762939453125,0,1.0199527147611519E-07,0,-0.001,0,0,0
907.125,0,0.019073486328125,0,0.091552734375,-0.019073486328125,0,-1.1959244444108375E-06,0,0.0004,0,0,0
907.25,0,0.0152587890625,0,-0.030517578125,-0.0152587890625,0,-7.5389098937778381E-07,0,0.0002,0,0,0
907.375,0,0.0152587890625,0,0,-0.0152587890625,0,-7.4849702951219938E-07,0,-0.0002,0,0,0
907.5,0,0.00762939453125,0,-0.06103515625,-0.00762939453125,0,1.1791717553988441E-07,0,0,0,0,0
907.625,0,0.011444091796875,0,0.030517578125,-0.011444091796875,0,-3.1917871020583224E-07,0,0,0,0,0
907.75,0,0.011444091796875,0,0,-0.011444091796875,0,-3.1972721875856828E-07,0,0,0,0,0
907.875,0,0.0152587890625,0,0.030517578125,-0.0152587890625,0,-7.5082593295357267E-07,0,0.001,0,0,0
908,0,0.011444091796875,0,-0.030517578125,-0.011444091796875,0,-3.1492871752968489E-07,0,-0.0004,0,0,0
908.125,0,0.0152587890625,0,0.030517578125,-0.0152587890625,0,-7.4611695516994364E-07,0,0.0006,0,0,0
908.25,0,0.011444091796875,0,-0.030517578125,-0.011444091796875,0,-3.1030759299329047E-07,0,0,0,0,0
908.375,0,0.00762939453125,0,-0.030517578125,-0.00762939453125,0,1.1953883298862067E-07,0,0.0012,0,0,0
908.5,0,0.00762939453125,0,0,-0.00762939453125,0,1.1297313163648266E-07,0,-0.0004,0,0,0
908.625,0,0.0152587890625,0,0.06103515625,-0.0152587890625,0,-7.5459095425654474E-07,0,0.0004,0,0,0
908.75,0,0.0152587890625,0,0,-0.0152587890625,0,-7.49183935465993E-07,0,0.0004,0,0,0
908.875,0,0.011444091796875,0,-0.030517578125,-0.011444091796875,0,-3.1331735403909204E-07,0,0,0,0,0
909,0,0.011444091796875,0,0,-0.011444091796875,0,-3.1397521523609774E-07,0,0.0002,0,0,0
909.125,0,0.011444091796875,0,0,-0.011444091796875,0,-3.1462080301729175E-07,0,0.001,0,0,0
909.25,0,0.011444091796875,0,0,-0.011444091796875,0,-3.1525434636218574E-07,0,0,0,0,0
909.375,0,0.00762939453125,0,-0.030517578125,-0.00762939453125,0,1.1468436893742765E-07,0,0,0,0,0
909.5,0,0.011444091796875,0,0.030517578125,-0.011444091796875,0,-3.2235120381239956E-07,0,0,0,0,0
909.625,0,0.00762939453125,0,-0.030517578125,-0.00762939453125,0,1.0771991431449626E-07,0,0,0,0,0
909.75,0,0.00762939453125,0,0,-0.00762939453125,0,1.0137471312864352E-07,0,0.0002,0,0,0
909.875,0,0.011444091796875,0,0.030517578125,-0.011444091796875,0,-3.3541254745321338E-07,0,-0.001,0,0,0
910,0,0.0152587890625,0,0.030517578125,-0.0152587890625,0,-7.66218627636531E-07,0,0.0006,0,0,0
910.125,0,0.0152587890625,0,0,-0.0152587890625,0,-7.6059467665577717E-07,0,-0.0002,0,0,0
910.25,0,0.0152587890625,0,0,-0.0152587890625,0,-7.5507564915919556E-07,0,0.0002,0,0,0
910.375,0,0.011444091796875,0,-0.030517578125,-0.011444091796875,0,-3.1909914872152249E-07,0,-0.0004,0,0,0
910.5,0,0.011444091796875,0,0,-0.011444091796875,0,-3.1964914161652404E-07,0,-0.0002,0,0,0
910.625,0,0.011444091796875,0,0,-0.011444091796875,0,-3.2018887354534522E-07,0,-0.0004,0,0,0
910.75,0,0.011444091796875,0,0,-0.011444091796875,0,-3.2071853594214438E-07,0,-0.0004,0,0,0
910.875,0,0.00762939453125,0,-0.030517578125,-0.00762939453125,0,1.0932212224617281E-07,0,-0.0004,0,0,0
911,0,0.0152587890625,0,0.06103515625,-0.0152587890625,0,-7.581738484326062E-07,0,0,0,0,0
911.125,0,0.0152587890625,0,0,-0.0152587890625,0,-7.5269998522224012E-07,0,0.0006,0,0,0
911.25,0,0.011444091796875,0,-0.030517578125,-0.011444091796875,0,-3.167678064613279E-07,0,0.0006,0,0,0
911.375,0,0.00762939453125,0,-0.030517578125,-0.00762939453125,0,1.1319914477193802E-07,0,-0.0002,0,0,0
911.5,0,0.003814697265625,0,-0.030517578125,-0.003814697265625,0,5.3731215900235484E-07,0,-0.001,0,0,0
911.625,0,0.011444091796875,0,0.06103515625,-0.011444091796875,0,-3.3600086628901856E-07,0,-0.0008,0,0,0
911.75,0,0.0152587890625,0,0.030517578125,-0.0152587890625,0,-7.6679597047658733E-07,0,0,0,0,0
911.875,0,0.011444091796875,0,-0.030517578125,-0.011444091796875,0,-3.3060080935846978E-07,0,0.0012,0,0,0
912,0,0.011444091796875,0,0,-0.011444091796875,0,-3.3093622102544781E-07,0,0.0002,0,0,0
912.125,0,0.00762939453125,0,-0.030517578125,-0.00762939453125,0,9.929506384556682E-08,0,0,0,0,0
912.25,0,0.011444091796875,0,0.030517578125,-0.011444091796875,0,-3.3745339766969377E-07,0,-0.0002,0,0,0
912.375,0,0.0152587890625,0,0.030517578125,-0.0152587890625,0,-7.6822140264287538E-07,0,0.0002,0,0,0
912.5,0,0.00762939453125,0,-0.06103515625,-0.00762939453125,0,9.8560791027719644E-08,0,-0.0002,0,0,0
912.625,0,0.00762939453125,0,0,-0.00762939453125,0,9.2386467420725557E-08,0,-0.0002,0,0,0
912.75,0,0.011444091796875,0,0.030517578125,-0.011444091796875,0,-3.4423310356719686E-07,0,0.0002,0,0,0
912.875,0,0.00762939453125,0,-0.030517578125,-0.00762939453125,0,8.62462551667804E-08,0,-0.0002,0,0,0
913,0,0.00762939453125,0,0,-0.00762939453125,0,8.03016782295056E-08,0,-0.0008,0,0,0
913.125,0,0.0152587890625,0,0.06103515625,-0.0152587890625,0,-7.86652871283109E-07,0,0.0006,0,0,0
913.25,0,0.00762939453125,0,-0.06103515625,-0.00762939453125,0,8.0473189877576379E-08,0,0.0002,0,0,0
913.375,0,0.0152587890625,0,0.06103515625,-0.0152587890625,0,-7.86484559449502E-07,0,0.0004,0,0,0
913.5,0,0.0152587890625,0,0,-0.0152587890625,0,-7.8048251623731E-07,0,-0.0002,0,0,0
913.625,0,0.0152587890625,0,0,-0.0152587890625,0,-7.7459245040332246E-07,0,-0.0012,0,0,0
913.75,0,0.011444091796875,0,-0.030517578125,-0.011444091796875,0,-3.3825183392099733E-07,0,0,0,0,0
913.875,0,0.00762939453125,0,-0.030517578125,-0.00762939453125,0,9.21159349977059E-08,0,0.0004,0,0,0
914,0,0.00762939453125,0,0,-0.00762939453125,0,8.6061850125361358E-08,0,0.0008,0,0,0
914.125,0,0.011444091796875,0,0.030517578125,-0.011444091796875,0,-3.5043972536705333E-07,0,0.0014,0,0,0
914.25,0,0.00762939453125,0,-0.030517578125,-0.00762939453125,0,8.0155427474377658E-08,0,0.0002,0,0,0
914.375,0,0.011444091796875,0,0.030517578125,-0.011444091796875,0,-3.5623595458895927E-07,0,-0.0008,0,0,0
914.5,0,0.003814697265625,0,-0.06103515625,-0.003814697265625,0,5.0502777476883761E-07,0,0.0012,0,0,0
914.625,0,0.011444091796875,0,0.06103515625,-0.011444091796875,0,-3.6768293551486149E-07,0,0,0,0,0
914.75,0,0.00762939453125,0,-0.030517578125,-0.00762939453125,0,6.3233916020817034E-08,0,0.0004,0,0,0
914.875,0,0.011444091796875,0,0.030517578125,-0.011444091796875,0,-3.7284176913384439E-07,0,-0.001,0,0,0
915,0,0.011444091796875,0,0,-0.011444091796875,0,-3.7238911051187865E-07,0,-0.0004,0,0,0
915.125,0,0.011444091796875,0,0,-0.011444091796875,0,-3.71944896935028E-07,0,0,0,0,0
915.25,0,0.00762939453125,0,-0.030517578125,-0.00762939453125,0,5.9051468067809349E-08,0,0.0006,0,0,0
915.375,0,0.003814697265625,0,-0.030517578125,-0.003814697265625,0,4.8417469076538156E-07,0,0.0004,0,0,0
915.5,0,0.011444091796875,0,0.06103515625,-0.011444091796875,0,-3.8814697305669919E-07,0,0,0,0,0
915.625,0,0.011444091796875,0,0,-0.011444091796875,0,-3.8740877223725577E-07,0,-0.0008,0,0,0
915.75,0,0.011444091796875,0,0,-0.011444091796875,0,-3.8668434369325713E-07,0,-0.0004,0,0,0
915.875,0,0.0152587890625,0,0.030517578125,-0.0152587890625,0,-8.1653386939740528E-07,0,0.0006,0,0,0
916,0,0.011444091796875,0,-0.030517578125,-0.011444091796875,0,-3.7941077102164913E-07,0,0.0008,0,0,0
916.125,0,0.00762939453125,0,-0.030517578125,-0.00762939453125,0,5.1724881383272575E-08,0,-0.0002,0,0,0
916.25,0,0.0152587890625,0,0.06103515625,-0.0152587890625,0,-8.1469652388575813E-07,0,0,0,0,0
916.375,0,0.00762939453125,0,-0.06103515625,-0.00762939453125,0,5.2952734889923015E-08,0,0.0004,0,0,0
916.5,0,0.011444091796875,0,0.030517578125,-0.011444091796875,0,-3.8293113896528896E-07,0,0,0,0,0
916.625,0,0.011444091796875,0,0,-0.011444091796875,0,-3.8229024757965955E-07,0,-0.0004,0,0,0
916.75,0,0.00762939453125,0,-0.030517578125,-0.00762939453125,0,4.88991259039295E-08,0,0,0,0,0
916.875,0,0.00762939453125,0,0,-0.00762939453125,0,4.3651317295449906E-08,0,-0.0002,0,0,0
917,0,0.00762939453125,0,0,-0.00762939453125,0,3.8501414654741832E-08,0,0.0014,0,0,0
917.125,0,0.011444091796875,0,0.030517578125,-0.011444091796875,0,-3.9711284752086061E-07,0,-0.0006,0,0,0
917.25,0,0.00762939453125,0,-0.030517578125,-0.00762939453125,0,3.43530644381958E-08,0,-0.0004,0,0,0
917.375,0,0.00762939453125,0,0,-0.00762939453125,0,2.937663505318208E-08,0,-0.0002,0,0,0
917.5,0,0.011444091796875,0,0.030517578125,-0.011444091796875,0,-4.0606739027800706E-07,0,0.0004,0,0,0
917.625,0,0.0152587890625,0,0.030517578125,-0.0152587890625,0,-8.3555529533707785E-07,0,0.0004,0,0,0
917.75,0,0.0152587890625,0,0,-0.0152587890625,0,-8.2863776182316818E-07,0,0,0,0,0
917.875,0,0.003814697265625,0,-0.091552734375,-0.003814697265625,0,4.6983203117547471E-07,0,-0.0008,0,0,0
918,0,0.011444091796875,0,0.06103515625,-0.011444091796875,0,-4.0222204819901423E-07,0,0.0002,0,0,0
918.125,0,0.0152587890625,0,0.030517578125,-0.0152587890625,0,-8.317816940485262E-07,0,0,0,0,0
918.25,0,0.011444091796875,0,-0.030517578125,-0.011444091796875,0,-3.9437412397415166E-07,0,0.0004,0,0,0
918.375,0,0.00762939453125,0,-0.030517578125,-0.00762939453125,0,3.7040692870866855E-08,0,-0.0002,0,0,0
918.5,0,0.00762939453125,0,0,-0.00762939453125,0,3.20141216300153E-08,0,0,0,0,0
918.625,0,0.011444091796875,0,0.030517578125,-0.011444091796875,0,-4.0347911008331438E-07,0,0.0002,0,0,0
918.75,0,0.011444091796875,0,0,-0.011444091796875,0,-4.024548645877807E-07,0,0,0,0,0
918.875,0,0.011444091796875,0,0,-0.011444091796875,0,-4.0144972797253538E-07,0,0.0006,0,0,0
919,0,0.0152587890625,0,0.030517578125,-0.0152587890625,0,-8.3102378264768188E-07,0,0.0002,0,0,0
919.125,0,0.011444091796875,0,-0.030517578125,-0.011444091796875,0,-3.9363035258006459E-07,0,0,0,0,0
919.25,0,0.011444091796875,0,0,-0.011444091796875,0,-3.9278985085391011E-07,0,-0.0004,0,0,0
919.375,0,0.00762939453125,0,-0.030517578125,-0.00762939453125,0,3.8595408931271863E-08,0,0.0004,0,0,0
919.5,0,0.011444091796875,0,0.030517578125,-0.011444091796875,0,-3.9702060685260697E-07,0,0.0002,0,0,0
919.625,0,0.011444091796875,0,0,-0.011444091796875,0,-3.9611685470131152E-07,0,-0.0012,0,0,0
919.75,0,0.0152587890625,0,0.030517578125,-0.0152587890625,0,-8.25790402356781E-07,0,0,0,0,0
919.875,0,0.0152587890625,0,0,-0.0152587890625,0,-8.1905504799015887E-07,0,-0.0002,0,0,0
920,0,0.0152587890625,0,0,-0.0152587890625,0,-8.1244535205293959E-07,0,0,0,0,0
920.125,0,0.00762939453125,0,-0.06103515625,-0.00762939453125,0,5.5161907638293967E-08,0,0.0002,0,0,0
920.25,0,0.011444091796875,0,0.030517578125,-0.011444091796875,0,-3.8076318174363413E-07,0,0.0004,0,0,0
920.375,0,0.0152587890625,0,0.030517578125,-0.0152587890625,0,-8.107231758612212E-07,0,0.0014,0,0,0
920.5,0,0.0152587890625,0,0,-0.0152587890625,0,-8.0426892385593463E-07,0,0.0004,0,0,0
920.625,0,0.0152587890625,0,0,-0.0152587890625,0,-7.9793508588171579E-07,0,0.0002,0,0,0
920.75,0,0.011444091796875,0,-0.030517578125,-0.011444091796875,0,-3.6115897651324445E-07,0,0,0,0,0
920.875,0,0.011444091796875,0,0,-0.011444091796875,0,-3.6092427841597194E-07,0,0,0,0,0
921,0,0.011444091796875,0,0,-0.011444091796875,0,-3.6069395897387951E-07,0,0,0,0,0
921.125,0,0.0152587890625,0,0.030517578125,-0.0152587890625,0,-7.91028375412151E-07,0,-0.0006,0,0,0
921.25,0,0.0152587890625,0,0,-0.0152587890625,0,-7.84941560301365E-07,0,-0.0004,0,0,0
921.375,0,0.019073486328125,0,0.030517578125,-0.019073486328125,0,-1.2095287430351207E-06,0,0,0,0,0
921.5,0,0.011444091796875,0,-0.06103515625,-0.011444091796875,0,-3.3668103990194104E-07,0,0.0004,0,0,0
921.625,0,0.011444091796875,0,0,-0.011444091796875,0,-3.3690301548539449E-07,0,0.0006,0,0,0
921.75,0,0.00762939453125,0,-0.030517578125,-0.00762939453125,0,9.3439589143957127E-08,0,-0.0002,0,0,0
921.875,0,0.011444091796875,0,0.030517578125,-0.011444091796875,0,-3.4319962945484185E-07,0,-0.0004,0,0,0
922,0,0.0152587890625,0,0.030517578125,-0.0152587890625,0,-7.7386042960674721E-07,0,-0.0002,0,0,0
922.125,0,0.011444091796875,0,-0.030517578125,-0.011444091796875,0,-3.3753347010200354E-07,0,-0.0002,0,0,0
922.25,0,0.011444091796875,0,0,-0.011444091796875,0,-3.3773954228464318E-07,0,0.0004,0,0,0
922.375,0,0.00762939453125,0,-0.030517578125,-0.00762939453125,0,9.2618669043038625E-08,0,-0.0002,0,0,0
922.5,0,0.011444091796875,0,0.030517578125,-0.011444091796875,0,-3.4400523402447104E-07,0,0.0008,0,0,0
922.625,0,0.0152587890625,0,0.030517578125,-0.0152587890625,0,-7.7465100437995749E-07,0,0.0004,0,0,0
922.75,0,0.00762939453125,0,-0.06103515625,-0.00762939453125,0,9.2251143432912676E-08,0,0,0,0,0
922.875,0,0.019073486328125,0,0.091552734375,-0.019073486328125,0,-1.2054867807086973E-06,0,0.0006,0,0,0
923,0,0.0152587890625,0,-0.030517578125,-0.0152587890625,0,-7.6327492553584337E-07,0,0.001,0,0,0
923.125,0,0.011444091796875,0,-0.030517578125,-0.011444091796875,0,-3.2714545494461235E-07,0,0,0,0,0
923.25,0,0.0152587890625,0,0.030517578125,-0.0152587890625,0,-7.5810577049608026E-07,0,-0.0002,0,0,0
923.375,0,0.00762939453125,0,-0.06103515625,-0.00762939453125,0,1.0848770044683133E-07,0,0.0006,0,0,0
923.5,0,0.0152587890625,0,0.06103515625,-0.0152587890625,0,-7.5899270280563914E-07,0,0.0004,0,0,0
923.625,0,0.011444091796875,0,-0.030517578125,-0.011444091796875,0,-3.2294312368757206E-07,0,-0.0004,0,0,0
923.75,0,0.019073486328125,0,0.06103515625,-0.019073486328125,0,-1.1845422791292403E-06,0,0.0002,0,0,0
923.875,0,0.0152587890625,0,-0.030517578125,-0.0152587890625,0,-7.427211759539564E-07,0,-0.0002,0,0,0
924,0,0.011444091796875,0,-0.030517578125,-0.011444091796875,0,-3.0697516727879E-07,0,0,0,0,0
924.125,0,0.0152587890625,0,0.030517578125,-0.0152587890625,0,-7.3831179067253736E-07,0,0.0004,0,0,0
924.25,0,0.00762939453125,0,-0.06103515625,-0.00762939453125,0,1.2791239303159373E-07,0,0.0002,0,0,0
924.375,0,0.00762939453125,0,0,-0.00762939453125,0,1.2119046999515582E-07,0,-0.0002,0,0,0
924.5,0,0.011444091796875,0,0.030517578125,-0.011444091796875,0,-3.1596648410982353E-07,0,0,0,0,0
924.625,0,0.003814697265625,0,-0.06103515625,-0.003814697265625,0,5.4454595613416376E-07,0,-0.0002,0,0,0
924.75,0,0.003814697265625,0,0,-0.003814697265625,0,5.3221885102593472E-07,0,0.0004,0,0,0
924.875,0,0.00762939453125,0,0.030517578125,-0.00762939453125,0,8.9561288170376366E-08,0,0.0002,0,0,0
925,0,0.011444091796875,0,0.030517578125,-0.011444091796875,0,-3.4700557473894225E-07,0,0.0002,0,0,0
925.125,0,0.00762939453125,0,-0.030517578125,-0.00762939453125,0,8.352550872309574E-08,0,0.0002,0,0,0
925.25,0,0.0152587890625,0,0.06103515625,-0.0152587890625,0,-7.8348918632224579E-07,0,0,0,0,0
925.375,0,0.0152587890625,0,0,-0.0152587890625,0,-7.7754302641806675E-07,0,0.0004,0,0,0
925.5,0,0.011444091796875,0,-0.030517578125,-0.011444091796875,0,-3.4114736238699143E-07,0,-0.0004,0,0,0
925.625,0,0.019073486328125,0,0.06103515625,-0.019073486328125,0,-1.202406889663766E-06,0,0.0006,0,0,0
925.75,0,0.011444091796875,0,-0.06103515625,-0.011444091796875,0,-3.2969205569535018E-07,0,0.0012,0,0,0
925.875,0,0.011444091796875,0,0,-0.011444091796875,0,-3.3004442156426111E-07,0,-0.0006,0,0,0
926,0,0.0152587890625,0,0.030517578125,-0.0152587890625,0,-7.609506524198857E-07,0,0.0006,0,0,0
926.125,0,0.011444091796875,0,-0.030517578125,-0.011444091796875,0,-3.2486454473034577E-07,0,0,0,0,0
926.25,0,0.0152587890625,0,0.030517578125,-0.0152587890625,0,-7.5586741418165807E-07,0,0.0008,0,0,0
926.375,0,0.0152587890625,0,0,-0.0152587890625,0,-7.5043658106142829E-07,0,0.0004,0,0,0
926.5,0,0.0152587890625,0,0,-0.0152587890625,0,-7.4510706851367179E-07,0,0,0,0,0
926.625,0,0.00762939453125,0,-0.06103515625,-0.00762939453125,0,1.2124389158475033E-07,0,-0.0002,0,0,0
926.75,0,0.011444091796875,0,0.030517578125,-0.011444091796875,0,-3.1591405918242065E-07,0,0.0002,0,0,0
926.875,0,0.011444091796875,0,0,-0.011444091796875,0,-3.1652347483785988E-07,0,0,0,0,0
927,0,0.00762939453125,0,-0.030517578125,-0.00762939453125,0,1.1343891801192875E-07,0,0.0008,0,0,0
927.125,0,0.011444091796875,0,0.030517578125,-0.011444091796875,0,-3.2357341892895987E-07,0,-0.0004,0,0,0
927.25,0,0.011444091796875,0,0,-0.011444091796875,0,-3.240399374087507E-07,0,0,0,0,0
927.375,0,0.011444091796875,0,0,-0.011444091796875,0,-3.2449775226639088E-07,0,0.0002,0,0,0
927.5,0,0.0152587890625,0,0.030517578125,-0.0152587890625,0,-7.555074647971358E-07,0,-0.0002,0,0,0
927.625,0,0.011444091796875,0,-0.030517578125,-0.011444091796875,0,-3.1952290817237867E-07,0,-0.0006,0,0,0
927.75,0,0.00762939453125,0,-0.030517578125,-0.00762939453125,0,1.1049544373485495E-07,0,0.0002,0,0,0
927.875,0,0.011444091796875,0,0.030517578125,-0.011444091796875,0,-3.264619781511588E-07,0,0,0,0,0
928,0,0.011444091796875,0,0,-0.011444091796875,0,-3.268746061011659E-07,0,0.0006,0,0,0
928.125,0,0.011444091796875,0,0,-0.011444091796875,0,-3.2727953584001688E-07,0,-0.0008,0,0,0
928.25,0,0.011444091796875,0,0,-0.011444091796875,0,-3.2767691098972035E-07,0,0,0,0,0
928.375,0,0.003814697265625,0,-0.06103515625,-0.003814697265625,0,5.3305400533871127E-07,0,0,0,0,0
928.5,0,0.011444091796875,0,0.06103515625,-0.011444091796875,0,-3.4017957752507717E-07,0,0.0006,0,0,0
928.625,0,0.00762939453125,0,-0.030517578125,-0.00762939453125,0,9.0224156425366722E-08,0,0,0,0,0
928.75,0,0.011444091796875,0,0.030517578125,-0.011444091796875,0,-3.4635507331415696E-07,0,0.0008,0,0,0
928.875,0,0.00762939453125,0,-0.030517578125,-0.00762939453125,0,8.4163874039977366E-08,0,-0.0008,0,0,0
929,0,0.00762939453125,0,0,-0.00762939453125,0,7.8258147136059222E-08,0,-0.0002,0,0,0
929.125,0,0.0152587890625,0,0.06103515625,-0.0152587890625,0,-7.8865827715052254E-07,0,0.0004,0,0,0
929.25,0,0.011444091796875,0,-0.030517578125,-0.011444091796875,0,-3.5205524096448225E-07,0,-0.0002,0,0,0
929.375,0,0.00762939453125,0,-0.030517578125,-0.00762939453125,0,7.8570051813409148E-08,0,0,0,0,0
929.5,0,0.00762939453125,0,0,-0.00762939453125,0,7.2768686295260486E-08,0,0,0,0,0
929.625,0,0.011444091796875,0,0.030517578125,-0.011444091796875,0,-3.634848847124959E-07,0,0.0004,0,0,0
929.75,0,0.011444091796875,0,0,-0.011444091796875,0,-3.6320679320853029E-07,0,0.0006,0,0,0
929.875,0,0.0152587890625,0,0.030517578125,-0.0152587890625,0,-7.9349432884646255E-07,0,0.0004,0,0,0
930,0,0.011444091796875,0,-0.030517578125,-0.011444091796875,0,-3.5680106865325878E-07,0,0.0006,0,0,0
930.125,0,0.019073486328125,0,0.06103515625,-0.019073486328125,0,-1.2177685518835464E-06,0,0.0006,0,0,0
930.25,0,0.011444091796875,0,-0.06103515625,-0.011444091796875,0,-3.4476712240100003E-07,0,0.001,0,0,0
930.375,0,0.0152587890625,0,0.030517578125,-0.0152587890625,0,-7.7539867855311071E-07,0,-0.0004,0,0,0
930.5,0,0.011444091796875,0,-0.030517578125,-0.011444091796875,0,-3.3904302064051651E-07,0,0,0,0,0
930.625,0,0.00762939453125,0,-0.030517578125,-0.00762939453125,0,9.1339509087362861E-08,0,0.0012,0,0,0
930.75,0,0.011444091796875,0,0.030517578125,-0.011444091796875,0,-3.4526052927723205E-07,0,0,0,0,0
930.875,0,0.011444091796875,0,0,-0.011444091796875,0,-3.4532244124691035E-07,0,-0.001,0,0,0
931,0,0.011444091796875,0,0,-0.011444091796875,0,-3.4538319815325456E-07,0,0.0008,0,0,0
931.125,0,0.0152587890625,0,0.030517578125,-0.0152587890625,0,-7.7600326046150678E-07,0,0.0002,0,0,0
931.25,0,0.0152587890625,0,0,-0.0152587890625,0,-7.7019676205620123E-07,0,-0.0002,0,0,0
931.375,0,0.011444091796875,0,-0.030517578125,-0.011444091796875,0,-3.3393815392321859E-07,0,-0.0002,0,0,0
931.5,0,0.011444091796875,0,0,-0.011444091796875,0,-3.3421130227730237E-07,0,0.0006,0,0,0
931.625,0,0.00762939453125,0,-0.030517578125,-0.00762939453125,0,9.6081084288422513E-08,0,0.0002,0,0,0
931.75,0,0.011444091796875,0,0.030517578125,-0.011444091796875,0,-3.4060741547853203E-07,0,0.0004,0,0,0
931.875,0,0.0152587890625,0,0.030517578125,-0.0152587890625,0,-7.713165773823526E-07,0,-0.001,0,0,0
932,0,0.011444091796875,0,-0.030517578125,-0.011444091796875,0,-3.3503707736641237E-07,0,0.0002,0,0,0
932.125,0,0.0152587890625,0,0.030517578125,-0.0152587890625,0,-7.6585016252360771E-07,0,-0.0004,0,0,0
932.25,0,0.011444091796875,0,-0.030517578125,-0.011444091796875,0,-3.29672646912381E-07,0,0.0004,0,0,0
932.375,0,0.011444091796875,0,0,-0.011444091796875,0,-3.30025374882089E-07,0,-0.0008,0,0,0
932.5,0,0.011444091796875,0,0,-0.011444091796875,0,-3.303715221672083E-07,0,0.0008,0,0,0
932.625,0,0.0152587890625,0,0.030517578125,-0.0152587890625,0,-7.6127165045631813E-07,0,0,0,0,0
932.75,0,0.02288818359375,0,0.06103515625,-0.02288818359375,0,-1.6168608708003181E-06,0,0.0006,0,0,0
932.875,0,0.011444091796875,0,-0.091552734375,-0.011444091796875,0,-3.0802107930936669E-07,0,0.0006,0,0,0
933,0,0.011444091796875,0,0,-0.011444091796875,0,-3.0877775068442648E-07,0,-0.0002,0,0,0
933.125,0,0.011444091796875,0,0,-0.011444091796875,0,-3.0952030518732354E-07,0,-0.0012,0,0,0
933.25,0,0.0152587890625,0,0.030517578125,-0.0152587890625,0,-7.4080944510584579E-07,0,0.0006,0,0,0
933.375,0,0.00762939453125,0,-0.06103515625,-0.00762939453125,0,1.254613361960058E-07,0,0,0,0,0
933.5,0,0.011444091796875,0,0.030517578125,-0.011444091796875,0,-3.1177529750855751E-07,0,0.0002,0,0,0
933.625,0,0.0152587890625,0,0.030517578125,-0.0152587890625,0,-7.4302236706552525E-07,0,0,0,0,0
933.75,0,0.011444091796875,0,-0.030517578125,-0.011444091796875,0,-3.0727073920538808E-07,0,0,0,0,0
933.875,0,0.0152587890625,0,0.030517578125,-0.0152587890625,0,-7.3860184824873159E-07,0,-0.0002,0,0,0
934,0,0.003814697265625,0,-0.091552734375,-0.003814697265625,0,5.5818818584284017E-07,0,0,0,0,0
934.125,0,0.00762939453125,0,0.030517578125,-0.00762939453125,0,1.1504612497157229E-07,0,0,0,0,0
934.25,0,0.0152587890625,0,0.06103515625,-0.0152587890625,0,-7.5255663581107061E-07,0,0,0,0,0
934.375,0,0.0152587890625,0,0,-0.0152587890625,0,-7.4718757037038721E-07,0,0.0002,0,0,0
934.5,0,0.00762939453125,0,-0.06103515625,-0.00762939453125,0,1.1920220470070812E-07,0,-0.0004,0,0,0
934.625,0,0.011444091796875,0,0.030517578125,-0.011444091796875,0,-3.1791765524700242E-07,0,-0.0002,0,0,0
934.75,0,0.0152587890625,0,0.030517578125,-0.0152587890625,0,-7.4905012964175143E-07,0,-0.0002,0,0,0
934.875,0,0.0152587890625,0,0,-0.0152587890625,0,-7.43746483484738E-07,0,0.0002,0,0,0
935,0,0.0152587890625,0,0,-0.0152587890625,0,-7.3854178503113E-07,0,0,0,0,0
935.125,0,0.0152587890625,0,0,-0.0152587890625,0,-7.3343418825882878E-07,0,0,0,0,0
935.25,0,0.00762939453125,0,-0.06103515625,-0.00762939453125,0,1.326989962453797E-07,0,-0.0002,0,0,0
935.375,0,0.011444091796875,0,0.030517578125,-0.011444091796875,0,-3.0467266717623354E-07,0,-0.0006,0,0,0
935.5,0,0.00762939453125,0,-0.030517578125,-0.00762939453125,0,1.2506863056899835E-07,0,0,0,0,0
935.625,0,0.011444091796875,0,0.030517578125,-0.011444091796875,0,-3.1216067660608757E-07,0,0.0004,0,0,0
935.75,0,0.0152587890625,0,0.030517578125,-0.0152587890625,0,-7.434005563212913E-07,0,0.0008,0,0,0
935.875,0,0.00762939453125,0,-0.06103515625,-0.00762939453125,0,1.2291856615876979E-07,0,-0.0008,0,0,0
936,0,0.003814697265625,0,-0.030517578125,-0.003814697265625,0,5.4685024958464475E-07,0,0,0,0,0
936.125,0,0.00762939453125,0,0.030517578125,-0.00762939453125,0,1.0391971541046276E-07,0,0,0,0,0
936.25,0,0.00762939453125,0,0,-0.00762939453125,0,9.7645412799459445E-08,0,0,0,0,0
936.375,0,0.00762939453125,0,0,-0.00762939453125,0,9.1488166985883735E-08,0,0,0,0,0
936.5,0,0.00762939453125,0,0,-0.00762939453125,0,8.5445794094542883E-08,0,0.0004,0,0,0
936.625,0,0.0152587890625,0,0.06103515625,-0.0152587890625,0,-7.8160472683770029E-07,0,0,0,0,0
936.75,0,0.011444091796875,0,-0.030517578125,-0.011444091796875,0,-3.4513328551746474E-07,0,0.0002,0,0,0
936.875,0,0.00762939453125,0,-0.030517578125,-0.00762939453125,0,8.5362867499914758E-08,0,0.0002,0,0,0
937,0,0.00762939453125,0,0,-0.00762939453125,0,7.943477152276912E-08,0,0.001,0,0,0
937.125,0,0.011444091796875,0,0.030517578125,-0.011444091796875,0,-3.5694316559170695E-07,0,-0.0004,0,0,0
937.25,0,0.011444091796875,0,0,-0.011444091796875,0,-3.56787119952824E-07,0,-0.0002,0,0,0
937.375,0,0.011444091796875,0,0,-0.011444091796875,0,-3.56633985586137E-07,0,-0.0002,0,0,0
937.5,0,0.00762939453125,0,-0.030517578125,-0.00762939453125,0,7.4076730738382531E-08,0,0.0008,0,0,0
937.625,0,0.0152587890625,0,0.06103515625,-0.0152587890625,0,-7.9276168277272833E-07,0,0.0002,0,0,0
937.75,0,0.0152587890625,0,0,-0.0152587890625,0,-7.8664253013836942E-07,0,-0.0004,0,0,0
937.875,0,0.00762939453125,0,-0.06103515625,-0.00762939453125,0,8.04833380923028E-08,0,0.0002,0,0,0
938,0,0.011444091796875,0,0.030517578125,-0.011444091796875,0,-3.5591416164962834E-07,0,0.001,0,0,0
938.125,0,0.0152587890625,0,0.030517578125,-0.0152587890625,0,-7.8633775258295024E-07,0,-0.0004,0,0,0
938.25,0,0.011444091796875,0,-0.030517578125,-0.011444091796875,0,-3.4977800936364636E-07,0,-0.0002,0,0,0
938.375,0,0.00762939453125,0,-0.030517578125,-0.00762939453125,0,8.0804798144610888E-08,0,0,0,0,0
938.5,0,0.019073486328125,0,0.091552734375,-0.019073486328125,0,-1.2167195767621647E-06,0,0.0002,0,0,0
938.625,0,0.011444091796875,0,-0.06103515625,-0.011444091796875,0,-3.4373771752923858E-07,0,0,0,0,0
938.75,0,0.011444091796875,0,0,-0.011444091796875,0,-3.4382803990200979E-07,0,0.0008,0,0,0
938.875,0,0.0152587890625,0,0.030517578125,-0.0152587890625,0,-7.7447711608728871E-07,0,-0.0002,0,0,0
939,0,0.0152587890625,0,0,-0.0152587890625,0,-7.68699090260361E-07,0,0,0,0,0
939.125,0,0.00762939453125,0,-0.06103515625,-0.00762939453125,0,9.8092015409884012E-08,0,0.0008,0,0,0
939.25,0,0.0152587890625,0,0.06103515625,-0.0152587890625,0,-7.6919444029607225E-07,0,-0.0004,0,0,0
939.375,0,0.011444091796875,0,-0.030517578125,-0.011444091796875,0,-3.329545320222623E-07,0,-0.0002,0,0,0
939.5,0,0.011444091796875,0,0,-0.011444091796875,0,-3.3324603136078913E-07,0,0.0004,0,0,0
939.625,0,0.011444091796875,0,0,-0.011444091796875,0,-3.3353209232932722E-07,0,0,0,0,0
939.75,0,0.011444091796875,0,0,-0.011444091796875,0,-3.3381281638906091E-07,0,0,0,0,0
939.875,0,0.00762939453125,0,-0.030517578125,-0.00762939453125,0,9.6472135807493428E-08,0,-0.0004,0,0,0
940,0,0.011444091796875,0,0.030517578125,-0.011444091796875,0,-3.4022365962900232E-07,0,0,0,0,0
940.125,0,0.011444091796875,0,0,-0.011444091796875,0,-3.4037954217463724E-07,0,0.0004,0,0,0
940.25,0,0.00762939453125,0,-0.030517578125,-0.00762939453125,0,9.0027922424920588E-08,0,0.0004,0,0,0
940.375,0,0.011444091796875,0,0.030517578125,-0.011444091796875,0,-3.4654764626650534E-07,0,0.0008,0,0,0
940.5,0,0.00762939453125,0,-0.030517578125,-0.00762939453125,0,8.3974893833224872E-08,0,-0.0006,0,0,0
940.625,0,0,0,-0.06103515625,0,0,9.3919357047819564E-07,0,-0.0002,0,0,0
940.75,0,0.00762939453125,0,0.06103515625,-0.00762939453125,0,6.0550587268479383E-08,0,0.0006,0,0,0
940.875,0,0.011444091796875,0,0.030517578125,-0.011444091796875,0,-3.7547503624751591E-07,0,-0.0002,0,0,0
941,0,0.0152587890625,0,0.030517578125,-0.0152587890625,0,-8.0553368887975931E-07,0,-0.001,0,0,0
941.125,0,0.011444091796875,0,-0.030517578125,-0.011444091796875,0,-3.686158158465398E-07,0,0.0002,0,0,0
941.25,0,0.011444091796875,0,0,-0.011444091796875,0,-3.682419989044483E-07,0,0,0,0,0
941.375,0,0.011444091796875,0,0,-0.011444091796875,0,-3.6787515609426882E-07,0,-0.0002,0,0,0
941.5,0,0.019073486328125,0,0.06103515625,-0.019073486328125,0,-1.2286360351343146E-06,0,-0.0002,0,0,0
941.625,0,0.011444091796875,0,-0.06103515625,-0.011444091796875,0,-3.554318559815177E-07,0,-0.0004,0,0,0
941.75,0,0.00762939453125,0,-0.030517578125,-0.00762939453125,0,7.5256432760155717E-08,0,-0.0002,0,0,0
941.875,0,0.0152587890625,0,0.06103515625,-0.0152587890625,0,-7.91603989912634E-07,0,-0.0002,0,0,0
942,0,0.0152587890625,0,0,-0.0152587890625,0,-7.8550643582507932E-07,0,0,0,0,0
942.125,0,0.011444091796875,0,-0.030517578125,-0.011444091796875,0,-3.4896220210274379E-07,0,0,0,0,0
942.25,0,0.011444091796875,0,0,-0.011444091796875,0,-3.489550536536085E-07,0,0.0002,0,0,0
942.375,0,0.011444091796875,0,0,-0.011444091796875,0,-3.48948038569823E-07,0,0.0004,0,0,0
942.5,0,0.0152587890625,0,0.030517578125,-0.0152587890625,0,-7.79501593279004E-07,0,0.0008,0,0,0
942.625,0,0.011444091796875,0,-0.030517578125,-0.011444091796875,0,-3.430693891607664E-07,0,-0.0002,0,0,0
942.75,0,0.011444091796875,0,0,-0.011444091796875,0,-3.4317218023058549E-07,0,0.0004,0,0,0
942.875,0,0.011444091796875,0,0,-0.011444091796875,0,-3.4327305357437456E-07,0,-0.0004,0,0,0
943,0,0.0152587890625,0,0.030517578125,-0.0152587890625,0,-7.7393248388602526E-07,0,0.0002,0,0,0
943.125,0,0.011444091796875,0,-0.030517578125,-0.011444091796875,0,-3.3760418009751073E-07,0,-0.0002,0,0,0
943.25,0,0.011444091796875,0,0,-0.011444091796875,0,-3.3780893307606771E-07,0,0.0012,0,0,0
943.375,0,0.00762939453125,0,-0.030517578125,-0.00762939453125,0,9.2550572843908853E-08,0,-0.0004,0,0,0
943.5,0,0.003814697265625,0,-0.030517578125,-0.003814697265625,0,5.1704881804758307E-07,0,-0.0002,0,0,0
943.625,0,0.0152587890625,0,0.091552734375,-0.0152587890625,0,-7.8644660226456329E-07,0,-0.0002,0,0,0
943.75,0,0.00762939453125,0,-0.06103515625,-0.00762939453125,0,8.0675610629276091E-08,0,0.0002,0,0,0
943.875,0,0.011444091796875,0,0.030517578125,-0.011444091796875,0,-3.5572547625353853E-07,0,0,0,0,0
944,0,0.011444091796875,0,0,-0.011444091796875,0,-3.5559214848834211E-07,0,-0.0004,0,0,0
944.125,0,0.0152587890625,0,0.030517578125,-0.0152587890625,0,-7.8602174707410393E-07,0,0.0006,0,0,0
944.25,0,0.0152587890625,0,0,-0.0152587890625,0,-7.8002833834096606E-07,0,0.0006,0,0,0
944.375,0,0.0152587890625,0,0,-0.0152587890625,0,-7.7414674589650156E-07,0,0,0,0,0
944.5,0,0.0152587890625,0,0,-0.0152587890625,0,-7.6837488363529533E-07,0,0.0012,0,0,0
944.625,0,0.00762939453125,0,-0.06103515625,-0.00762939453125,0,9.8410173460058148E-08,0,-0.0004,0,0,0
944.75,0,0.0152587890625,0,0.06103515625,-0.0152587890625,0,-7.6888221797529124E-07,0,0.0008,0,0,0
944.875,0,0.011444091796875,0,-0.030517578125,-0.011444091796875,0,-3.3264813469068285E-07,0,0.0002,0,0,0
945,0,0.0152587890625,0,0.030517578125,-0.0152587890625,0,-7.63505789260002E-07,0,0.0014,0,0,0
945.125,0,0.0152587890625,0,0,-0.0152587890625,0,-7.5793245046549146E-07,0,0,0,0,0
945.25,0,0.00762939453125,0,-0.06103515625,-0.00762939453125,0,1.0865778692478992E-07,0,0,0,0,0
945.375,0,0.011444091796875,0,0.030517578125,-0.011444091796875,0,-3.2826535063764342E-07,0,0.001,0,0,0
945.5,0,0.011444091796875,0,0,-0.011444091796875,0,-3.2864433389103245E-07,0,0.0008,0,0,0
945.625,0,0.011444091796875,0,0,-0.011444091796875,0,-3.2901624662699973E-07,0,0.0006,0,0,0
945.75,0,0.011444091796875,0,0,-0.011444091796875,0,-3.293812207569587E-07,0,-0.0002,0,0,0
945.875,0,0.0152587890625,0,0.030517578125,-0.0152587890625,0,-7.6029982464706493E-07,0,0.0002,0,0,0
946,0,0.011444091796875,0,-0.030517578125,-0.011444091796875,0,-3.2422585915395491E-07,0,0.0008,0,0,0
946.125,0,0.011444091796875,0,0,-0.011444091796875,0,-3.2468020535453228E-07,0,-0.0002,0,0,0
946.25,0,0.00762939453125,0,-0.030517578125,-0.00762939453125,0,1.0543436389014164E-07,0,0.0004,0,0,0
946.375,0,0.00762939453125,0,0,-0.00762939453125,0,9.9131803174413048E-08,0,0,0,0,0
946.5,0,0.00762939453125,0,0,-0.00762939453125,0,9.2946826454662334E-08,0,0.0002,0,0,0
946.625,0,0.011444091796875,0,0.030517578125,-0.011444091796875,0,-3.4368319889575881E-07,0,-0.0002,0,0,0
946.75,0,0.011444091796875,0,0,-0.011444091796875,0,-3.4377453839776827E-07,0,0,0,0,0
946.875,0,0.011444091796875,0,0,-0.011444091796875,0,-3.4386417382041674E-07,0,0.0012,0,0,0
947,0,0.011444091796875,0,0,-0.011444091796875,0,-3.4395213695593441E-07,0,0.0002,0,0,0
947.125,0,0.00762939453125,0,-0.030517578125,-0.00762939453125,0,8.6521979912334782E-08,0,0,0,0,0
947.25,0,0.00762939453125,0,0,-0.00762939453125,0,8.0572258904445725E-08,0,-0.0002,0,0,0
947.375,0,0.00762939453125,0,0,-0.00762939453125,0,7.4733539123298571E-08,0,0.0002,0,0,0
947.5,0,0.011444091796875,0,0.030517578125,-0.011444091796875,0,-3.6155668924603668E-07,0,0.0008,0,0,0
947.625,0,0.00762939453125,0,-0.030517578125,-0.00762939453125,0,6.9245867711751361E-08,0,-0.001,0,0,0
947.75,0,0.0152587890625,0,0.06103515625,-0.0152587890625,0,-7.97502418594829E-07,0,0.0002,0,0,0
947.875,0,0.00762939453125,0,-0.06103515625,-0.00762939453125,0,6.9826057613486086E-08,0,0,0,0,0
948,0,0.011444091796875,0,0.030517578125,-0.011444091796875,0,-3.6637261411528063E-07,0,0.001,0,0,0
948.125,0,0.00762939453125,0,-0.030517578125,-0.00762939453125,0,6.4519791352660084E-08,0,0,0,0,0
948.25,0,0.00762939453125,0,0,-0.00762939453125,0,5.8980555125131665E-08,0,-0.0008,0,0,0
948.375,0,0.019073486328125,0,0.091552734375,-0.019073486328125,0,-1.2381366548499332E-06,0,0.0002,0,0,0
948.5,0,0.00762939453125,0,-0.091552734375,-0.00762939453125,0,6.580521194033725E-08,0,0.0008,0,0,0
948.625,0,0.00762939453125,0,0,-0.00762939453125,0,6.0241994208142937E-08,0,0,0,0,0
948.75,0,0.0152587890625,0,0.06103515625,-0.0152587890625,0,-8.0633831094385809E-07,0,0,0,0,0
948.875,0,0.00762939453125,0,-0.06103515625,-0.00762939453125,0,6.11550124713766E-08,0,0.0002,0,0,0
949,0,0.00762939453125,0,0,-0.00762939453125,0,5.5678551386252759E-08,0,0,0,0,0
949.125,0,0.00762939453125,0,0,-0.00762939453125,0,5.030426213369837E-08,0,0.0008,0,0,0
949.25,0,0.0152587890625,0,0.06103515625,-0.0152587890625,0,-8.160906392909963E-07,0,0.0002,0,0,0
949.375,0,0.011444091796875,0,-0.030517578125,-0.011444091796875,0,-3.7897581005684789E-07,0,-0.0004,0,0,0
949.5,0,0.011444091796875,0,0,-0.011444091796875,0,-3.7840871143568966E-07,0,-0.0004,0,0,0
949.625,0,0.00762939453125,0,-0.030517578125,-0.00762939453125,0,5.2708246001323056E-08,0,0.0006,0,0,0
949.75,0,0.0152587890625,0,0.06103515625,-0.0152587890625,0,-8.1373150545214108E-07,0,0.0004,0,0,0
949.875,0,0.00762939453125,0,-0.06103515625,-0.00762939453125,0,5.3899749415488152E-08,0,-0.0006,0,0,0
950,0,0.0152587890625,0,0.06103515625,-0.0152587890625,0,-8.1256223137284131E-07,0,0.0002,0,0,0
950.125,0,0.0152587890625,0,0,-0.0152587890625,0,-8.0607366894903835E-07,0,0,0,0,0
950.25,0,0.00762939453125,0,-0.06103515625,-0.00762939453125,0,6.1414717161399458E-08,0,-0.0002,0,0,0
950.375,0,0.00762939453125,0,0,-0.00762939453125,0,5.5933410884518728E-08,0,0.0004,0,0,0
950.5,0,0.011444091796875,0,0.030517578125,-0.011444091796875,0,-3.800060720810165E-07,0,0.0006,0,0,0
950.625,0,0.011444091796875,0,0,-0.011444091796875,0,-3.7941975233194379E-07,0,0.0008,0,0,0
950.75,0,0.00762939453125,0,-0.030517578125,-0.00762939453125,0,5.171606763318102E-08,0,0.0008,0,0,0
950.875,0,0.011444091796875,0,0.030517578125,-0.011444091796875,0,-3.8414473428598756E-07,0,-0.0002,0,0,0
951,0,0.00762939453125,0,-0.030517578125,-0.00762939453125,0,4.7079237508867861E-08,0,-0.0002,0,0,0
951.125,0,0.011444091796875,0,0.030517578125,-0.011444091796875,0,-3.8869505718898565E-07,0,0.0002,0,0,0
951.25,0,0.011444091796875,0,0,-0.011444091796875,0,-3.8794663101427582E-07,0,0,0,0,0
951.375,0,0.00762939453125,0,-0.030517578125,-0.00762939453125,0,4.3348271030960486E-08,0,-0.0002,0,0,0
951.5,0,0.00762939453125,0,0,-0.00762939453125,0,3.8204022185963724E-08,0,0.0004,0,0,0
951.625,0,0.0152587890625,0,0.06103515625,-0.0152587890625,0,-8.2796513058996426E-07,0,0,0,0,0
951.75,0,0.011444091796875,0,-0.030517578125,-0.011444091796875,0,-3.9062876439645691E-07,0,0.0008,0,0,0
951.875,0,0.011444091796875,0,0,-0.011444091796875,0,-3.8984426192978246E-07,0,0,0,0,0
952,0,0.0152587890625,0,0.030517578125,-0.0152587890625,0,-8.196348344829856E-07,0,0.0004,0,0,0
952.125,0,0.019073486328125,0,0.030517578125,-0.019073486328125,0,-1.2435747606497954E-06,0,0.0008,0,0,0
952.25,0,0.011444091796875,0,-0.06103515625,-0.011444091796875,0,-3.7009187651974305E-07,0,-0.0008,0,0,0
952.375,0,0.00762939453125,0,-0.030517578125,-0.00762939453125,0,6.0869917527750077E-08,0,0,0,0,0
952.5,0,0.00762939453125,0,0,-0.00762939453125,0,5.5398775328745183E-08,0,0.0002,0,0,0
952.625,0,0.00762939453125,0,0,-0.00762939453125,0,5.0029705730281328E-08,0,0,0,0,0
952.75,0,0.011444091796875,0,0.030517578125,-0.011444091796875,0,-3.8579963450527143E-07,0,0.0006,0,0,0
952.875,0,0.0152587890625,0,0.030517578125,-0.0152587890625,0,-8.1566566582456449E-07,0,0.0002,0,0,0
953,0,0.0152587890625,0,0,-0.0152587890625,0,-8.0911920404198531E-07,0,0,0,0,0
953.125,0,0.011444091796875,0,-0.030517578125,-0.011444091796875,0,-3.7213443769041E-07,0,0.0004,0,0,0
953.25,0,0.011444091796875,0,0,-0.011444091796875,0,-3.7169497542804334E-07,0,-0.0014,0,0,0
953.375,0,0.019073486328125,0,0.06103515625,-0.019073486328125,0,-1.2323845898438455E-06,0,-0.0004,0,0,0
953.5,0,0.011444091796875,0,-0.06103515625,-0.011444091796875,0,-3.5911047561834259E-07,0,-0.0004,0,0,0
953.625,0,0.0152587890625,0,0.030517578125,-0.0152587890625,0,-7.8947443438217134E-07,0,-0.0002,0,0,0
953.75,0,0.0152587890625,0,0,-0.0152587890625,0,-7.83416610439271E-07,0,-0.0004,0,0,0
953.875,0,0.011444091796875,0,-0.030517578125,-0.011444091796875,0,-3.4691136563443154E-07,0,0.0006,0,0,0
954,0,0.00762939453125,0,-0.030517578125,-0.00762939453125,0,8.3617960211382593E-08,0,0,0,0,0
954.125,0,0.0152587890625,0,0.06103515625,-0.0152587890625,0,-7.8339845965913987E-07,0,-0.0004,0,0,0
954.25,0,0.003814697265625,0,-0.091552734375,-0.003814697265625,0,5.14227324346393E-07,0,0.0002,0,0,0
954.375,0,0.011444091796875,0,0.06103515625,-0.011444091796875,0,-3.5865501773100324E-07,0,0,0,0,0
954.5,0,0.00762939453125,0,-0.030517578125,-0.00762939453125,0,7.2093404066943944E-08,0,-0.0006,0,0,0
954.625,0,0.011444091796875,0,0.030517578125,-0.011444091796875,0,-3.6414756850877829E-07,0,0,0,0,0
954.75,0,0.0152587890625,0,0.030517578125,-0.0152587890625,0,-7.9441755253172261E-07,0,-0.001,0,0,0
954.875,0,0.003814697265625,0,-0.091552734375,-0.003814697265625,0,5.034138096555128E-07,0,0,0,0,0
955,0,0.00762939453125,0,0.030517578125,-0.00762939453125,0,6.1293649297353659E-08,0,-0.0002,0,0,0
955.125,0,0.011444091796875,0,0.030517578125,-0.011444091796875,0,-3.747458371874499E-07,0,0,0,0,0
955.25,0,0.011444091796875,0,0,-0.011444091796875,0,-3.7425765523767266E-07,0,0.0006,0,0,0
955.375,0,0.0152587890625,0,0.030517578125,-0.0152587890625,0,-8.04339019991262E-07,0,-0.0004,0,0,0
955.5,0,0.0152587890625,0,0,-0.0152587890625,0,-7.9800387426546933E-07,0,0.0008,0,0,0
955.625,0,0.0152587890625,0,0,-0.0152587890625,0,-7.91786920459301E-07,0,0,0,0,0
955.75,0,0.011444091796875,0,-0.030517578125,-0.011444091796875,0,-3.5512551460435495E-07,0,0.0002,0,0,0
955.875,0,0.0152587890625,0,0.030517578125,-0.0152587890625,0,-7.8556381896531081E-07,0,0.0004,0,0,0
956,0,0.0152587890625,0,0,-0.0152587890625,0,-7.7957895358769635E-07,0,-0.0004,0,0,0
956.125,0,0.019073486328125,0,0.030517578125,-0.019073486328125,0,-1.2042661840250271E-06,0,0.0004,0,0,0
956.25,0,0.0152587890625,0,-0.030517578125,-0.0152587890625,0,-7.6207710096687648E-07,0,0,0,0,0
956.375,0,0.003814697265625,0,-0.091552734375,-0.003814697265625,0,5.35150900190098E-07,0,0.0002,0,0,0
956.5,0,0.00762939453125,0,0.030517578125,-0.00762939453125,0,9.24386354327769E-08,0,0.0002,0,0,0
956.625,0,0.00762939453125,0,0,-0.00762939453125,0,8.6378530085839428E-08,0,-0.0002,0,0,0
956.75,0,0.011444091796875,0,0.030517578125,-0.011444091796875,0,-3.5012895355992413E-07,0,-0.0002,0,0,0
956.875,0,0.00762939453125,0,-0.030517578125,-0.00762939453125,0,8.0460401353875853E-08,0,-0.0006,0,0,0
957,0,0.00762939453125,0,0,-0.00762939453125,0,7.4623768447948079E-08,0,0.0004,0,0,0
957.125,0,0.011444091796875,0,0.030517578125,-0.011444091796875,0,-3.6166441198004537E-07,0,0.0008,0,0,0
957.25,0,0.011444091796875,0,0,-0.011444091796875,0,-3.6142028420417458E-07,0,0.0004,0,0,0
957.375,0,0.011444091796875,0,0,-0.011444091796875,0,-3.611807110086896E-07,0,-0.0002,0,0,0
957.5,0,0.011444091796875,0,0,-0.011444091796875,0,-3.609456074208649E-07,0,-0.0002,0,0,0
957.625,0,0.00762939453125,0,-0.030517578125,-0.00762939453125,0,6.984554886248082E-08,0,0.001,0,0,0
957.75,0,0.003814697265625,0,-0.030517578125,-0.003814697265625,0,4.9476739132589231E-07,0,0,0,0,0
957.875,0,0.00762939453125,0,0.030517578125,-0.00762939453125,0,5.2808543244433079E-08,0,0.0008,0,0,0
958,0,0.00762939453125,0,0,-0.00762939453125,0,4.7487798422630785E-08,0,0.0004,0,0,0
958.125,0,0.0152587890625,0,0.06103515625,-0.0152587890625,0,-8.188545575252948E-07,0,0.0002,0,0,0
958.25,0,0.0152587890625,0,0,-0.0152587890625,0,-8.1224860204708534E-07,0,0.0004,0,0,0
958.375,0,0.00762939453125,0,-0.06103515625,-0.00762939453125,0,5.5354986969173309E-08,0,-0.0002,0,0,0
958.5,0,0.011444091796875,0,0.030517578125,-0.011444091796875,0,-3.805737046056236E-07,0,-0.0002,0,0,0
958.625,0,0.011444091796875,0,0,-0.011444091796875,0,-3.7997679479585957E-07,0,-0.0006,0,0,0
958.75,0,0.011444091796875,0,0,-0.011444091796875,0,-3.793910212597208E-07,0,-0.0002,0,0,0
958.875,0,0.011444091796875,0,0,-0.011444091796875,0,-3.7881617623283787E-07,0,0,0,0,0
959,0,0.011444091796875,0,0,-0.011444091796875,0,-3.7825205582700626E-07,0,-0.0002,0,0,0
959.125,0,0.00762939453125,0,-0.030517578125,-0.00762939453125,0,5.28619789578826E-08,0,-0.0008,0,0,0
959.25,0,0.00762939453125,0,0,-0.00762939453125,0,4.7540237210386342E-08,0,0.0004,0,0,0
959.375,0,0.0152587890625,0,0.06103515625,-0.0152587890625,0,-8.18803097064046E-07,0,0,0,0,0
959.5,0,0.011444091796875,0,-0.030517578125,-0.011444091796875,0,-3.8163766274439946E-07,0,0.0002,0,0,0
959.625,0,0.011444091796875,0,0,-0.011444091796875,0,-3.8102090315370456E-07,0,0.0004,0,0,0
959.75,0,0.00762939453125,0,-0.030517578125,-0.00762939453125,0,5.0144788750823559E-08,0,-0.0004,0,0,0
959.875,0,0.011444091796875,0,0.030517578125,-0.011444091796875,0,-3.8568669853606835E-07,0,0.0012,0,0,0
960,0,0.011444091796875,0,0,-0.011444091796875,0,-3.849943979343914E-07,0,-0.0008,0,0,0
960.125,0,0.011444091796875,0,0,-0.011444091796875,0,-3.8431501326876562E-07,0,0.0002,0,0,0
960.25,0,0.00762939453125,0,-0.030517578125,-0.00762939453125,0,4.6912135343280328E-08,0,0.0006,0,0,0
960.375,0,0.00762939453125,0,0,-0.00762939453125,0,4.17013971099434E-08,0,-0.0002,0,0,0
960.5,0,0.011444091796875,0,0.030517578125,-0.011444091796875,0,-3.9397256567642867E-07,0,0,0,0,0
960.625,0,0.011444091796875,0,0,-0.011444091796875,0,-3.9312567943687378E-07,0,-0.0004,0,0,0
960.75,0,0.0152587890625,0,0.030517578125,-0.0152587890625,0,-8.2285503208274742E-07,0,-0.0004,0,0,0
960.875,0,0.0152587890625,0,0,-0.0152587890625,0,-8.1617444157831773E-07,0,-0.0002,0,0,0
961,0,0.00762939453125,0,-0.06103515625,-0.00762939453125,0,5.150239003257365E-08,0,0,0,0,0
961.125,0,0.011444091796875,0,0.030517578125,-0.011444091796875,0,-3.8435442540121805E-07,0,0.0004,0,0,0
961.25,0,0.0152587890625,0,0.030517578125,-0.0152587890625,0,-8.1424741932652838E-07,0,0.0006,0,0,0
961.375,0,0.00762939453125,0,-0.06103515625,-0.00762939453125,0,5.3393460710562474E-08,0,-0.0004,0,0,0
961.5,0,0.011444091796875,0,0.030517578125,-0.011444091796875,0,-3.8249863556494161E-07,0,-0.0008,0,0,0
961.625,0,0.0152587890625,0,0.030517578125,-0.0152587890625,0,-8.1242625211341844E-07,0,0.0008,0,0,0
961.75,0,0.003814697265625,0,-0.091552734375,-0.003814697265625,0,4.8574109015472226E-07,0,0.001,0,0,0
961.875,0,0.011444091796875,0,0.06103515625,-0.011444091796875,0,-3.8660979726516313E-07,0,0.0002,0,0,0
962,0,0.011444091796875,0,0,-0.011444091796875,0,-3.8590027483221085E-07,0,-0.0004,0,0,0
962.125,0,0.011444091796875,0,0,-0.011444091796875,0,-3.8520398963514813E-07,0,0.0004,0,0,0
962.25,0,0.00762939453125,0,-0.030517578125,-0.00762939453125,0,4.6039744202840705E-08,0,-0.0002,0,0,0
962.375,0,0.011444091796875,0,0.030517578125,-0.011444091796875,0,-3.897151571432899E-07,0,0.001,0,0,0
962.5,0,0.011444091796875,0,0,-0.011444091796875,0,-3.8894769942976055E-07,0,-0.001,0,0,0
962.625,0,0.011444091796875,0,0,-0.011444091796875,0,-3.8819455982418307E-07,0,-0.0002,0,0,0
962.75,0,0.011444091796875,0,0,-0.011444091796875,0,-3.8745547120015853E-07,0,0.001,0,0,0
962.875,0,0.011444091796875,0,0,-0.011444091796875,0,-3.8673017141494318E-07,0,0,0,0,0
963,0,0.00762939453125,0,-0.030517578125,-0.00762939453125,0,4.4542035699282261E-08,0,0.0004,0,0,0
963.125,0,0.00762939453125,0,0,-0.00762939453125,0,3.9375515332234435E-08,0,-0.0008,0,0,0
963.25,0,0.011444091796875,0,0.030517578125,-0.011444091796875,0,-3.9625505454037916E-07,0,-0.0002,0,0,0
963.375,0,0.011444091796875,0,0,-0.011444091796875,0,-3.9536558494883391E-07,0,0.0004,0,0,0
963.5,0,0.0152587890625,0,0.030517578125,-0.0152587890625,0,-8.2505314870086135E-07,0,0.0008,0,0,0
963.625,0,0.011444091796875,0,-0.030517578125,-0.011444091796875,0,-3.8777111002313367E-07,0,0,0,0,0
963.75,0,0.00762939453125,0,-0.030517578125,-0.00762939453125,0,4.3520517407156857E-08,0,0,0,0,0
963.875,0,0.011444091796875,0,0.030517578125,-0.011444091796875,0,-3.9218738387554371E-07,0,-0.001,0,0,0
964,0,0.011444091796875,0,0,-0.011444091796875,0,-3.9137380295729596E-07,0,0.0008,0,0,0
964.125,0,0.011444091796875,0,0,-0.011444091796875,0,-3.9057540064655929E-07,0,-0.001,0,0,0
964.25,0,0.0152587890625,0,0.030517578125,-0.0152587890625,0,-8.2035233267874084E-07,0,-0.0002,0,0,0
964.375,0,0.0152587890625,0,0,-0.0152587890625,0,-8.1371843389374511E-07,0,-0.0006,0,0,0
964.5,0,0.003814697265625,0,-0.091552734375,-0.003814697265625,0,4.8447301601954394E-07,0,0.0002,0,0,0
964.625,0,0.011444091796875,0,0.06103515625,-0.011444091796875,0,-3.878542135205152E-07,0,-0.0002,0,0,0
964.75,0,0.00762939453125,0,-0.030517578125,-0.00762939453125,0,4.3438964333760493E-08,0,-0.0002,0,0,0
964.875,0,0.00762939453125,0,0,-0.00762939453125,0,3.82930234652462E-08,0,-0.0004,0,0,0
965,0,0.011444091796875,0,0.030517578125,-0.011444091796875,0,-3.9731735085113638E-07,0,0.0002,0,0,0
965.125,0,0.011444091796875,0,0,-0.011444091796875,0,-3.9640806248262645E-07,0,0,0,0,0
965.25,0,0.0152587890625,0,0.030517578125,-0.0152587890625,0,-8.2607617720755685E-07,0,-0.0004,0,0,0
965.375,0,0.011444091796875,0,-0.030517578125,-0.011444091796875,0,-3.8877505235434556E-07,0,-0.0002,0,0,0
965.5,0,0.0152587890625,0,0.030517578125,-0.0152587890625,0,-8.1858557266213418E-07,0,0.0004,0,0,0
965.625,0,0.00762939453125,0,-0.06103515625,-0.00762939453125,0,4.9136242319874E-08,0,0.0002,0,0,0
965.75,0,0.0152587890625,0,0.06103515625,-0.0152587890625,0,-8.1723686789275853E-07,0,0,0,0,0
965.875,0,0.011444091796875,0,-0.030517578125,-0.011444091796875,0,-3.8010065399523619E-07,0,0,0,0,0
966,0,0.0152587890625,0,0.030517578125,-0.0152587890625,0,-8.1007300859035232E-07,0,0,0,0,0
966.125,0,0.00762939453125,0,-0.06103515625,-0.00762939453125,0,5.7489991372693743E-08,0,0.0002,0,0,0
966.25,0,0.011444091796875,0,0.030517578125,-0.011444091796875,0,-3.7847853200389281E-07,0,-0.0004,0,0,0
966.375,0,0.011444091796875,0,0,-0.011444091796875,0,-3.7792071087218942E-07,0,0.0006,0,0,0
966.5,0,0.0152587890625,0,0.030517578125,-0.0152587890625,0,-8.0793373567025548E-07,0,-0.0002,0,0,0
966.625,0,0.00762939453125,0,-0.06103515625,-0.00762939453125,0,5.9589352855237254E-08,0,0,0,0,0
966.75,0,0.011444091796875,0,0.030517578125,-0.011444091796875,0,-3.7641833734944565E-07,0,0.0002,0,0,0
966.875,0,0.011444091796875,0,0,-0.011444091796875,0,-3.7589895232821995E-07,0,0.0004,0,0,0
967,0,0.011444091796875,0,0,-0.011444091796875,0,-3.7538925723605663E-07,0,0.0002,0,0,0
967.125,0,0.003814697265625,0,-0.06103515625,-0.003814697265625,0,4.8623180653913019E-07,0,-0.0008,0,0,0
967.25,0,0.00762939453125,0,0.030517578125,-0.00762939453125,0,4.4432202963595456E-08,0,0.0004,0,0,0
967.375,0,0.011444091796875,0,0.030517578125,-0.011444091796875,0,-3.912927072200323E-07,0,0.0008,0,0,0
967.5,0,0.011444091796875,0,0,-0.011444091796875,0,-3.9049581787541758E-07,0,0.0008,0,0,0
967.625,0,0.011444091796875,0,0,-0.011444091796875,0,-3.8971379573125012E-07,0,-0.0002,0,0,0
967.75,0,0.011444091796875,0,0,-0.011444091796875,0,-3.8894636341696323E-07,0,0.001,0,0,0
967.875,0,0.0152587890625,0,0.030517578125,-0.0152587890625,0,-8.1875368765251938E-07,0,-0.001,0,0,0
968,0,0.011444091796875,0,-0.030517578125,-0.011444091796875,0,-3.8158917514169124E-07,0,-0.001,0,0,0
968.125,0,0.011444091796875,0,0,-0.011444091796875,0,-3.8097332016204876E-07,0,0.0004,0,0,0
968.25,0,0.0152587890625,0,0.030517578125,-0.0152587890625,0,-8.1092939382316413E-07,0,0.0012,0,0,0
968.375,0,0.0152587890625,0,0,-0.0152587890625,0,-8.0447129450357129E-07,0,0,0,0,0
968.5,0,0.0152587890625,0,0,-0.0152587890625,0,-7.9813368099263158E-07,0,0.0002,0,0,0
968.625,0,0.011444091796875,0,-0.030517578125,-0.011444091796875,0,-3.6135386652590305E-07,0,-0.0002,0,0,0
968.75,0,0.00762939453125,0,-0.030517578125,-0.00762939453125,0,6.9444906461054089E-08,0,-0.0002,0,0,0
968.875,0,0.00762939453125,0,0,-0.00762939453125,0,6.3813784610964232E-08,0,0.0008,0,0,0
969,0,0.019073486328125,0,0.091552734375,-0.019073486328125,0,-1.2333935967185795E-06,0,0,0,0,0
969.125,0,0.00762939453125,0,-0.091552734375,-0.00762939453125,0,7.0459781002978284E-08,0,-0.001,0,0,0
969.25,0,0.011444091796875,0,0.030517578125,-0.011444091796875,0,-3.6575071381355259E-07,0,-0.0002,0,0,0
969.375,0,0.00762939453125,0,-0.030517578125,-0.00762939453125,0,6.5130089144571061E-08,0,-0.0004,0,0,0
969.5,0,0.011444091796875,0,0.030517578125,-0.011444091796875,0,-3.7098097204580239E-07,0,0,0,0,0
969.625,0,0.00762939453125,0,-0.030517578125,-0.00762939453125,0,5.9997409450741257E-08,0,-0.0002,0,0,0
969.75,0,0.003814697265625,0,-0.030517578125,-0.003814697265625,0,4.85102984152081E-07,0,0.0012,0,0,0
969.875,0,0.011444091796875,0,0.06103515625,-0.011444091796875,0,-3.8723599841562886E-07,0,0.001,0,0,0
970,0,0.00762939453125,0,-0.030517578125,-0.00762939453125,0,4.40456456818637E-08,0,0.0004,0,0,0
970.125,0,0.011444091796875,0,0.030517578125,-0.011444091796875,0,-3.9167205267915567E-07,0,-0.0008,0,0,0
970.25,0,0.0152587890625,0,0.030517578125,-0.0152587890625,0,-8.2142852497536544E-07,0,0,0,0,0
970.375,0,0.011444091796875,0,-0.030517578125,-0.011444091796875,0,-3.8421410924659194E-07,0,0.0008,0,0,0
970.5,0,0.0152587890625,0,0.030517578125,-0.0152587890625,0,-8.1410972098629646E-07,0,0,0,0,0
970.625,0,0.011444091796875,0,-0.030517578125,-0.011444091796875,0,-3.7703184883998549E-07,0,0.0004,0,0,0
970.75,0,0.00762939453125,0,-0.030517578125,-0.00762939453125,0,5.4059421100592375E-08,0,0,0,0,0
970.875,0,0.00762939453125,0,0,-0.00762939453125,0,4.8715339222085437E-08,0,0.0004,0,0,0
971,0,0.0152587890625,0,0.06103515625,-0.0152587890625,0,-8.1764991839373928E-07,0,0.0004,0,0,0
971.125,0,0.011444091796875,0,-0.030517578125,-0.011444091796875,0,-3.8050599840172036E-07,0,0.0008,0,0,0
971.25,0,0.011444091796875,0,0,-0.011444091796875,0,-3.7991035175567125E-07,0,-0.0004,0,0,0
971.375,0,0.00762939453125,0,-0.030517578125,-0.00762939453125,0,5.1234621098773938E-08,0,0.0002,0,0,0
971.5,0,0.00762939453125,0,0,-0.00762939453125,0,4.5943240223404219E-08,0,0,0,0,0
971.625,0,0.011444091796875,0,0.030517578125,-0.011444091796875,0,-3.8980986069206948E-07,0,0,0,0,0
971.75,0,0.011444091796875,0,0,-0.011444091796875,0,-3.8904063613769545E-07,0,0,0,0,0
971.875,0,0.011444091796875,0,0,-0.011444091796875,0,-3.8828576265441572E-07,0,0.0002,0,0,0
972,0,0.011444091796875,0,0,-0.011444091796875,0,-3.8754497250085309E-07,0,0,0,0,0
972.125,0,0.00762939453125,0,-0.030517578125,-0.00762939453125,0,4.3742435984994112E-08,0,-0.0006,0,0,0
972.25,0,0.003814697265625,0,-0.030517578125,-0.003814697265625,0,4.6915127230027545E-07,0,0,0,0,0
972.375,0,0.011444091796875,0,0.06103515625,-0.011444091796875,0,-4.0289010646688042E-07,0,0.0002,0,0,0
972.5,0,0.011444091796875,0,0,-0.011444091796875,0,-4.01876849742735E-07,0,0.0006,0,0,0
972.625,0,0.011444091796875,0,0,-0.011444091796875,0,-4.0088249688639031E-07,0,-0.0002,0,0,0
972.75,0,0.0152587890625,0,0.030517578125,-0.0152587890625,0,-8.3046713413277424E-07,0,0,0,0,0
972.875,0,0.00762939453125,0,-0.06103515625,-0.00762939453125,0,3.7476349713555728E-08,0,0.0006,0,0,0
973,0,0.011444091796875,0,0.030517578125,-0.011444091796875,0,-3.9811878829373516E-07,0,0.0008,0,0,0
973.125,0,0.00762939453125,0,-0.030517578125,-0.00762939453125,0,3.336589104276141E-08,0,0,0,0,0
973.25,0,0.011444091796875,0,0.030517578125,-0.011444091796875,0,-4.0215256001495231E-07,0,0.0002,0,0,0
973.375,0,0.011444091796875,0,0,-0.011444091796875,0,-4.0115306335801585E-07,0,0.0004,0,0,0
973.5,0,0.019073486328125,0,0.06103515625,-0.019073486328125,0,-1.2612930916850986E-06,0,-0.0002,0,0,0
973.625,0,0.00762939453125,0,-0.091552734375,-0.00762939453125,0,4.3080794168295343E-08,0,-0.0014,0,0,0
973.75,0,0.011444091796875,0,0.030517578125,-0.011444091796875,0,-3.9261890339882331E-07,0,0.0002,0,0,0
973.875,0,0.00762939453125,0,-0.030517578125,-0.00762939453125,0,3.8763167097785624E-08,0,0.0008,0,0,0
974,0,0.011444091796875,0,0.030517578125,-0.011444091796875,0,-3.9685597847356632E-07,0,-0.0004,0,0,0
974.125,0,0.011444091796875,0,0,-0.011444091796875,0,-3.9595529771872894E-07,0,0,0,0,0
974.25,0,0.0152587890625,0,0.030517578125,-0.0152587890625,0,-8.2563185946901594E-07,0,0,0,0,0
974.375,0,0.011444091796875,0,-0.030517578125,-0.011444091796875,0,-3.8833902404886814E-07,0,0.0004,0,0,0
974.5,0,0.011444091796875,0,0,-0.011444091796875,0,-3.8759724022180145E-07,0,0,0,0,0
974.625,0,0.011444091796875,0,0,-0.011444091796875,0,-3.8686929551671583E-07,0,0,0,0,0
974.75,0,0.0152587890625,0,0.030517578125,-0.0152587890625,0,-8.16715370659188E-07,0,0.0002,0,0,0
974.875,0,0.011444091796875,0,-0.030517578125,-0.011444091796875,0,-3.795888860973089E-07,0,-0.0004,0,0,0
975,0,0.003814697265625,0,-0.06103515625,-0.003814697265625,0,4.8211052823496141E-07,0,-0.0002,0,0,0
975.125,0,0.003814697265625,0,0,-0.003814697265625,0,4.7094825238171389E-07,0,-0.0004,0,0,0
975.25,0,0.00762939453125,0,0.030517578125,-0.00762939453125,0,2.9433787093873636E-08,0,0,0,0,0
975.375,0,0.011444091796875,0,0.030517578125,-0.011444091796875,0,-4.06011304496829E-07,0,0.0004,0,0,0
975.5,0,0.011444091796875,0,0,-0.011444091796875,0,-4.049398170069436E-07,0,0.0002,0,0,0
975.625,0,0.011444091796875,0,0,-0.011444091796875,0,-4.0388831976965293E-07,0,0,0,0,0
975.75,0,0.011444091796875,0,0,-0.011444091796875,0,-4.0285643983594676E-07,0,0,0,0,0
975.875,0,0.0152587890625,0,0.030517578125,-0.0152587890625,0,-8.3240425013050737E-07,0,0.0008,0,0,0
976,0,0.011444091796875,0,-0.030517578125,-0.011444091796875,0,-3.9498506531172322E-07,0,0,0,0,0
976.125,0,0.0152587890625,0,0.030517578125,-0.0152587890625,0,-8.2467972824478158E-07,0,0,0,0,0
976.25,0,0.011444091796875,0,-0.030517578125,-0.011444091796875,0,-3.8740465630190757E-07,0,-0.0004,0,0,0
976.375,0,0.00762939453125,0,-0.030517578125,-0.00762939453125,0,4.3880134368718686E-08,0,0.0008,0,0,0
976.5,0,0.011444091796875,0,0.030517578125,-0.011444091796875,0,-3.9183447612334443E-07,0,0.0004,0,0,0
976.625,0,0.00762939453125,0,-0.030517578125,-0.00762939453125,0,3.9532959671947873E-08,0,-0.0002,0,0,0
976.75,0,0.00762939453125,0,0,-0.00762939453125,0,3.445989134796901E-08,0,0,0,0,0
976.875,0,0.011444091796875,0,0.030517578125,-0.011444091796875,0,-4.0107896997365003E-07,0,-0.0002,0,0,0
977,0,0.011444091796875,0,0,-0.011444091796875,0,-4.0009950279564953E-07,0,0,0,0,0
977.125,0,0.0152587890625,0,0.030517578125,-0.0152587890625,0,-8.296987480050771E-07,0,0.0004,0,0,0
977.25,0,0.00762939453125,0,-0.06103515625,-0.00762939453125,0,3.8230400412302036E-08,0,-0.0004,0,0,0
977.375,0,0.00762939453125,0,0,-0.00762939453125,0,3.3181633341362263E-08,0,0.0004,0,0,0
977.5,0,0.00762939453125,0,0,-0.00762939453125,0,2.8227058811159326E-08,0,0,0,0,0
977.625,0,0.011444091796875,0,0.030517578125,-0.011444091796875,0,-4.0719551940126094E-07,0,-0.0002,0,0,0
977.75,0,0.011444091796875,0,0,-0.011444091796875,0,-4.0610193855490659E-07,0,0,0,0,0
977.875,0,0.011444091796875,0,0,-0.011444091796875,0,-4.0502876014680534E-07,0,0.0018,0,0,0
978,0,0.0152587890625,0,0.030517578125,-0.0152587890625,0,-8.3453604245374062E-07,0,-0.0008,0,0,0
978.125,0,0.011444091796875,0,-0.030517578125,-0.011444091796875,0,-3.9707708575948126E-07,0,0,0,0,0
978.25,0,0.011444091796875,0,0,-0.011444091796875,0,-3.961722799070224E-07,0,0.0002,0,0,0
978.375,0,0.011444091796875,0,0,-0.011444091796875,0,-3.9528435460399653E-07,0,-0.0006,0,0,0
978.5,0,0.011444091796875,0,0,-0.011444091796875,0,-3.9441299491770467E-07,0,-0.0014,0,0,0
978.625,0,0.00762939453125,0,-0.030517578125,-0.00762939453125,0,3.7002547124749744E-08,0,-0.0006,0,0,0
978.75,0,0.00762939453125,0,0,-0.00762939453125,0,3.1976687551656788E-08,0,0.0004,0,0,0
978.875,0,0.00762939453125,0,0,-0.00762939453125,0,2.7044593144578526E-08,0,-0.0006,0,0,0
979,0,0.0152587890625,0,0.06103515625,-0.0152587890625,0,-8.3891636326185747E-07,0,0.0006,0,0,0
979.125,0,0.00762939453125,0,-0.06103515625,-0.00762939453125,0,2.9184753992342862E-08,0,0.0008,0,0,0
979.25,0,0.011444091796875,0,0.030517578125,-0.011444091796875,0,-4.0625569150155417E-07,0,0.0008,0,0,0
979.375,0,0.011444091796875,0,0,-0.011444091796875,0,-4.0517964459496866E-07,0,-0.0002,0,0,0
979.5,0,0.0152587890625,0,0.030517578125,-0.0152587890625,0,-8.3468411191968539E-07,0,0,0,0,0
979.625,0,0.0152587890625,0,0,-0.0152587890625,0,-8.2778283167679787E-07,0,0,0,0,0
979.75,0,0.011444091796875,0,-0.030517578125,-0.011444091796875,0,-3.9044986655083108E-07,0,0,0,0,0
979.875,0,0.00762939453125,0,-0.030517578125,-0.00762939453125,0,4.0891737216219234E-08,0,-0.0002,0,0,0
980,0,0.00762939453125,0,0,-0.00762939453125,0,3.5793318800348082E-08,0,0,0,0,0
980.125,0,0.00762939453125,0,0,-0.00762939453125,0,3.0790019247673171E-08,0,0,0,0,0
980.25,0,0.011444091796875,0,0.030517578125,-0.011444091796875,0,-4.0468037494673463E-07,0,0,0,0,0
980.375,0,0.011444091796875,0,0,-0.011444091796875,0,-4.0363371800143637E-07,0,0.0002,0,0,0
980.5,0,0.0152587890625,0,0.030517578125,-0.0152587890625,0,-8.3316702697235936E-07,0,-0.0004,0,0,0
980.625,0,0.011444091796875,0,-0.030517578125,-0.011444091796875,0,-3.9573361137450782E-07,0,-0.0002,0,0,0
980.75,0,0.011444091796875,0,0,-0.011444091796875,0,-3.9485387010988937E-07,0,0,0,0,0
980.875,0,0.00762939453125,0,-0.030517578125,-0.00762939453125,0,3.6569897139613859E-08,0,0.0002,0,0,0
981,0,0.011444091796875,0,0.030517578125,-0.011444091796875,0,-3.9900832959611362E-07,0,0.0006,0,0,0
981.125,0,0.011444091796875,0,0,-0.011444091796875,0,-3.9806749340967445E-07,0,0.0002,0,0,0
981.25,0,0.011444091796875,0,0,-0.011444091796875,0,-3.97144209974149E-07,0,-0.0002,0,0,0
981.375,0,0.00762939453125,0,-0.030517578125,-0.00762939453125,0,3.4322287099870574E-08,0,0,0,0,0
981.5,0,0.011444091796875,0,0.030517578125,-0.011444091796875,0,-4.0121400700215555E-07,0,-0.0004,0,0,0
981.625,0,0.011444091796875,0,0,-0.011444091796875,0,-4.0023202050000524E-07,0,0,0,0,0
981.75,0,0.011444091796875,0,0,-0.011444091796875,0,-3.9926835447140963E-07,0,0.0002,0,0,0
981.875,0,0.011444091796875,0,0,-0.011444091796875,0,-3.9832266711966317E-07,0,0.0002,0,0,0
982,0,0.00762939453125,0,-0.030517578125,-0.00762939453125,0,3.3165815890947673E-08,0,0.0004,0,0,0
982.125,0,0.00762939453125,0,0,-0.00762939453125,0,2.8211536459690993E-08,0,0.0008,0,0,0
982.25,0,0.00762939453125,0,0,-0.00762939453125,0,2.3349686756443822E-08,0,0.0006,0,0,0
982.375,0,0.00762939453125,0,0,-0.00762939453125,0,1.8578542361996778E-08,0,0,0,0,0
982.5,0,0.00762939453125,0,0,-0.00762939453125,0,1.3896411028841872E-08,0,0,0,0,0
982.625,0,0.00762939453125,0,0,-0.00762939453125,0,9.301632080959776E-09,0,0.0002,0,0,0
982.75,0,0.011444091796875,0,0.030517578125,-0.011444091796875,0,-4.2576786309094806E-07,0,0.0008,0,0,0
982.875,0,0.011444091796875,0,0,-0.011444091796875,0,-4.243277865130638E-07,0,0.0004,0,0,0
983,0,0.0152587890625,0,0.030517578125,-0.0152587890625,0,-8.5347501570175394E-07,0,-0.0006,0,0,0
983.125,0,0.0152587890625,0,0,-0.0152587890625,0,-8.4622316215154118E-07,0,-0.0004,0,0,0
983.25,0,0.011444091796875,0,-0.030517578125,-0.011444091796875,0,-4.0854616420428608E-07,0,0,0,0,0
983.375,0,0.011444091796875,0,0,-0.011444091796875,0,-4.0742738499487744E-07,0,0.0004,0,0,0
983.5,0,0.0152587890625,0,0.030517578125,-0.0152587890625,0,-8.3688991725382289E-07,0,-0.0002,0,0,0
983.625,0,0.011444091796875,0,-0.030517578125,-0.011444091796875,0,-3.9938704539277506E-07,0,0.0002,0,0,0
983.75,0,0.0152587890625,0,0.030517578125,-0.0152587890625,0,-8.2899958259448519E-07,0,0.0002,0,0,0
983.875,0,0.00762939453125,0,-0.06103515625,-0.00762939453125,0,3.891652181323894E-08,0,-0.0014,0,0,0
984,0,0.011444091796875,0,0.030517578125,-0.011444091796875,0,-3.967054848269798E-07,0,0.0004,0,0,0
984.125,0,0.019073486328125,0,0.06103515625,-0.019073486328125,0,-1.2569284895948605E-06,0,0,0,0,0
984.25,0,0.00762939453125,0,-0.091552734375,-0.00762939453125,0,4.7363967871283936E-08,0,0,0,0,0
984.375,0,0.0152587890625,0,0.06103515625,-0.0152587890625,0,-8.1897607782661654E-07,0,0.0012,0,0,0
984.5,0,0.011444091796875,0,-0.030517578125,-0.011444091796875,0,-3.8180741628390818E-07,0,0.0014,0,0,0
984.625,0,0.011444091796875,0,0,-0.011444091796875,0,-3.8118748967897778E-07,0,-0.0006,0,0,0
984.75,0,0.011444091796875,0,0,-0.011444091796875,0,-3.80579128761505E-07,0,-0.0002,0,0,0
984.875,0,0.003814697265625,0,-0.06103515625,-0.003814697265625,0,4.8113876007576343E-07,0,0.0006,0,0,0
985,0,0.011444091796875,0,0.06103515625,-0.011444091796875,0,-3.9112626377439186E-07,0,0.0002,0,0,0
985.125,0,0.011444091796875,0,0,-0.011444091796875,0,-3.9033247968910352E-07,0,0,0,0,0
985.25,0,0.00762939453125,0,-0.030517578125,-0.00762939453125,0,4.10069340448952E-08,0,-0.0002,0,0,0
985.375,0,0,0,-0.06103515625,0,0,8.9702724428592485E-07,0,0.0004,0,0,0
985.5,0,0.011444091796875,0,0.091552734375,-0.011444091796875,0,-4.1138949995526472E-07,0,0.0004,0,0,0
985.625,0,0.003814697265625,0,-0.06103515625,-0.003814697265625,0,4.5090320390179137E-07,0,-0.0004,0,0,0
985.75,0,0.0152587890625,0,0.091552734375,-0.0152587890625,0,-8.5135816790555222E-07,0,0.0002,0,0,0
985.875,0,0.00762939453125,0,-0.06103515625,-0.00762939453125,0,1.6975070413905079E-08,0,0.0004,0,0,0
986,0,0.011444091796875,0,0.030517578125,-0.011444091796875,0,-4.18237584591406E-07,0,0.0008,0,0,0
986.125,0,0.00762939453125,0,-0.030517578125,-0.00762939453125,0,1.3622441936437963E-08,0,0,0,0,0
986.25,0,0.011444091796875,0,0.030517578125,-0.011444091796875,0,-4.215276646110017E-07,0,-0.0002,0,0,0
986.375,0,0.00762939453125,0,-0.030517578125,-0.00762939453125,0,1.0393743436710178E-08,0,0.0008,0,0,0
986.5,0,0.011444091796875,0,0.030517578125,-0.011444091796875,0,-4.2469612675783594E-07,0,0.0012,0,0,0
986.625,0,0.011444091796875,0,0,-0.011444091796875,0,-4.2327604507510082E-07,0,0,0,0,0
986.75,0,0.011444091796875,0,0,-0.011444091796875,0,-4.2188245720756276E-07,0,0.0006,0,0,0
986.875,0,0.011444091796875,0,0,-0.011444091796875,0,-4.2051486887221526E-07,0,0.0002,0,0,0
987,0,0.011444091796875,0,0,-0.011444091796875,0,-4.19172795007664E-07,0,0,0,0,0
987.125,0,0.011444091796875,0,0,-0.011444091796875,0,-4.1785575960208349E-07,0,-0.0004,0,0,0
987.25,0,0.011444091796875,0,0,-0.011444091796875,0,-4.1656329552438339E-07,0,0.0006,0,0,0
987.375,0,0.011444091796875,0,0,-0.011444091796875,0,-4.1529494435852474E-07,0,0.0002,0,0,0
987.5,0,0.003814697265625,0,-0.06103515625,-0.003814697265625,0,4.4707062159057887E-07,0,0.0012,0,0,0
987.625,0,0.003814697265625,0,0,-0.003814697265625,0,4.3656206926777769E-07,0,0.0004,0,0,0
987.75,0,0.011444091796875,0,0.06103515625,-0.011444091796875,0,-4.348713076266263E-07,0,0.0006,0,0,0
987.875,0,0,0,-0.091552734375,0,0,8.5841992450435324E-07,0,-0.0008,0,0,0
988,0,0.00762939453125,0,0.06103515625,-0.00762939453125,0,-1.8716101693492439E-08,0,0.0002,0,0,0
988.125,0,0.00762939453125,0,0,-0.00762939453125,0,-2.2702443890388252E-08,0,-0.0004,0,0,0
988.25,0,0.0152587890625,0,0.06103515625,-0.0152587890625,0,-8.8773529255356462E-07,0,0.0002,0,0,0
988.375,0,0.00762939453125,0,-0.06103515625,-0.00762939453125,0,-1.8723382838269052E-08,0,0,0,0,0
988.5,0,0.00762939453125,0,0,-0.00762939453125,0,-2.2709589194173126E-08,0,0,0,0,0
988.625,0,0.0152587890625,0,0.06103515625,-0.0152587890625,0,-8.8774230455068113E-07,0,0.001,0,0,0
988.75,0,0.011444091796875,0,-0.030517578125,-0.011444091796875,0,-4.4929070293151181E-07,0,-0.0002,0,0,0
988.875,0,0.00762939453125,0,-0.030517578125,-0.00762939453125,0,-1.685133256126871E-08,0,-0.0002,0,0,0
989,0,0.011444091796875,0,0.030517578125,-0.011444091796875,0,-4.514329038197064E-07,0,-0.0002,0,0,0
989.125,0,0.011444091796875,0,0,-0.011444091796875,0,-4.4951400630189983E-07,0,0,0,0,0
989.25,0,0.011444091796875,0,0,-0.011444091796875,0,-4.4763090877844361E-07,0,-0.001,0,0,0
989.375,0,0.011444091796875,0,0,-0.011444091796875,0,-4.4578294334519816E-07,0,0.0004,0,0,0
989.5,0,0.00762939453125,0,-0.030517578125,-0.00762939453125,0,-1.3409015643053318E-08,0,0.0002,0,0,0
989.625,0,0.011444091796875,0,0.030517578125,-0.011444091796875,0,-4.4805480863562773E-07,0,0.0012,0,0,0
989.75,0,0.00762939453125,0,-0.030517578125,-0.00762939453125,0,-1.5638495780650439E-08,0,-0.0008,0,0,0
989.875,0,0.011444091796875,0,0.030517578125,-0.011444091796875,0,-4.5024269438082529E-07,0,-0.0002,0,0,0
990,0,0.019073486328125,0,0.06103515625,-0.019073486328125,0,-1.3094668798882845E-06,0,0,0,0,0
990.125,0,0.0152587890625,0,-0.030517578125,-0.0152587890625,0,-8.6531511550786029E-07,0,0.0002,0,0,0
990.25,0,0.011444091796875,0,-0.030517578125,-0.011444091796875,0,-4.2728192770890612E-07,0,0.0004,0,0,0
990.375,0,0.011444091796875,0,0,-0.011444091796875,0,-4.2581360391913797E-07,0,0,0,0,0
990.5,0,0.0152587890625,0,0.030517578125,-0.0152587890625,0,-8.5493311289127179E-07,0,-0.0006,0,0,0
990.625,0,0.0152587890625,0,0,-0.0152587890625,0,-8.47654056287919E-07,0,-0.0008,0,0,0
990.75,0,0.011444091796875,0,-0.030517578125,-0.011444091796875,0,-4.0995036280245882E-07,0,0,0,0,0
990.875,0,0.00762939453125,0,-0.030517578125,-0.00762939453125,0,2.175505281444738E-08,0,0.0006,0,0,0
991,0,0.00762939453125,0,0,-0.00762939453125,0,1.7013658776955085E-08,0,-0.0008,0,0,0
991.125,0,0.00762939453125,0,0,-0.00762939453125,0,1.2360722761936535E-08,0,0,0,0,0
991.25,0,0.011444091796875,0,0.030517578125,-0.011444091796875,0,-4.2276584446727497E-07,0,0.0004,0,0,0
991.375,0,0.00762939453125,0,-0.030517578125,-0.00762939453125,0,9.17866373635867E-09,0,-0.0004,0,0,0
991.5,0,0.00762939453125,0,0,-0.00762939453125,0,4.67190164443159E-09,0,-0.0002,0,0,0
991.625,0,0.0152587890625,0,0.06103515625,-0.0152587890625,0,-8.6087165767754587E-07,0,0.0002,0,0,0
991.75,0,0.0152587890625,0,0,-0.0152587890625,0,-8.5348180835711209E-07,0,-0.0004,0,0,0
991.875,0,0.00762939453125,0,-0.06103515625,-0.00762939453125,0,1.4891049752074721E-08,0,-0.0006,0,0,0
992,0,0.011444091796875,0,0.030517578125,-0.011444091796875,0,-4.2028272463182372E-07,0,-0.0004,0,0,0
992.125,0,0.0152587890625,0,0.030517578125,-0.0152587890625,0,-8.4950542069206451E-07,0,0,0,0,0
992.25,0,0.0152587890625,0,0,-0.0152587890625,0,-8.4232762606245652E-07,0,-0.0002,0,0,0
992.375,0,0.011444091796875,0,-0.030517578125,-0.011444091796875,0,-4.0472330535235794E-07,0,0,0,0,0
992.5,0,0.011444091796875,0,0,-0.011444091796875,0,-4.036758474740945E-07,0,0.0004,0,0,0
992.625,0,0.0152587890625,0,0.030517578125,-0.0152587890625,0,-8.3320837045469279E-07,0,-0.0002,0,0,0
992.75,0,0.011444091796875,0,-0.030517578125,-0.011444091796875,0,-3.9577418353037893E-07,0,0,0,0,0
992.875,0,0.011444091796875,0,0,-0.011444091796875,0,-3.9489368532958363E-07,0,0.001,0,0,0
993,0,0.011444091796875,0,0,-0.011444091796875,0,-3.9402961418146904E-07,0,0,0,0,0
993.125,0,0.011444091796875,0,0,-0.011444091796875,0,-3.9318166361401797E-07,0,-0.0002,0,0,0
993.25,0,0.0152587890625,0,0.030517578125,-0.0152587890625,0,-8.2290997178867476E-07,0,-0.0006,0,0,0
993.375,0,0.003814697265625,0,-0.091552734375,-0.003814697265625,0,4.7545296044800873E-07,0,0.0004,0,0,0
993.5,0,0.011444091796875,0,0.06103515625,-0.011444091796875,0,-3.9670598603602257E-07,0,0.0006,0,0,0
993.625,0,0.0152587890625,0,0.030517578125,-0.0152587890625,0,-8.2636854253732219E-07,0,0,0,0,0
993.75,0,0.011444091796875,0,-0.030517578125,-0.011444091796875,0,-3.8906196315771922E-07,0,0.0002,0,0,0
993.875,0,0.00762939453125,0,-0.030517578125,-0.00762939453125,0,4.2253747129783008E-08,0,-0.0004,0,0,0
994,0,0.011444091796875,0,0.030517578125,-0.011444091796875,0,-3.9343052059857069E-07,0,0.0004,0,0,0
994.125,0,0.003814697265625,0,-0.06103515625,-0.003814697265625,0,4.685271307851035E-07,0,0.0008,0,0,0
994.25,0,0.011444091796875,0,0.06103515625,-0.011444091796875,0,-4.0350260365893996E-07,0,-0.0002,0,0,0
994.375,0,0.0152587890625,0,0.030517578125,-0.0152587890625,0,-8.3303835877025187E-07,0,0.0002,0,0,0
994.5,0,0.011444091796875,0,-0.030517578125,-0.011444091796875,0,-3.9560734367626552E-07,0,0.0002,0,0,0
994.625,0,0.011444091796875,0,0,-0.011444091796875,0,-3.9472995813040839E-07,0,0.0004,0,0,0
994.75,0,0.0152587890625,0,0.030517578125,-0.0152587890625,0,-8.24429380481604E-07,0,0.0004,0,0,0
994.875,0,0.003814697265625,0,-0.091552734375,-0.003814697265625,0,4.739618986689287E-07,0,0,0,0,0
995,0,0.0152587890625,0,0.091552734375,-0.0152587890625,0,-8.2872966867242817E-07,0,0.0006,0,0,0
995.125,0,0.00762939453125,0,-0.06103515625,-0.00762939453125,0,3.9181400074561088E-08,0,-0.0006,0,0,0
995.25,0,0.00762939453125,0,0,-0.00762939453125,0,3.411489063738231E-08,0,-0.0002,0,0,0
995.375,0,0.011444091796875,0,0.030517578125,-0.011444091796875,0,-4.0141753416359129E-07,0,0.0014,0,0,0
995.5,0,0.011444091796875,0,0,-0.011444091796875,0,-4.0043175054817054E-07,0,0.0008,0,0,0
995.625,0,0.0152587890625,0,0.030517578125,-0.0152587890625,0,-8.3002479716306523E-07,0,0.0002,0,0,0
995.75,0,0.011444091796875,0,-0.030517578125,-0.011444091796875,0,-3.9265000471125259E-07,0,0.0002,0,0,0
995.875,0,0.0152587890625,0,0.030517578125,-0.0152587890625,0,-8.2238823180317235E-07,0,0.0008,0,0,0
996,0,0.011444091796875,0,-0.030517578125,-0.011444091796875,0,-3.8515591126255E-07,0,0,0,0,0
996.125,0,0.011444091796875,0,0,-0.011444091796875,0,-3.8447351331654742E-07,0,0.0002,0,0,0
996.25,0,0.00762939453125,0,-0.030517578125,-0.00762939453125,0,4.6756592358479962E-08,0,0.0006,0,0,0
996.375,0,0.011444091796875,0,0.030517578125,-0.011444091796875,0,-3.890116828962017E-07,0,-0.0014,0,0,0
996.5,0,0.011444091796875,0,0,-0.011444091796875,0,-3.8825734958032136E-07,0,-0.0002,0,0,0
996.625,0,0.011444091796875,0,0,-0.011444091796875,0,-3.8751708951650173E-07,0,0.0004,0,0,0
996.75,0,0.011444091796875,0,0,-0.011444091796875,0,-3.8679064014650841E-07,0,0.0002,0,0,0
996.875,0,0.011444091796875,0,0,-0.011444091796875,0,-3.8607774381053609E-07,0,-0.0004,0,0,0
997,0,0.0152587890625,0,0.030517578125,-0.0152587890625,0,-8.159385865715738E-07,0,0.0004,0,0,0
997.125,0,0.011444091796875,0,-0.030517578125,-0.011444091796875,0,-3.7882659411554704E-07,0,-0.0006,0,0,0
997.25,0,0.011444091796875,0,0,-0.011444091796875,0,-3.7826227934803706E-07,0,0,0,0,0
997.375,0,0.011444091796875,0,0,-0.011444091796875,0,-3.7770849274333996E-07,0,0.0002,0,0,0
997.5,0,0.0152587890625,0,0.030517578125,-0.0152587890625,0,-8.07725476798085E-07,0,0.0002,0,0,0
997.625,0,0.003814697265625,0,-0.091552734375,-0.003814697265625,0,4.9035416525252473E-07,0,-0.0006,0,0,0
997.75,0,0.011444091796875,0,0.06103515625,-0.011444091796875,0,-3.8208278620199855E-07,0,-0.001,0,0,0
997.875,0,0.011444091796875,0,0,-0.011444091796875,0,-3.8145772214630781E-07,0,0,0,0,0
998,0,0.00762939453125,0,-0.030517578125,-0.00762939453125,0,4.9716119290606577E-08,0,0,0,0,0
998.125,0,0.011444091796875,0,0.030517578125,-0.011444091796875,0,-3.861073705060017E-07,0,-0.0006,0,0,0
998.25,0,0.011444091796875,0,0,-0.011444091796875,0,-3.8540722161956377E-07,0,0.0006,0,0,0
998.375,0,0.003814697265625,0,-0.06103515625,-0.003814697265625,0,4.7640074274046577E-07,0,0.0008,0,0,0
998.5,0,0.011444091796875,0,0.06103515625,-0.011444091796875,0,-3.95775886084806E-07,0,0.0004,0,0,0
998.625,0,0.0152587890625,0,0.030517578125,-0.0152587890625,0,-8.2545579503598368E-07,0,0,0,0,0
998.75,0,0.0152587890625,0,0,-0.0152587890625,0,-8.1872668328528187E-07,0,0.0004,0,0,0
998.875,0,0.011444091796875,0,-0.030517578125,-0.011444091796875,0,-3.8156267458259646E-07,0,0,0,0,0
999,0,0.019073486328125,0,0.06103515625,-0.019073486328125,0,-1.2420681918432845E-06,0,0.0004,0,0,0
999.125,0,0.011444091796875,0,-0.06103515625,-0.011444091796875,0,-3.6861341507918637E-07,0,-0.0006,0,0,0
999.25,0,0.0152587890625,0,0.030517578125,-0.0152587890625,0,-7.9880008184286772E-07,0,-0.0002,0,0,0
999.375,0,0.011444091796875,0,-0.030517578125,-0.011444091796875,0,-3.6200783463991849E-07,0,0,0,0,0
999.5,0,0.00762939453125,0,-0.030517578125,-0.00762939453125,0,6.880313913137956E-08,0,0.0004,0,0,0
999.625,0,0.011444091796875,0,0.030517578125,-0.011444091796875,0,-3.6737644847458206E-07,0,0.001,0,0,0
999.75,0,0.00762939453125,0,-0.030517578125,-0.00762939453125,0,6.35346850724031E-08,0,0,0,0,0
999.875,0,0.0152587890625,0,0.06103515625,-0.0152587890625,0,-8.03107050308802E-07,0,0.001,0,0,0
1000,0,0.011444091796875,0,-0.030517578125,-0.011444091796875,0,-3.6623444996280224E-07,0,0.0004,0,0,0
1000.125,0,0.011444091796875,0,0,-0.011444091796875,0,0.099999634094938936,0.1,-0.0004,1,0,499
1000.25,0,0.011444091796875,0,0,-0.011444091796875,0,0.099999634418182562,0.1,-0.0016,1,0,499
1000.375,0,0.011444091796875,0,0,-0.011444091796875,0,0.099999634735395582,0.1,-0.0008,1,0,499
1000.5,0,0.011444091796875,0,0,-0.011444091796875,0,0.0999996350466905,0.1,0.0934,1,0,499
1000.625,0,0.02288818359375,0,0.091552734375,-0.02288818359375,0,0.099998343670860981,0.1,0.1114,1,0,499
1000.75,0,0.102996826171875,0,0.640869140625,-0.102996826171875,0,0.099989319796459947,0.1,0.0976,1,0,499
1000.875,0,0.25177001953125,0,1.190185546875,-0.25177001953125,0,0.099972668665501072,0.1,0.0938,1,0,499
1001,0,0.469207763671875,0,1.739501953125,-0.469207763671875,0,0.099948493556545892,0.1,0.0946,1,0,499
1001.125,0,0.743865966796875,0,2.197265625,-0.743865966796875,0,0.099918187502651717,0.1,0.0958,1,0,499
1001.25,0,1.079559326171875,0,2.685546875,-1.079559326171875,0,0.099881401809218812,0.1,0.0968,1,0,499
1001.375,0,1.483917236328125,0,3.23486328125,-1.483917236328125,0,0.099837361558884369,0.1,0.096,1,0,499
1001.5,0,1.949310302734375,0,3.72314453125,-1.949310302734375,0,0.099787024197800514,0.1,0.0966,1,0,498
1001.625,0,2.471923828125,0,4.180908203125,-2.471923828125,0,0.099730903084564976,0.1,0.0966,1,0,498
1001.75,0,3.070831298828125,0,4.791259765625,-3.070831298828125,0,0.09966692080540511,0.1,0.0956,1,0,498
1001.875,0,3.734588623046875,0,5.31005859375,-3.734588623046875,0,0.09959647234861943,0.1,0.0968,1,0,497
1002,0,4.451751708984375,0,5.7373046875,-4.451751708984375,0,0.099520933180126975,0.1,0.0948,1,0,497
1002.125,0,5.214691162109375,0,6.103515625,-5.214691162109375,0,0.099441229047248531,0.1,0.0952,1,0,497
1002.25,0,6.05010986328125,0,6.683349609375,-6.05010986328125,0,0.099354397717629758,0.1,0.0952,1,0,496
1002.375,0,6.938934326171875,0,7.110595703125,-6.938934326171875,0,0.0992626837748792,0.1,0.0946,1,0,496
1002.5,0,7.8887939453125,0,7.598876953125,-7.8887939453125,0,0.099165286842161957,0.1,0.094,1,0,495
1002.625,0,8.884429931640625,0,7.965087890625,-8.884429931640625,0,0.09906400050202159,0.1,0.0958,1,0,495
1002.75,0,9.944915771484375,0,8.48388671875,-9.944915771484375,0,0.098956718502041227,0.1,0.0924,1,0,494
1002.875,0,11.058807373046875,0,8.9111328125,-11.058807373046875,0,0.098844807529904544,0.1,0.0936,1,0,494
1003,0,12.24517822265625,0,9.490966796875,-12.24517822265625,0,0.098726170795396043,0.1,0.0932,1,0,493
1003.125,0,13.458251953125,0,9.70458984375,-13.458251953125,0,0.0986060593158191,0.1,0.0944,1,0,493
1003.25,0,14.7247314453125,0,10.1318359375,-14.7247314453125,0,0.098481471507426449,0.1,0.0928,1,0,492
1003.375,0,16.063690185546875,0,10.711669921875,-16.063690185546875,0,0.098350307732205558,0.1,0.0948,1,0,491
1003.5,0,17.4407958984375,0,11.016845703125,-17.4407958984375,0,0.098216524531476,0.1,0.0918,1,0,491
1003.625,0,18.86749267578125,0,11.41357421875,-18.86749267578125,0,0.09807885741574629,0.1,0.0926,1,0,490
1003.75,0,20.355224609375,0,11.90185546875,-20.355224609375,0,0.097936058983247781,0.1,0.0918,1,0,489
1003.875,0,21.88873291015625,0,12.26806640625,-21.88873291015625,0,0.097789912524209224,0.1,0.0932,1,0,488
1004,0,23.464202880859375,0,12.603759765625,-23.464202880859375,0,0.097640885048551423,0.1,0.094,1,0,488
1004.125,0,25.08544921875,0,12.969970703125,-25.08544921875,0,0.097488575900286589,0.1,0.0916,1,0,487
1004.25,0,26.767730712890625,0,13.458251953125,-26.767730712890625,0,0.097331298049205955,0.1,0.0922,1,0,486
1004.375,0,28.484344482421875,0,13.73291015625,-28.484344482421875,0,0.097172123433040769,0.1,0.0918,1,0,485
1004.5,0,30.254364013671875,0,14.16015625,-30.254364013671875,0,0.09700891512683632,0.1,0.0928,1,0,485
1004.625,0,32.062530517578125,0,14.46533203125,-32.062530517578125,0,0.096843440278420859,0.1,0.092,1,0,484
1004.75,0,33.92791748046875,0,14.923095703125,-33.92791748046875,0,0.096673566693842611,0.1,0.0922,1,0,483
1004.875,0,35.831451416015625,0,15.228271484375,-35.831451416015625,0,0.09650149672410753,0.1,0.094,1,0,482
1005,0,37.784576416015625,0,15.625,-37.784576416015625,0,0.096325957987253547,0.1,0.0928,1,0,481
1005.125,0,39.77203369140625,0,15.899658203125,-39.77203369140625,0,0.096148709259360046,0.1,0.092,1,0,480
1005.25,0,41.80908203125,0,16.29638671875,-41.80908203125,0,0.095968040691353215,0.1,0.0936,1,0,479
1005.375,0,43.89190673828125,0,16.66259765625,-43.89190673828125,0,0.0957844184651869,0.1,0.0924,1,0,478
1005.5,0,46.016693115234375,0,16.998291015625,-46.016693115234375,0,0.095598302233231208,0.1,0.0898,1,0,477
1005.625,0,48.187255859375,0,17.364501953125,-48.187255859375,0,0.09540928411921408,0.1,0.0924,1,0,477
1005.75,0,50.4150390625,0,17.822265625,-50.4150390625,0,0.095216100567786954,0.1,0.0888,1,0,476
1005.875,0,52.677154541015625,0,18.096923828125,-52.677154541015625,0,0.095021380137846473,0.1,0.0882,1,0,475
1006,0,54.988861083984375,0,18.49365234375,-54.988861083984375,0,0.094823409750637452,0.1,0.0878,1,0,474
1006.125,0,57.3272705078125,0,18.707275390625,-57.3272705078125,0,0.094624805220881708,0.1,0.0874,1,0,473
1006.25,0,59.7381591796875,0,19.287109375,-59.7381591796875,0,0.09442039647990022,0.1,0.088,1,0,472
1006.375,0,62.191009521484375,0,19.622802734375,-62.191009521484375,0,0.094213695110281923,0.1,0.0902,1,0,471
1006.5,0,64.67437744140625,0,19.866943359375,-64.67437744140625,0,0.0940060117205089,0.1,0.0882,1,0,470
1006.625,0,67.218780517578125,0,20.355224609375,-67.218780517578125,0,0.093793902806091428,0.1,0.088,1,0,468
1006.75,0,69.8089599609375,0,20.721435546875,-69.8089599609375,0,0.09357913848961702,0.1,0.0904,1,0,467
1006.875,0,72.44110107421875,0,21.05712890625,-72.44110107421875,0,0.093362172859027912,0.1,0.0886,1,0,466
1007,0,75.1190185546875,0,21.42333984375,-75.1190185546875,0,0.093142592577437219,0.1,0.0888,1,0,465
1007.125,0,77.84271240234375,0,21.78955078125,-77.84271240234375,0,0.092920420412074448,0.1,0.0886,1,0,464
1007.25,0,80.6121826171875,0,22.15576171875,-80.6121826171875,0,0.09269567870541133,0.1,0.089,1,0,463
1007.375,0,83.4197998046875,0,22.4609375,-83.4197998046875,0,0.092469250503964082,0.1,0.0882,1,0,462
1007.5,0,86.28082275390625,0,22.88818359375,-86.28082275390625,0,0.092239423352540012,0.1,0.0918,1,0,461
1007.625,0,89.183807373046875,0,23.223876953125,-89.183807373046875,0,0.0920075219964731,0.1,0.0892,1,0,460
1007.75,0,92.12493896484375,0,23.529052734375,-92.12493896484375,0,0.0917739918483309,0.1,0.091,1,0,458
1007.875,0,95.104217529296875,0,23.834228515625,-95.104217529296875,0,0.091538841618143324,0.1,0.0882,1,0,457
1008,0,98.15216064453125,0,24.383544921875,-98.15216064453125,0,0.09129863536992984,0.1,0.0896,1,0,456
1008.125,0,101.23062133789063,0,24.627685546875,-101.23062133789063,0,0.091057734016218472,0.1,0.0868,1,0,455
1008.25,0,104.35104370117188,0,24.96337890625,-104.35104370117188,0,0.090814841501878407,0.1,0.086,1,0,454
1008.375,0,107.52487182617188,0,25.390625,-107.52487182617188,0,0.09056867944840731,0.1,0.0858,1,0,452
1008.5,0,110.72921752929688,0,25.634765625,-110.72921752929688,0,0.090321861868096875,0.1,0.0848,1,0,451
1008.625,0,113.98696899414063,0,26.06201171875,-113.98696899414063,0,0.090071800286098583,0.1,0.0836,1,0,450
1008.75,0,117.279052734375,0,26.336669921875,-117.279052734375,0,0.089820677677824784,0.1,0.0816,1,0,449
1008.875,0,120.6207275390625,0,26.7333984375,-120.6207275390625,0,0.0895667720867625,0.1,0.0824,1,0,447
1009,0,123.98910522460938,0,26.947021484375,-123.98910522460938,0,0.089312690615504023,0.1,0.0832,1,0,446
1009.125,0,127.40707397460938,0,27.34375,-127.40707397460938,0,0.089055838008412477,0.1,0.0832,1,0,445
1009.25,0,130.86318969726563,0,27.64892578125,-130.86318969726563,0,0.088797529465740155,0.1,0.0838,1,0,443
1009.375,0,134.34982299804688,0,27.89306640625,-134.34982299804688,0,0.088538631593490111,0.1,0.0848,1,0,442
1009.5,0,137.87841796875,0,28.228759765625,-137.87841796875,0,0.088277846363118445,0.1,0.0844,1,0,441
1009.625,0,141.44515991210938,0,28.533935546875,-141.44515991210938,0,0.088015615701282593,0.1,0.087,1,0,440
1009.75,0,145.050048828125,0,28.839111328125,-145.050048828125,0,0.087751944897137252,0.1,0.0846,1,0,438
1009.875,0,148.68545532226563,0,29.083251953125,-148.68545532226563,0,0.087487700262037615,0.1,0.0856,1,0,437
1010,0,152.36663818359375,0,29.449462890625,-152.36663818359375,0,0.087221152917850167,0.1,0.0838,1,0,436
1010.125,0,156.07452392578125,0,29.6630859375,-156.07452392578125,0,0.0869544726142412,0.1,0.083,1,0,434
1010.25,0,159.820556640625,0,29.96826171875,-159.820556640625,0,0.086686354976137345,0.1,0.0832,1,0,433
1010.375,0,163.61236572265625,0,30.33447265625,-163.61236572265625,0,0.08641594402075399,0.1,0.0812,1,0,432
1010.5,0,167.42706298828125,0,30.517578125,-167.42706298828125,0,0.086145839882977693,0.1,0.0784,1,0,430
1010.625,0,171.29135131835938,0,30.914306640625,-171.29135131835938,0,0.085873009909020262,0.1,0.079,1,0,429
1010.75,0,175.18234252929688,0,31.1279296875,-175.18234252929688,0,0.08560006013531582,0.1,0.084,1,0,428
1010.875,0,179.11911010742188,0,31.494140625,-179.11911010742188,0,0.085324824820399076,0.1,0.0806,1,0,426
1011,0,183.08639526367188,0,31.73828125,-183.08639526367188,0,0.085049042833204247,0.1,0.082,1,0,425
1011.125,0,187.09182739257813,0,32.04345703125,-187.09182739257813,0,0.0847718459097886,0.1,0.0824,1,0,423
1011.25,0,191.131591796875,0,32.318115234375,-191.131591796875,0,0.084493669330809942,0.1,0.0836,1,0,422
1011.375,0,195.20950317382813,0,32.623291015625,-195.20950317382813,0,0.084214081302975863,0.1,0.084,1,0,421
1011.5,0,199.310302734375,0,32.806396484375,-199.310302734375,0,0.0839348087231987,0.1,0.0842,1,0,419
1011.625,0,203.460693359375,0,33.203125,-203.460693359375,0,0.083652818776675908,0.1,0.0832,1,0,418
1011.75,0,207.63015747070313,0,33.355712890625,-207.63015747070313,0,0.083371578462709053,0.1,0.0828,1,0,416
1011.875,0,211.8377685546875,0,33.660888671875,-211.8377685546875,0,0.083088910154751533,0.1,0.0834,1,0,415
1012,0,216.064453125,0,33.8134765625,-216.064453125,0,0.082806971618829661,0.1,0.08,1,0,414
1012.125,0,220.34835815429688,0,34.271240234375,-220.34835815429688,0,0.082521432796730909,0.1,0.0788,1,0,412
1012.25,0,224.65896606445313,0,34.48486328125,-224.65896606445313,0,0.082235772824461373,0.1,0.0774,1,0,411
1012.375,0,228.99246215820313,0,34.66796875,-228.99246215820313,0,0.0819504093483835,0.1,0.0772,1,0,409
1012.5,0,233.34503173828125,0,34.820556640625,-233.34503173828125,0,0.081665754390782358,0.1,0.0758,1,0,408
1012.625,0,237.73956298828125,0,35.15625,-237.73956298828125,0,0.081379200531719015,0.1,0.0768,1,0,406
1012.75,0,242.16842651367188,0,35.430908203125,-242.16842651367188,0,0.081091620473648623,0.1,0.0776,1,0,405
1012.875,0,246.61636352539063,0,35.58349609375,-246.61636352539063,0,0.080804736093813112,0.1,0.078,1,0,404
1013,0,251.07192993164063,0,35.64453125,-251.07192993164063,0,0.080519815255778324,0.1,0.0786,1,0,402
1013.125,0,255.57708740234375,0,36.041259765625,-255.57708740234375,0,0.080232080826293878,0.1,0.079,1,0,401
1013.25,0,260.09750366210938,0,36.163330078125,-260.09750366210938,0,0.079945432160320615,0.1,0.0802,1,0,399
1013.375,0,264.63699340820312,0,36.31591796875,-264.63699340820312,0,0.0796594097697859,0.1,0.0768,1,0,398
1013.5,0,269.21844482421875,0,36.651611328125,-269.21844482421875,0,0.0793714077691216,0.1,0.0764,1,0,396
1013.625,0,273.83041381835938,0,36.895751953125,-273.83041381835938,0,0.079082730926966535,0.1,0.0748,1,0,395
1013.75,0,278.45001220703125,0,36.956787109375,-278.45001220703125,0,0.078795957854083762,0.1,0.0722,1,0,393
1013.875,0,283.10012817382812,0,37.200927734375,-283.10012817382812,0,0.078508465334566235,0.1,0.0748,1,0,392
1014,0,287.7960205078125,0,37.567138671875,-287.7960205078125,0,0.078218527206965663,0.1,0.0752,1,0,391
1014.125,0,292.50335693359375,0,37.65869140625,-292.50335693359375,0,0.07793003812870529,0.1,0.0758,1,0,389
1014.25,0,297.26409912109375,0,38.0859375,-297.26409912109375,0,0.077638228397425568,0.1,0.0778,1,0,388
1014.375,0,302.01339721679688,0,37.994384765625,-302.01339721679688,0,0.077350449143854749,0.1,0.0788,1,0,386
1014.5,0,306.81991577148438,0,38.4521484375,-306.81991577148438,0,0.077058881588590922,0.1,0.078,1,0,385
1014.625,0,311.63406372070312,0,38.51318359375,-311.63406372070312,0,0.07676916117755439,0.1,0.0778,1,0,383
1014.75,0,316.50543212890625,0,38.970947265625,-316.50543212890625,0,0.076475651828193283,0.1,0.0774,1,0,382
1014.875,0,321.37680053710938,0,38.970947265625,-321.37680053710938,0,0.076184850119183023,0.1,0.076,1,0,380
1015,0,326.3092041015625,0,39.459228515625,-326.3092041015625,0,0.075889816568291926,0.1,0.074,1,0,379
1015.125,0,331.24160766601562,0,39.459228515625,-331.24160766601562,0,0.075597484409923643,0.1,0.0716,1,0,377
1015.25,0,336.23504638671875,0,39.947509765625,-336.23504638671875,0,0.075300914278409375,0.1,0.0682,1,0,376
1015.375,0,341.22848510742188,0,39.947509765625,-341.22848510742188,0,0.075007039522541008,0.1,0.0696,1,0,375
1015.5,0,346.24862670898438,0,40.1611328125,-346.24862670898438,0,0.074712795932854043,0.1,0.0692,1,0,373
1015.625,0,351.29928588867188,0,40.4052734375,-351.29928588867188,0,0.07441774465575382,0.1,0.071,1,0,372
1015.75,0,356.34613037109375,0,40.374755859375,-356.34613037109375,0,0.074125758461765792,0.1,0.072,1,0,370
1015.875,0,361.4349365234375,0,40.71044921875,-361.4349365234375,0,0.073831615609527626,0.1,0.0726,1,0,369
1016,0,366.52755737304688,0,40.740966796875,-366.52755737304688,0,0.073539638093856413,0.1,0.0742,1,0,367
1016.125,0,371.6583251953125,0,41.046142578125,-371.6583251953125,0,0.073245908305346857,0.1,0.0732,1,0,366
1016.25,0,376.78146362304688,0,40.985107421875,-376.78146362304688,0,0.072955603983019965,0.1,0.0716,1,0,364
1016.375,0,381.93130493164062,0,41.19873046875,-381.93130493164062,0,0.072664790511087818,0.1,0.0694,1,0,363
1016.5,0,387.12692260742188,0,41.56494140625,-387.12692260742188,0,0.072371309412007534,0.1,0.0658,1,0,361
1016.625,0,392.29583740234375,0,41.351318359375,-392.29583740234375,0,0.072083365089699827,0.1,0.0662,1,0,360
1016.75,0,397.49908447265625,0,41.6259765625,-397.49908447265625,0,0.071793980454347067,0.1,0.0668,1,0,358
1016.875,0,402.74810791015625,0,41.9921875,-402.74810791015625,0,0.071501871186055221,0.1,0.0684,1,0,357
1017,0,407.9742431640625,0,41.80908203125,-407.9742431640625,0,0.071214812191837007,0.1,0.0714,1,0,356
1017.125,0,413.23471069335938,0,42.083740234375,-413.23471069335938,0,0.070926263851012375,0.1,0.0712,1,0,354
1017.25,0,418.5333251953125,0,42.388916015625,-418.5333251953125,0,0.070635803879361858,0.1,0.0728,1,0,353
1017.375,0,423.82431030273438,0,42.327880859375,-423.82431030273438,0,0.070348612988975628,0.1,0.075,1,0,351
1017.5,0,429.13436889648438,0,42.48046875,-429.13436889648438,0,0.070061620602545588,0.1,0.0726,1,0,350
1017.625,0,434.478759765625,0,42.755126953125,-434.478759765625,0,0.06977308993611854,0.1,0.0712,1,0,348
1017.75,0,439.85366821289062,0,42.999267578125,-439.85366821289062,0,0.069483460739280745,0.1,0.0676,1,0,347
1017.875,0,445.24383544921875,0,43.121337890625,-445.24383544921875,0,0.069194458406488066,0.1,0.0642,1,0,345
1018,0,450.64163208007812,0,43.182373046875,-450.64163208007812,0,0.0689069236924623,0.1,0.0626,1,0,344
1018.125,0,456.06231689453125,0,43.365478515625,-456.06231689453125,0,0.068619102639235,0.1,0.062,1,0,343
1018.25,0,461.517333984375,0,43.64013671875,-461.517333984375,0,0.068329695901029192,0.1,0.065,1,0,341
1018.375,0,466.97235107421875,0,43.64013671875,-466.97235107421875,0,0.06804258859535553,0.1,0.0652,1,0,340
1018.5,0,472.45407104492188,0,43.853759765625,-472.45407104492188,0,0.067754723899679375,0.1,0.0664,1,0,338
1018.625,0,477.9205322265625,0,43.731689453125,-477.9205322265625,0,0.067470836934788225,0.1,0.0676,1,0,337
1018.75,0,483.43276977539062,0,44.097900390625,-483.43276977539062,0,0.067183973193993246,0.1,0.0682,1,0,335
1018.875,0,488.97552490234375,0,44.342041015625,-488.97552490234375,0,0.066895884442278536,0.1,0.0668,1,0,334
1019,0,494.51828002929688,0,44.342041015625,-494.51828002929688,0,0.06661002067554464,0.1,0.0636,1,0,333
1019.125,0,500.08010864257812,0,44.49462890625,-500.08010864257812,0,0.066324187581068672,0.1,0.0618,1,0,331
1019.25,0,505.64193725585938,0,44.49462890625,-505.64193725585938,0,0.066040526550007028,0.1,0.0616,1,0,330
1019.375,0,511.23809814453125,0,44.769287109375,-511.23809814453125,0,0.065755122015214648,0.1,0.0614,1,0,328
1019.5,0,516.83807373046875,0,44.7998046875,-516.83807373046875,0,0.065471431478115655,0.1,0.0654,1,0,327
1019.625,0,522.4609375,0,44.98291015625,-522.4609375,0,0.065187267991483527,0.1,0.0666,1,0,325
1019.75,0,528.11813354492188,0,45.257568359375,-528.11813354492188,0,0.064901335691045073,0.1,0.0666,1,0,324
1019.875,0,533.76388549804688,0,45.166015625,-533.76388549804688,0,0.064618814792178542,0.1,0.0682,1,0,323
1020,0,539.44778442382812,0,45.47119140625,-539.44778442382812,0,0.064334050867497342,0.1,0.0678,1,0,321
1020.125,0,545.12786865234375,0,45.440673828125,-545.12786865234375,0,0.064051800251337665,0.1,0.0656,1,0,320
1020.25,0,550.84991455078125,0,45.7763671875,-550.84991455078125,0,0.063766851496543625,0.1,0.0632,1,0,318
1020.375,0,556.549072265625,0,45.59326171875,-556.549072265625,0,0.06348655062315689,0.1,0.0606,1,0,317
1020.5,0,562.29400634765625,0,45.95947265625,-562.29400634765625,0,0.063203073836436779,0.1,0.0582,1,0,316
1020.625,0,568.04656982421875,0,46.0205078125,-568.04656982421875,0,0.062920759979216909,0.1,0.0572,1,0,314
1020.75,0,573.80294799804688,0,46.051025390625,-573.80294799804688,0,0.062640013580171822,0.1,0.0594,1,0,313
1020.875,0,579.57839965820312,0,46.20361328125,-579.57839965820312,0,0.062359080986434758,0.1,0.061,1,0,311
1021,0,585.35003662109375,0,46.173095703125,-585.35003662109375,0,0.062080538195588668,0.1,0.0632,1,0,310
1021.125,0,591.13311767578125,0,46.2646484375,-591.13311767578125,0,0.061802620548177083,0.1,0.0638,1,0,309
1021.25,0,596.9390869140625,0,46.44775390625,-596.9390869140625,0,0.061524018196587857,0.1,0.0618,1,0,307
1021.375,0,602.74887084960938,0,46.478271484375,-602.74887084960938,0,0.061246883710668741,0.1,0.0596,1,0,306
1021.5,0,608.57391357421875,0,46.600341796875,-608.57391357421875,0,0.060969895856043822,0.1,0.056,1,0,304
1021.625,0,614.4256591796875,0,46.81396484375,-614.4256591796875,0,0.060691751544723345,0.1,0.0538,1,0,303
1021.75,0,620.26596069335938,0,46.722412109375,-620.26596069335938,0,0.060416762782260859,0.1,0.0556,1,0,302
1021.875,0,626.13296508789062,0,46.93603515625,-626.13296508789062,0,0.060140571595913704,0.1,0.0586,1,0,300
1022,0,632.01522827148438,0,47.05810546875,-632.01522827148438,0,0.059864476925751871,0.1,0.0604,1,0,299
1022.125,0,637.91656494140625,0,47.210693359375,-637.91656494140625,0,0.059588037739638187,0.1,0.0618,1,0,297
1022.25,0,643.829345703125,0,47.30224609375,-643.829345703125,0,0.059312110747127285,0.1,0.0638,1,0,296
1022.375,0,649.75357055664062,0,47.393798828125,-649.75357055664062,0,0.059036679889177185,0.1,0.0636,1,0,295
1022.5,0,655.70831298828125,0,47.637939453125,-655.70831298828125,0,0.05875957660415753,0.1,0.061,1,0,293
1022.625,0,661.68212890625,0,47.79052734375,-661.68212890625,0,0.058482106433013034,0.1,0.058,1,0,292
1022.75,0,667.67120361328125,0,47.91259765625,-667.67120361328125,0,0.058204695942209568,0.1,0.0558,1,0,291
1022.875,0,673.66790771484375,0,47.9736328125,-673.66790771484375,0,0.057928196468156161,0.1,0.051,1,0,289
1023,0,679.6875,0,48.15673828125,-679.6875,0,0.057650864437153906,0.1,0.0524,1,0,288
1023.125,0,685.71090698242188,0,48.187255859375,-685.71090698242188,0,0.057374855177472144,0.1,0.0538,1,0,286
1023.25,0,691.73812866210938,0,48.2177734375,-691.73812866210938,0,0.057100141843010689,0.1,0.0558,1,0,285
1023.375,0,697.75390625,0,48.126220703125,-697.75390625,0,0.056828420330280412,0.1,0.0582,1,0,284
1023.5,0,703.80783081054688,0,48.431396484375,-703.80783081054688,0,0.0565540440398041,0.1,0.0582,1,0,282
1023.625,0,709.8236083984375,0,48.126220703125,-709.8236083984375,0,0.0562856520317359,0.1,0.057,1,0,281
1023.75,0,715.87371826171875,0,48.40087890625,-715.87371826171875,0,0.056014973689313179,0.1,0.0544,1,0,280
1023.875,0,721.92764282226562,0,48.431396484375,-721.92764282226562,0,0.055745476641303,0.1,0.051,1,0,278
1024,0,727.98538208007812,0,48.4619140625,-727.98538208007812,0,0.055477136681075234,0.1,0.0506,1,0,277
1024.125,0,734.06219482421875,0,48.614501953125,-734.06219482421875,0,0.055208207811856071,0.1,0.0526,1,0,276
1024.25,0,740.13519287109375,0,48.583984375,-740.13519287109375,0,0.054941273544485116,0.1,0.0558,1,0,274
1024.375,0,746.2158203125,0,48.64501953125,-746.2158203125,0,0.054675007153030163,0.1,0.0574,1,0,273
1024.5,0,752.288818359375,0,48.583984375,-752.288818359375,0,0.054411114083471053,0.1,0.059,1,0,272
1024.625,0,758.39614868164062,0,48.858642578125,-758.39614868164062,0,0.054144818228517314,0.1,0.0594,1,0,270
1024.75,0,764.48822021484375,0,48.736572265625,-764.48822021484375,0,0.053881742191704461,0.1,0.057,1,0,269
1024.875,0,770.599365234375,0,48.88916015625,-770.599365234375,0,0.053617959529446042,0.1,0.0542,1,0,268
1025,0,776.74102783203125,0,49.13330078125,-776.74102783203125,0,0.053352180904813556,0.1,0.049,1,0,266
1025.125,0,782.89031982421875,0,49.1943359375,-782.89031982421875,0,0.053087009576118858,0.1,0.047,1,0,265
1025.25,0,789.05868530273438,0,49.346923828125,-789.05868530273438,0,0.052821138196482355,0.1,0.0482,1,0,264
1025.375,0,795.21560668945312,0,49.25537109375,-795.21560668945312,0,0.052558013471146081,0.1,0.0486,1,0,262
1025.5,0,801.39541625976562,0,49.4384765625,-801.39541625976562,0,0.052293715616365255,0.1,0.051,1,0,261
1025.625,0,807.55615234375,0,49.285888671875,-807.55615234375,0,0.0520329896769482,0.1,0.0532,1,0,260
1025.75,0,813.73214721679688,0,49.407958984375,-813.73214721679688,0,0.051771904808151421,0.1,0.0542,1,0,258
1025.875,0,819.94247436523438,0,49.6826171875,-819.94247436523438,0,0.051508306233121907,0.1,0.0532,1,0,257
1026,0,826.13372802734375,0,49.530029296875,-826.13372802734375,0,0.051248249185233449,0.1,0.0502,1,0,256
1026.125,0,832.34405517578125,0,49.6826171875,-832.34405517578125,0,0.050987372826242876,0.1,0.046,1,0,254
1026.25,0,838.55819702148438,0,49.713134765625,-838.55819702148438,0,0.050727403844618886,0.1,0.0452,1,0,253
1026.375,0,844.76852416992188,0,49.6826171875,-844.76852416992188,0,0.050469184264954323,0.1,0.0486,1,0,252
1026.5,0,850.99411010742188,0,49.8046875,-850.99411010742188,0,0.050210530815021442,0.1,0.0504,1,0,251
1026.625,0,857.21588134765625,0,49.774169921875,-857.21588134765625,0,0.049953595720494313,0.1,0.0514,1,0,249
1026.75,0,863.45672607421875,0,49.9267578125,-863.45672607421875,0,0.049695765727927617,0.1,0.0542,1,0,248
1026.875,0,869.68231201171875,0,49.8046875,-869.68231201171875,0,0.0494409217381756,0.1,0.0554,1,0,247
1027,0,875.91552734375,0,49.86572265625,-875.91552734375,0,0.049186433351154323,0.1,0.0524,1,0,245
1027.125,0,882.16018676757812,0,49.957275390625,-882.16018676757812,0,0.0489318590365872,0.1,0.0492,1,0,244
1027.25,0,888.43536376953125,0,50.201416015625,-888.43536376953125,0,0.048675041092110696,0.1,0.0476,1,0,243
1027.375,0,894.70672607421875,0,50.1708984375,-894.70672607421875,0,0.048419879077973453,0.1,0.0438,1,0,242
1027.5,0,900.9552001953125,0,49.98779296875,-900.9552001953125,0,0.048168497070194216,0.1,0.0438,1,0,240
1027.625,0,907.21511840820312,0,50.079345703125,-907.21511840820312,0,0.047916962509530828,0.1,0.0448,1,0,239
1027.75,0,913.4979248046875,0,50.262451171875,-913.4979248046875,0,0.047663980057496093,0.1,0.049,1,0,238
1027.875,0,919.76547241210938,0,50.140380859375,-919.76547241210938,0,0.047413869324567162,0.1,0.0492,1,0,237
1028,0,926.05209350585938,0,50.29296875,-926.05209350585938,0,0.047162710361482285,0.1,0.0492,1,0,235
1028.125,0,932.31201171875,0,50.079345703125,-932.31201171875,0,0.046915678611059677,0.1,0.0482,1,0,234
1028.25,0,938.58718872070312,0,50.201416015625,-938.58718872070312,0,0.046667976083269981,0.1,0.0436,1,0,233
1028.375,0,944.88143920898438,0,50.35400390625,-944.88143920898438,0,0.046419176061021264,0.1,0.0408,1,0,232
1028.5,0,951.17568969726562,0,50.35400390625,-951.17568969726562,0,0.046171440983160963,0.1,0.041,1,0,230
1028.625,0,957.4737548828125,0,50.384521484375,-957.4737548828125,0,0.045924320421069219,0.1,0.0438,1,0,229
1028.75,0,963.76419067382812,0,50.323486328125,-963.76419067382812,0,0.045679092423562828,0.1,0.0464,1,0,228
1028.875,0,970.062255859375,0,50.384521484375,-970.062255859375,0,0.045434003775693239,0.1,0.0496,1,0,227
1029,0,976.3946533203125,0,50.6591796875,-976.3946533203125,0,0.045186033619085561,0.1,0.0508,1,0,225
1029.125,0,982.70797729492188,0,50.506591796875,-982.70797729492188,0,0.04494124404903696,0.1,0.05,1,0,224
1029.25,0,989.04037475585938,0,50.6591796875,-989.04037475585938,0,0.044695280961207749,0.1,0.047,1,0,223
1029.375,0,995.37277221679688,0,50.6591796875,-995.37277221679688,0,0.044450308212777755,0.1,0.044,1,0,222
1029.5,0,1001.7318725585938,0,50.872802734375,-1001.7318725585938,0,0.044203293404364789,0.1,0.041,1,0,221
1029.625,0,1008.0947875976563,0,50.9033203125,-1008.0947875976563,0,0.043956842822062754,0.1,0.039,1,0,219
1029.75,0,1014.4309997558594,0,50.689697265625,-1014.4309997558594,0,0.043714388255114159,0.1,0.0392,1,0,218
1029.875,0,1020.782470703125,0,50.811767578125,-1020.782470703125,0,0.043471134161177892,0.1,0.0414,1,0,217
1030,0,1027.1415710449219,0,50.872802734375,-1027.1415710449219,0,0.043227947906501647,0.1,0.0442,1,0,216
1030.125,0,1033.477783203125,0,50.689697265625,-1033.477783203125,0,0.04298826837343072,0.1,0.044,1,0,214
1030.25,0,1039.8216247558594,0,50.750732421875,-1039.8216247558594,0,0.0427485986617107,0.1,0.0448,1,0,213
1030.375,0,1046.1540222167969,0,50.6591796875,-1046.1540222167969,0,0.042511087054783674,0.1,0.0412,1,0,212
1030.5,0,1052.4940490722656,0,50.72021484375,-1052.4940490722656,0,0.042273546990959886,0.1,0.0374,1,0,211
1030.625,0,1058.8417053222656,0,50.78125,-1058.8417053222656,0,0.042035974665626648,0.1,0.0368,1,0,210
1030.75,0,1065.1588439941406,0,50.537109375,-1065.1588439941406,0,0.04180267194954141,0.1,0.038,1,0,209
1030.875,0,1071.47216796875,0,50.506591796875,-1071.47216796875,0,0.041570562605562411,0.1,0.042,1,0,207
1031,0,1077.8083801269531,0,50.689697265625,-1077.8083801269531,0,0.041336612614179022,0.1,0.0442,1,0,206
1031.125,0,1084.1331481933594,0,50.59814453125,-1084.1331481933594,0,0.04110471835289934,0.1,0.0462,1,0,205
1031.25,0,1090.4655456542969,0,50.6591796875,-1090.4655456542969,0,0.040872695169991348,0.1,0.046,1,0,204
1031.375,0,1096.7826843261719,0,50.537109375,-1096.7826843261719,0,0.040643124497800463,0.1,0.0438,1,0,203
1031.5,0,1103.1227111816406,0,50.72021484375,-1103.1227111816406,0,0.040411663647605449,0.1,0.04,1,0,202
1031.625,0,1109.4818115234375,0,50.872802734375,-1109.4818115234375,0,0.04017876543747282,0.1,0.0368,1,0,200
1031.75,0,1115.8218383789063,0,50.72021484375,-1115.8218383789063,0,0.0399487514491596,0.1,0.037,1,0,199
1031.875,0,1122.1694946289063,0,50.78125,-1122.1694946289063,0,0.0397185647887844,0.1,0.035,1,0,198
1032,0,1128.5209655761719,0,50.811767578125,-1128.5209655761719,0,0.039488634902729913,0.1,0.0362,1,0,197
1032.125,0,1134.8648071289063,0,50.750732421875,-1134.8648071289063,0,0.039260246514031781,0.1,0.038,1,0,196
1032.25,0,1141.2086486816406,0,50.750732421875,-1141.2086486816406,0,0.039032514078320139,0.1,0.0406,1,0,195
1032.375,0,1147.5448608398438,0,50.689697265625,-1147.5448608398438,0,0.038806286478657644,0.1,0.0422,1,0,194
1032.5,0,1153.9039611816406,0,50.872802734375,-1153.9039611816406,0,0.038578095492014214,0.1,0.0388,1,0,192
1032.625,0,1160.2554321289063,0,50.811767578125,-1160.2554321289063,0,0.038351409225355231,0.1,0.0356,1,0,191
1032.75,0,1166.5840148925781,0,50.628662109375,-1166.5840148925781,0,0.038127926183083027,0.1,0.0318,1,0,190
1032.875,0,1172.9202270507813,0,50.689697265625,-1172.9202270507813,0,0.037904155127152117,0.1,0.0334,1,0,189
1033,0,1179.2526245117188,0,50.6591796875,-1179.2526245117188,0,0.037681388776698577,0.1,0.0364,1,0,188
1033.125,0,1185.5850219726563,0,50.6591796875,-1185.5850219726563,0,0.037459179994712294,0.1,0.038,1,0,187
1033.25,0,1191.9097900390625,0,50.59814453125,-1191.9097900390625,0,0.03723837949977099,0.1,0.0424,1,0,186
1033.375,0,1198.2192993164063,0,50.47607421875,-1198.2192993164063,0,0.037019826474504441,0.1,0.0424,1,0,185
1033.5,0,1204.5326232910156,0,50.506591796875,-1204.5326232910156,0,0.036801334857742979,0.1,0.0412,1,0,184
1033.625,0,1210.8650207519531,0,50.6591796875,-1210.8650207519531,0,0.0365811790943005,0.1,0.0392,1,0,182
1033.75,0,1217.1783447265625,0,50.506591796875,-1217.1783447265625,0,0.036363684996990692,0.1,0.0352,1,0,181
1033.875,0,1223.4992980957031,0,50.567626953125,-1223.4992980957031,0,0.036145799824051944,0.1,0.0334,1,0,180
1034,0,1229.8202514648438,0,50.567626953125,-1229.8202514648438,0,0.035928387656961505,0.1,0.031,1,0,179
1034.125,0,1236.1373901367188,0,50.537109375,-1236.1373901367188,0,0.035711870231504225,0.1,0.0322,1,0,178
1034.25,0,1242.4507141113281,0,50.506591796875,-1242.4507141113281,0,0.035496233022654242,0.1,0.034,1,0,177
1034.375,0,1248.7525939941406,0,50.4150390625,-1248.7525939941406,0,0.03528232289725021,0.1,0.0372,1,0,176
1034.5,0,1255.035400390625,0,50.262451171875,-1255.035400390625,0,0.035070975258043077,0.1,0.0378,1,0,175
1034.625,0,1261.3296508789063,0,50.35400390625,-1261.3296508789063,0,0.034858708653187076,0.1,0.0374,1,0,174
1034.75,0,1267.6277160644531,0,50.384521484375,-1267.6277160644531,0,0.034646394845002357,0.1,0.0334,1,0,173
1034.875,0,1273.9143371582031,0,50.29296875,-1273.9143371582031,0,0.0344357547881356,0.1,0.0302,1,0,172
1035,0,1280.1895141601563,0,50.201416015625,-1280.1895141601563,0,0.034226763759453022,0.1,0.0288,1,0,171
1035.125,0,1286.4646911621094,0,50.201416015625,-1286.4646911621094,0,0.034018105815752347,0.1,0.031,1,0,170
1035.25,0,1292.7398681640625,0,50.201416015625,-1292.7398681640625,0,0.03380977474281921,0.1,0.0318,1,0,169
1035.375,0,1299.0036010742188,0,50.10986328125,-1299.0036010742188,0,0.033603056123691757,0.1,0.0374,1,0,168
1035.5,0,1305.2825927734375,0,50.23193359375,-1305.2825927734375,0,0.033394912455763565,0.1,0.0402,1,0,166
1035.625,0,1311.5386962890625,0,50.048828125,-1311.5386962890625,0,0.033189667258868238,0.1,0.038,1,0,165
1035.75,0,1317.8062438964844,0,50.140380859375,-1317.8062438964844,0,0.032983404420165605,0.1,0.0368,1,0,164
1035.875,0,1324.0890502929688,0,50.262451171875,-1324.0890502929688,0,0.032775705861615032,0.1,0.0352,1,0,163
1036,0,1330.3604125976563,0,50.1708984375,-1330.3604125976563,0,0.03256960362081833,0.1,0.031,1,0,162
1036.125,0,1336.6317749023438,0,50.1708984375,-1336.6317749023438,0,0.032363782737967653,0.1,0.029,1,0,161
1036.25,0,1342.8916931152344,0,50.079345703125,-1342.8916931152344,0,0.03215952964521307,0.1,0.0276,1,0,160
1036.375,0,1349.1630554199219,0,50.1708984375,-1349.1630554199219,0,0.03195423823365745,0.1,0.028,1,0,159
1036.5,0,1355.4306030273438,0,50.140380859375,-1355.4306030273438,0,0.031749643613216,0.1,0.0308,1,0,158
1036.625,0,1361.6752624511719,0,49.957275390625,-1361.6752624511719,0,0.0315478877541298,0.1,0.0328,1,0,157
1036.75,0,1367.9046630859375,0,49.835205078125,-1367.9046630859375,0,0.031348069580607194,0.1,0.0332,1,0,156
1036.875,0,1374.1226196289063,0,49.74365234375,-1374.1226196289063,0,0.031149731052734803,0.1,0.0324,1,0,155
1037,0,1380.3443908691406,0,49.774169921875,-1380.3443908691406,0,0.03095112882696395,0.1,0.028,1,0,154
1037.125,0,1386.5623474121094,0,49.74365234375,-1386.5623474121094,0,0.030753126776103784,0.1,0.027,1,0,153
1037.25,0,1392.76123046875,0,49.591064453125,-1392.76123046875,0,0.030557438112480767,0.1,0.0266,1,0,152
1037.375,0,1398.956298828125,0,49.560546875,-1398.956298828125,0,0.030362308273330307,0.1,0.0274,1,0,151
1037.5,0,1405.1170349121094,0,49.285888671875,-1405.1170349121094,0,0.030171173484190864,0.1,0.0312,1,0,150
1037.625,0,1411.285400390625,0,49.346923828125,-1411.285400390625,0,0.029979242556251187,0.1,0.0332,1,0,149
1037.75,0,1417.4461364746094,0,49.285888671875,-1417.4461364746094,0,0.029788248248944868,0.1,0.0356,1,0,148
1037.875,0,1423.6068725585938,0,49.285888671875,-1423.6068725585938,0,0.029597316302810761,0.1,0.034,1,0,147
1038,0,1429.7714233398438,0,49.31640625,-1429.7714233398438,0,0.029406014993966056,0.1,0.0324,1,0,147
1038.125,0,1435.9130859375,0,49.13330078125,-1435.9130859375,0,0.029217362968754587,0.1,0.0298,1,0,146
1038.25,0,1442.0623779296875,0,49.1943359375,-1442.0623779296875,0,0.029027879323750408,0.1,0.0274,1,0,145
1038.375,0,1448.1964111328125,0,49.072265625,-1448.1964111328125,0,0.028840158601217594,0.1,0.0252,1,0,144
1038.5,0,1454.3342590332031,0,49.102783203125,-1454.3342590332031,0,0.028652023779962343,0.1,0.0242,1,0,143
1038.625,0,1460.4682922363281,0,49.072265625,-1460.4682922363281,0,0.0284643415387532,0.1,0.0236,1,0,142
1038.75,0,1466.6061401367188,0,49.102783203125,-1466.6061401367188,0,0.028276244480893137,0.1,0.0288,1,0,141
1038.875,0,1472.7325439453125,0,49.01123046875,-1472.7325439453125,0,0.028089460419422591,0.1,0.0294,1,0,140
1039,0,1478.8398742675781,0,48.858642578125,-1478.8398742675781,0,0.027904832482525524,0.1,0.0292,1,0,139
1039.125,0,1484.9586486816406,0,48.9501953125,-1484.9586486816406,0,0.027718886799659337,0.1,0.0284,1,0,138
1039.25,0,1491.0392761230469,0,48.64501953125,-1491.0392761230469,0,0.027537238737834549,0.1,0.0268,1,0,137
1039.375,0,1497.13134765625,0,48.736572265625,-1497.13134765625,0,0.027354232510192616,0.1,0.024,1,0,136
1039.5,0,1503.2157897949219,0,48.675537109375,-1503.2157897949219,0,0.027172039754327373,0.1,0.022,1,0,135
1039.625,0,1509.3002319335938,0,48.675537109375,-1509.3002319335938,0,0.02698978850830959,0.1,0.0246,1,0,134
1039.75,0,1515.3694152832031,0,48.553466796875,-1515.3694152832031,0,0.026809202105119043,0.1,0.0258,1,0,134
1039.875,0,1521.42333984375,0,48.431396484375,-1521.42333984375,0,0.026630258155583578,0.1,0.0296,1,0,133
1040,0,1527.4848937988281,0,48.492431640625,-1527.4848937988281,0,0.026450351325602098,0.1,0.0312,1,0,132
1040.125,0,1533.5159301757813,0,48.248291015625,-1533.5159301757813,0,0.026273800848064396,0.1,0.0314,1,0,131
1040.25,0,1539.5584106445313,0,48.33984375,-1539.5584106445313,0,0.026095825282288057,0.1,0.0294,1,0,130
1040.375,0,1545.5741882324219,0,48.126220703125,-1545.5741882324219,0,0.025920750316602459,0.1,0.027,1,0,129
1040.5,0,1551.605224609375,0,48.248291015625,-1551.605224609375,0,0.025743800845328652,0.1,0.0242,1,0,128
1040.625,0,1557.6057434082031,0,48.004150390625,-1557.6057434082031,0,0.0255701698944881,0.1,0.0228,1,0,127
1040.75,0,1563.6024475097656,0,47.9736328125,-1563.6024475097656,0,0.025396798970968568,0.1,0.0208,1,0,126
1040.875,0,1569.6182250976563,0,48.126220703125,-1569.6182250976563,0,0.025221102028685535,0.1,0.0226,1,0,126
1041,0,1575.5958557128906,0,47.821044921875,-1575.5958557128906,0,0.025049570030892393,0.1,0.0234,1,0,125
1041.125,0,1581.5696716308594,0,47.79052734375,-1581.5696716308594,0,0.024878271907771962,0.1,0.0254,1,0,124
1041.25,0,1587.5358581542969,0,47.7294921875,-1587.5358581542969,0,0.024707636024230289,0.1,0.0274,1,0,123
1041.375,0,1593.4829711914063,0,47.576904296875,-1593.4829711914063,0,0.024538946042002754,0.1,0.0266,1,0,122
1041.5,0,1599.4224548339844,0,47.515869140625,-1599.4224548339844,0,0.024370884814780683,0.1,0.0238,1,0,121
1041.625,0,1605.3581237792969,0,47.4853515625,-1605.3581237792969,0,0.0242030143872502,0.1,0.0218,1,0,121
1041.75,0,1611.2632751464844,0,47.2412109375,-1611.2632751464844,0,0.024038347290581019,0.1,0.0182,1,0,120
1041.875,0,1617.1836853027344,0,47.36328125,-1617.1836853027344,0,0.023871674378505542,0.1,0.0202,1,0,119
1042,0,1623.0926513671875,0,47.271728515625,-1623.0926513671875,0,0.02370603832463794,0.1,0.0224,1,0,118
1042.125,0,1628.9901733398438,0,47.18017578125,-1628.9901733398438,0,0.023541426288068226,0.1,0.0246,1,0,117
1042.25,0,1634.8686218261719,0,47.027587890625,-1634.8686218261719,0,0.023378686788331285,0.1,0.0262,1,0,116
1042.375,0,1640.7623291015625,0,47.149658203125,-1640.7623291015625,0,0.023213920685212525,0.1,0.0272,1,0,116
1042.5,0,1646.6331481933594,0,46.966552734375,-1646.6331481933594,0,0.023051462721474639,0.1,0.0282,1,0,115
1042.625,0,1652.5230407714844,0,47.119140625,-1652.5230407714844,0,0.022886546676947478,0.1,0.026,1,0,114
1042.75,0,1658.3824157714844,0,46.875,-1658.3824157714844,0,0.022724804857827338,0.1,0.0234,1,0,113
1042.875,0,1664.2723083496094,0,47.119140625,-1664.2723083496094,0,0.022559306419098132,0.1,0.0214,1,0,112
1043,0,1670.1278686523438,0,46.844482421875,-1670.1278686523438,0,0.022397423631677488,0.1,0.0182,1,0,111
1043.125,0,1676.0063171386719,0,47.027587890625,-1676.0063171386719,0,0.022232650143266725,0.1,0.0172,1,0,111
1043.25,0,1681.8351745605469,0,46.630859375,-1681.8351745605469,0,0.022073207526133204,0.1,0.0186,1,0,110
1043.375,0,1687.6754760742188,0,46.722412109375,-1687.6754760742188,0,0.021912135538503894,0.1,0.0208,1,0,109
1043.5,0,1693.5005187988281,0,46.600341796875,-1693.5005187988281,0,0.021752471998592329,0.1,0.0226,1,0,108
1043.625,0,1699.310302734375,0,46.478271484375,-1699.310302734375,0,0.021594199300672703,0.1,0.0236,1,0,107
1043.75,0,1705.1048278808594,0,46.356201171875,-1705.1048278808594,0,0.021437300167481327,0.1,0.022,1,0,107
1043.875,0,1710.8802795410156,0,46.20361328125,-1710.8802795410156,0,0.021282188204527416,0.1,0.0214,1,0,106
1044,0,1716.6290283203125,0,45.989990234375,-1716.6290283203125,0,0.021129702029069983,0.1,0.018,1,0,105
1044.125,0,1722.3892211914063,0,46.08154296875,-1722.3892211914063,0,0.020975502222921993,0.1,0.016,1,0,104
1044.25,0,1728.1150817871094,0,45.806884765625,-1728.1150817871094,0,0.020824780978495425,0.1,0.0164,1,0,104
1044.375,0,1733.8333129882813,0,45.745849609375,-1733.8333129882813,0,0.020674478984620839,0.1,0.0178,1,0,103
1044.5,0,1739.5401000976563,0,45.654296875,-1739.5401000976563,0,0.020525023315491053,0.1,0.0218,1,0,102
1044.625,0,1745.2278137207031,0,45.501708984375,-1745.2278137207031,0,0.020377265805769706,0.1,0.0244,1,0,101
1044.75,0,1750.9117126464844,0,45.47119140625,-1750.9117126464844,0,0.020229463370716752,0.1,0.0246,1,0,101
1044.875,0,1756.5803527832031,0,45.34912109375,-1756.5803527832031,0,0.020082910697560311,0.1,0.023,1,0,100
1045,0,1762.2604370117188,0,45.440673828125,-1762.2604370117188,0,0.019934579218031115,0.1,0.0218,1,0,99
1045.125,0,1767.913818359375,0,45.22705078125,-1767.913818359375,0,0.019788801219616223,0.1,0.0208,1,0,98
1045.25,0,1773.5824584960938,0,45.34912109375,-1773.5824584960938,0,0.01964080807267686,0.1,0.0172,1,0,98
1045.375,0,1779.2129516601563,0,45.0439453125,-1779.2129516601563,0,0.019496660279331918,0.1,0.0148,1,0,97
1045.5,0,1784.8625183105469,0,45.196533203125,-1784.8625183105469,0,0.01934984936959222,0.1,0.0136,1,0,96
1045.625,0,1790.4853820800781,0,44.98291015625,-1790.4853820800781,0,0.019205580914470777,0.1,0.0156,1,0,96
1045.75,0,1796.1044311523438,0,44.952392578125,-1796.1044311523438,0,0.019061239292239587,0.1,0.0176,1,0,95
1045.875,0,1801.7311096191406,0,45.013427734375,-1801.7311096191406,0,0.018915536354387294,0.1,0.0178,1,0,94
1046,0,1807.3272705078125,0,44.769287109375,-1807.3272705078125,0,0.018772798767226706,0.1,0.02,1,0,93
1046.125,0,1812.9234313964844,0,44.769287109375,-1812.9234313964844,0,0.01862954406613318,0.1,0.0202,1,0,93
1046.25,0,1818.5081481933594,0,44.677734375,-1818.5081481933594,0,0.018487073579981847,0.1,0.019,1,0,92
1046.375,0,1824.0699768066406,0,44.49462890625,-1824.0699768066406,0,0.018346670862629491,0.1,0.0164,1,0,91
1046.5,0,1829.6241760253906,0,44.43359375,-1829.6241760253906,0,0.018206588101462473,0.1,0.0146,1,0,91
1046.625,0,1835.1707458496094,0,44.37255859375,-1835.1707458496094,0,0.0180668236627244,0.1,0.012,1,0,90
1046.75,0,1840.7058715820313,0,44.281005859375,-1840.7058715820313,0,0.017927806503577975,0.1,0.0142,1,0,89
1046.875,0,1846.221923828125,0,44.12841796875,-1846.221923828125,0,0.017790390306527043,0.1,0.0174,1,0,88
1047,0,1851.7265319824219,0,44.036865234375,-1851.7265319824219,0,0.017653694921075228,0.1,0.02,1,0,88
1047.125,0,1857.2196960449219,0,43.9453125,-1857.2196960449219,0,0.017517713402649751,0.1,0.0206,1,0,87
1047.25,0,1862.6899719238281,0,43.76220703125,-1862.6899719238281,0,0.017383730617556339,0.1,0.0204,1,0,86
1047.375,0,1868.1678771972656,0,43.8232421875,-1868.1678771972656,0,0.017248277799388825,0.1,0.0204,1,0,86
1047.5,0,1873.626708984375,0,43.670654296875,-1873.626708984375,0,0.017114391961435188,0.1,0.0186,1,0,85
1047.625,0,1879.0740966796875,0,43.5791015625,-1879.0740966796875,0,0.01698119358718346,0.1,0.0166,1,0,84
1047.75,0,1884.4947814941406,0,43.365478515625,-1884.4947814941406,0,0.016850398595973037,0.1,0.0134,1,0,84
1047.875,0,1889.9154663085938,0,43.365478515625,-1889.9154663085938,0,0.016718963400231934,0.1,0.013,1,0,83
1048,0,1895.3399658203125,0,43.39599609375,-1895.3399658203125,0,0.016586469383524649,0.1,0.0118,1,0,82
1048.125,0,1900.7301330566406,0,43.121337890625,-1900.7301330566406,0,0.016457239736419493,0.1,0.0126,1,0,82
1048.25,0,1906.1241149902344,0,43.15185546875,-1906.1241149902344,0,0.016326927462514712,0.1,0.016,1,0,81
1048.375,0,1911.4837646484375,0,42.877197265625,-1911.4837646484375,0,0.016199856196513068,0.1,0.0164,1,0,80
1048.5,0,1916.8319702148438,0,42.78564453125,-1916.8319702148438,0,0.016073401619617109,0.1,0.0182,1,0,80
1048.625,0,1922.1839904785156,0,42.816162109375,-1922.1839904785156,0,0.015945836488064163,0.1,0.0172,1,0,79
1048.75,0,1927.4940490722656,0,42.48046875,-1927.4940490722656,0,0.015822346078472119,0.1,0.0166,1,0,79
1048.875,0,1932.80029296875,0,42.449951171875,-1932.80029296875,0,0.015698572611585457,0.1,0.0146,1,0,78
1049,0,1938.0989074707031,0,42.388916015625,-1938.0989074707031,0,0.015574954096473734,0.1,0.0118,1,0,77
1049.125,0,1943.3937072753906,0,42.3583984375,-1943.3937072753906,0,0.015451061417353515,0.1,0.0096,1,0,77
1049.25,0,1948.6656188964844,0,42.17529296875,-1948.6656188964844,0,0.01532905465913198,0.1,0.0084,1,0,76
1049.375,0,1953.9337158203125,0,42.144775390625,-1953.9337158203125,0,0.01520675884140979,0.1,0.0114,1,0,76
1049.5,0,1959.1827392578125,0,41.9921875,-1959.1827392578125,0,0.015085903766553666,0.1,0.0124,1,0,75
1049.625,0,1964.4317626953125,0,41.9921875,-1964.4317626953125,0,0.014964320591887459,0.1,0.0168,1,0,74
1049.75,0,1969.6617126464844,0,41.839599609375,-1969.6617126464844,0,0.014844175703431273,0.1,0.0176,1,0,74
1049.875,0,1974.8916625976563,0,41.839599609375,-1974.8916625976563,0,0.014723300304341588,0.1,0.0198,1,0,73
1050,0,1980.1101684570313,0,41.748046875,-1980.1101684570313,0,0.014602999704738467,0.1,0.0194,1,0,73
1050.125,0,1985.3248596191406,0,41.717529296875,-1985.3248596191406,0,0.014482408563252419,0.1,0.0178,1,0,72
1050.25,0,1990.5281066894531,0,41.6259765625,-1990.5281066894531,0,0.014362395589028604,0.1,0.0132,1,0,71
1050.375,0,1995.7313537597656,0,41.6259765625,-1995.7313537597656,0,0.014241664817427571,0.1,0.0122,1,0,71
1050.5,0,2000.91552734375,0,41.473388671875,-2000.91552734375,0,0.01412238244226173,0.1,0.0128,1,0,70
1050.625,0,2006.0997009277344,0,41.473388671875,-2006.0997009277344,0,0.014002379478065818,0.1,0.0112,1,0,70
1050.75,0,2011.2762451171875,0,41.412353515625,-2011.2762451171875,0,0.0138825304894179,0.1,0.0096,1,0,69
1050.875,0,2016.41845703125,0,41.1376953125,-2016.41845703125,0,0.01376585086225901,0.1,0.0112,1,0,68
1051,0,2021.5492248535156,0,41.046142578125,-2021.5492248535156,0,0.01364971761446597,0.1,0.0114,1,0,68
1051.125,0,2026.6647338867188,0,40.924072265625,-2026.6647338867188,0,0.013534557616207449,0.1,0.0144,1,0,67
1051.25,0,2031.7649841308594,0,40.802001953125,-2031.7649841308594,0,0.013420361381051377,0.1,0.0144,1,0,67
1051.375,0,2036.8385314941406,0,40.58837890625,-2036.8385314941406,0,0.0133084112808666,0.1,0.0134,1,0,66
1051.5,0,2041.8930053710938,0,40.435791015625,-2041.8930053710938,0,0.013197819463980964,0.1,0.0116,1,0,65
1051.625,0,2046.9436645507813,0,40.4052734375,-2046.9436645507813,0,0.013086849186567842,0.1,0.0132,1,0,65
1051.75,0,2051.9638061523438,0,40.1611328125,-2051.9638061523438,0,0.012978523600224709,0.1,0.0098,1,0,64
1051.875,0,2056.9686889648438,0,40.0390625,-2056.9686889648438,0,0.012871088464482677,0.1,0.0082,1,0,64
1052,0,2061.9621276855469,0,39.947509765625,-2061.9621276855469,0,0.012764105277212681,0.1,0.0104,1,0,63
1052.125,0,2066.9479370117188,0,39.886474609375,-2066.9479370117188,0,0.01265714154945953,0.1,0.0102,1,0,63
1052.25,0,2071.8841552734375,0,39.48974609375,-2071.8841552734375,0,0.012554937418523968,0.1,0.0114,1,0,62
1052.375,0,2076.8280029296875,0,39.55078125,-2076.8280029296875,0,0.012450973861078518,0.1,0.0146,1,0,62
1052.5,0,2081.7604064941406,0,39.459228515625,-2081.7604064941406,0,0.012347432168614447,0.1,0.0148,1,0,61
1052.625,0,2086.669921875,0,39.276123046875,-2086.669921875,0,0.012245602655186247,0.1,0.0154,1,0,61
1052.75,0,2091.583251953125,0,39.306640625,-2091.583251953125,0,0.012142452460939202,0.1,0.015,1,0,60
1052.875,0,2096.466064453125,0,39.0625,-2096.466064453125,0,0.012041879101402281,0.1,0.012,1,0,60
1053,0,2101.3641357421875,0,39.1845703125,-2101.3641357421875,0,0.011938685118560402,0.1,0.0108,1,0,59
1053.125,0,2106.2393188476562,0,39.00146484375,-2106.2393188476562,0,0.011837216337534609,0.1,0.009,1,0,59
1053.25,0,2111.1068725585938,0,38.9404296875,-2111.1068725585938,0,0.011735731336826843,0.1,0.008,1,0,58
1053.375,0,2115.9706115722656,0,38.909912109375,-2115.9706115722656,0,0.011633804194121508,0.1,0.0086,1,0,58
1053.5,0,2120.8305358886719,0,38.87939453125,-2120.8305358886719,0,0.01153144532601974,0.1,0.0086,1,0,57
1053.625,0,2125.6561279296875,0,38.604736328125,-2125.6561279296875,0,0.011432109438296367,0.1,0.0116,1,0,57
1053.75,0,2130.4855346679688,0,38.63525390625,-2130.4855346679688,0,0.011331454038038077,0.1,0.0104,1,0,56
1053.875,0,2135.2920532226562,0,38.4521484375,-2135.2920532226562,0,0.011232515498099963,0.1,0.0118,1,0,56
1054,0,2140.0794982910156,0,38.299560546875,-2140.0794982910156,0,0.01113484423392426,0.1,0.0126,1,0,55
1054.125,0,2144.8707580566406,0,38.330078125,-2144.8707580566406,0,0.011035844078692444,0.1,0.0122,1,0,55
1054.25,0,2149.6086120605469,0,37.90283203125,-2149.6086120605469,0,0.010941996063741577,0.1,0.0092,1,0,54
1054.375,0,2154.3807983398438,0,38.177490234375,-2154.3807983398438,0,0.010843331526488809,0.1,0.0082,1,0,54
1054.5,0,2159.1110229492188,0,37.841796875,-2159.1110229492188,0,0.01074853202552882,0.1,0.007,1,0,53
1054.625,0,2163.848876953125,0,37.90283203125,-2163.848876953125,0,0.010651952012299057,0.1,0.0044,1,0,53
1054.75,0,2168.5562133789062,0,37.65869140625,-2168.5562133789062,0,0.010557925973872825,0.1,0.006,1,0,52
1054.875,0,2173.2444763183594,0,37.506103515625,-2173.2444763183594,0,0.010465131922671955,0.1,0.0058,1,0,52
1055,0,2177.9251098632812,0,37.445068359375,-2177.9251098632812,0,0.010372266031556804,0.1,0.008,1,0,51
1055.125,0,2182.5790405273438,0,37.2314453125,-2182.5790405273438,0,0.010281486778526305,0.1,0.0112,1,0,51
1055.25,0,2187.2291564941406,0,37.200927734375,-2187.2291564941406,0,0.010190187045813398,0.1,0.0128,1,0,50
1055.375,0,2191.8601989746094,0,37.04833984375,-2191.8601989746094,0,0.010100100953285382,0.1,0.014,1,0,50
1055.5,0,2196.4569091796875,0,36.773681640625,-2196.4569091796875,0,0.010012938939167271,0.1,0.014,1,0,50
1055.625,0,2201.0650634765625,0,36.865234375,-2201.0650634765625,0,0.0099234992348369022,0.1,0.0144,1,0,49
1055.75,0,2205.6541442871094,0,36.712646484375,-2205.6541442871094,0,0.0098352623143513618,0.1,0.012,1,0,49
1055.875,0,2210.2012634277344,0,36.376953125,-2210.2012634277344,0,0.0097507999393553341,0.1,0.0094,1,0,48
1056,0,2214.78271484375,0,36.651611328125,-2214.78271484375,0,0.0096614543264594288,0.1,0.007,1,0,48
1056.125,0,2219.3260192871094,0,36.346435546875,-2219.3260192871094,0,0.0095754777185018819,0.1,0.0062,1,0,47
1056.25,0,2223.846435546875,0,36.163330078125,-2223.846435546875,0,0.00949110669734081,0.1,0.0044,1,0,47
1056.375,0,2228.3706665039062,0,36.19384765625,-2228.3706665039062,0,0.0094053103917642739,0.1,0.0054,1,0,47
1056.5,0,2232.8643798828125,0,35.94970703125,-2232.8643798828125,0,0.00932198826884277,0.1,0.0048,1,0,46
1056.625,0,2237.3542785644531,0,35.919189453125,-2237.3542785644531,0,0.0092380975878882388,0.1,0.0062,1,0,46
1056.75,0,2241.8251037597656,0,35.7666015625,-2241.8251037597656,0,0.0091553733657438047,0.1,0.0088,1,0,45
1056.875,0,2246.2844848632812,0,35.675048828125,-2246.2844848632812,0,0.0090729435582423,0.1,0.0084,1,0,45
1057,0,2250.7057189941406,0,35.369873046875,-2250.7057189941406,0,0.0089938230989767137,0.1,0.01,1,0,44
1057.125,0,2255.1155090332031,0,35.2783203125,-2255.1155090332031,0,0.0089149580014761254,0.1,0.0086,1,0,44
1057.25,0,2259.5062255859375,0,35.125732421875,-2259.5062255859375,0,0.0088372111257306041,0.1,0.0094,1,0,44
1057.375,0,2263.9045715332031,0,35.186767578125,-2263.9045715332031,0,0.0087575585253151372,0.1,0.0076,1,0,43
1057.5,0,2268.2685852050781,0,34.912109375,-2268.2685852050781,0,0.0086807675837724252,0.1,0.0072,1,0,43
1057.625,0,2272.6211547851562,0,34.820556640625,-2272.6211547851562,0,0.0086042210596464774,0.1,0.0042,1,0,43
1057.75,0,2276.9737243652344,0,34.820556640625,-2276.9737243652344,0,0.0085266292149164952,0.1,0.0028,1,0,42
1057.875,0,2281.3034057617188,0,34.637451171875,-2281.3034057617188,0,0.0084505949142848619,0.1,0.0034,1,0,42
1058,0,2285.6216430664062,0,34.5458984375,-2285.6216430664062,0,0.0083748104246059857,0.1,0.0034,1,0,41
1058.125,0,2289.9169921875,0,34.36279296875,-2289.9169921875,0,0.0083005692698676914,0.1,0.006,1,0,41
1058.25,0,2294.1932678222656,0,34.210205078125,-2294.1932678222656,0,0.0082274251028961465,0.1,0.0074,1,0,41
1058.375,0,2298.4657287597656,0,34.1796875,-2298.4657287597656,0,0.0081536460547358275,0.1,0.009,1,0,40
1058.5,0,2302.7305603027344,0,34.11865234375,-2302.7305603027344,0,0.00807967669827403,0.1,0.009,1,0,40
1058.625,0,2306.9839477539062,0,34.027099609375,-2306.9839477539062,0,0.0080059554799646049,0.1,0.0098,1,0,40
1058.75,0,2311.2258911132812,0,33.935546875,-2311.2258911132812,0,0.0079324842736873541,0.1,0.0098,1,0,39
1058.875,0,2315.4563903808594,0,33.843994140625,-2315.4563903808594,0,0.0078592649183620022,0.1,0.01,1,0,39
1059,0,2319.6830749511719,0,33.8134765625,-2319.6830749511719,0,0.0077854380977223636,0.1,0.0094,1,0,38
1059.125,0,2323.8983154296875,0,33.721923828125,-2323.8983154296875,0,0.0077118784336091956,0.1,0.008,1,0,38
1059.25,0,2328.1059265136719,0,33.660888671875,-2328.1059265136719,0,0.0076381568846462938,0.1,0.0044,1,0,38
1059.375,0,2332.3020935058594,0,33.5693359375,-2332.3020935058594,0,0.0075647113670040816,0.1,0.0034,1,0,37
1059.5,0,2336.4753723144531,0,33.38623046875,-2336.4753723144531,0,0.0074928349154891327,0.1,0.0016,1,0,37
1059.625,0,2340.6410217285156,0,33.3251953125,-2340.6410217285156,0,0.0074207890215556571,0.1,0.0024,1,0,37
1059.75,0,2344.7799682617188,0,33.111572265625,-2344.7799682617188,0,0.0073507339841279579,0.1,0.0032,1,0,36
1059.875,0,2348.9151000976562,0,33.0810546875,-2348.9151000976562,0,0.0072800644723921559,0.1,0.0036,1,0,36
1060,0,2353.0311584472656,0,32.928466796875,-2353.0311584472656,0,0.007210516359830263,0.1,0.0054,1,0,36
1060.125,0,2357.1243286132812,0,32.745361328125,-2357.1243286132812,0,0.0071425101242490324,0.1,0.0054,1,0,35
1060.25,0,2361.2098693847656,0,32.684326171875,-2361.2098693847656,0,0.0070743077643582453,0.1,0.0074,1,0,35
1060.375,0,2365.2687072753906,0,32.470703125,-2365.2687072753906,0,0.0070080700768741372,0.1,0.0066,1,0,35
1060.5,0,2369.3122863769531,0,32.3486328125,-2369.3122863769531,0,0.0069424839008041528,0.1,0.0074,1,0,34
1060.625,0,2373.3406066894531,0,32.2265625,-2373.3406066894531,0,0.0068775457522374933,0.1,0.0066,1,0,34
1060.75,0,2377.3345947265625,0,31.951904296875,-2377.3345947265625,0,0.0068154050144554612,0.1,0.0066,1,0,34
1060.875,0,2381.3209533691406,0,31.890869140625,-2381.3209533691406,0,0.0067530150842104453,0.1,0.0036,1,0,33
1061,0,2385.284423828125,0,31.707763671875,-2385.284423828125,0,0.0066921071878480315,0.1,0.002,1,0,33
1061.125,0,2389.2288208007812,0,31.55517578125,-2389.2288208007812,0,0.006632236121860105,0.1,0.0026,1,0,33
1061.25,0,2393.1617736816406,0,31.463623046875,-2393.1617736816406,0,0.006572532260498129,0.1,0.0022,1,0,32
1061.375,0,2397.0794677734375,0,31.341552734375,-2397.0794677734375,0,0.0065134295480205467,0.1,0.0036,1,0,32
1061.5,0,2400.9666442871094,0,31.097412109375,-2400.9666442871094,0,0.0064566476818628676,0.1,0.003,1,0,32
1061.625,0,2404.84619140625,0,31.036376953125,-2404.84619140625,0,0.0063995773425019609,0.1,0.0044,1,0,31
1061.75,0,2408.7028503417969,0,30.853271484375,-2408.7028503417969,0,0.006343950489126074,0.1,0.0056,1,0,31
1061.875,0,2412.5442504882812,0,30.731201171875,-2412.5442504882812,0,0.0062888920769588047,0.1,0.0078,1,0,31
1062,0,2416.3780212402344,0,30.670166015625,-2416.3780212402344,0,0.0062335390510142169,0.1,0.0086,1,0,31
1062.125,0,2420.1850891113281,0,30.45654296875,-2420.1850891113281,0,0.006180054045481484,0.1,0.0078,1,0,30
1062.25,0,2423.980712890625,0,30.364990234375,-2423.980712890625,0,0.0061266951421213717,0.1,0.0082,1,0,30
1062.375,0,2427.7572631835938,0,30.21240234375,-2427.7572631835938,0,0.0060743276124610446,0.1,0.0062,1,0,30
1062.5,0,2431.5376281738281,0,30.242919921875,-2431.5376281738281,0,0.0060203604370607372,0.1,0.006,1,0,30
1062.625,0,2435.2951049804688,0,30.059814453125,-2435.2951049804688,0,0.0059678352150925318,0.1,0.0032,1,0,29
1062.75,0,2439.0487670898438,0,30.029296875,-2439.0487670898438,0,0.0059145852490554152,0.1,0.002,1,0,29
1062.875,0,2442.7871704101562,0,29.9072265625,-2442.7871704101562,0,0.0058619179092450624,0.1,0.0014,1,0,29
1063,0,2446.5103149414062,0,29.78515625,-2446.5103149414062,0,0.0058098309969100009,0.1,0.0018,1,0,29
1063.125,0,2450.225830078125,0,29.72412109375,-2450.225830078125,0,0.0057574612334420489,0.1,0.0006,1,0,28
1063.25,0,2453.9337158203125,0,29.6630859375,-2453.9337158203125,0,0.0057048182313855778,0.1,0.0016,1,0,28
1063.375,0,2457.6301574707031,0,29.571533203125,-2457.6301574707031,0,0.005652341984387077,0.1,0.0016,1,0,28
1063.5,0,2461.3075256347656,0,29.4189453125,-2461.3075256347656,0,0.00560089700553118,0.1,0.0028,1,0,28
1063.625,0,2464.9696350097656,0,29.296875,-2464.9696350097656,0,0.0055500443332803934,0.1,0.0046,1,0,27
1063.75,0,2468.6088562011719,0,29.11376953125,-2468.6088562011719,0,0.00550064270915869,0.1,0.005,1,0,27
1063.875,0,2472.2328186035156,0,28.99169921875,-2472.2328186035156,0,0.0054518169473060374,0.1,0.006,1,0,27
1064,0,2475.8453369140625,0,28.900146484375,-2475.8453369140625,0,0.0054031344147241894,0.1,0.0062,1,0,27
1064.125,0,2479.4464111328125,0,28.80859375,-2479.4464111328125,0,0.0053545989425300422,0.1,0.0052,1,0,26
1064.25,0,2483.0436706542969,0,28.778076171875,-2483.0436706542969,0,0.0053053531694871453,0.1,0.0046,1,0,26
1064.375,0,2486.6142272949219,0,28.564453125,-2486.6142272949219,0,0.0052579958777474595,0.1,0.0026,1,0,26
1064.5,0,2490.1771545410156,0,28.50341796875,-2490.1771545410156,0,0.0052103542069032865,0.1,0.0022,1,0,26
1064.625,0,2493.7210083007812,0,28.350830078125,-2493.7210083007812,0,0.0051637294793223931,0.1,0.0034,1,0,25
1064.75,0,2497.2381591796875,0,28.13720703125,-2497.2381591796875,0,0.0051189746820365922,0.1,0.0014,1,0,25
1064.875,0,2500.7667541503906,0,28.228759765625,-2500.7667541503906,0,0.0050717644985413673,0.1,0.0004,1,0,25
1065,0,2504.2800903320312,0,28.106689453125,-2504.2800903320312,0,0.0050251521576479552,0.1,0,1,0,25
1065.125,0,2507.7590942382812,0,27.83203125,-2507.7590942382812,0,0.00498128797891452,0.1,0.0016,1,0,24
1065.25,0,2511.2228393554688,0,27.7099609375,-2511.2228393554688,0,0.0049379873987804163,0.1,0.0038,1,0,24
1065.375,0,2514.6675109863281,0,27.557373046875,-2514.6675109863281,0,0.0048956791339228589,0.1,0.0036,1,0,24
1065.5,0,2518.1236267089844,0,27.64892578125,-2518.1236267089844,0,0.0048509110264575578,0.1,0.0054,1,0,24
1065.625,0,2521.54541015625,0,27.374267578125,-2521.54541015625,0,0.0048088891905314346,0.1,0.0058,1,0,24
1065.75,0,2524.9481201171875,0,27.2216796875,-2524.9481201171875,0,0.0047678596582950289,0.1,0.0056,1,0,23
1065.875,0,2528.3393859863281,0,27.130126953125,-2528.3393859863281,0,0.0047269536347138846,0.1,0.007,1,0,23
1066,0,2531.7268371582031,0,27.099609375,-2531.7268371582031,0,0.0046853141979454754,0.1,0.004,1,0,23
1066.125,0,2535.0837707519531,0,26.85546875,-2535.0837707519531,0,0.0046459711217770594,0.1,0.0034,1,0,23
1066.25,0,2538.4178161621094,0,26.67236328125,-2538.4178161621094,0,0.0046080377852600052,0.1,0.0042,1,0,23
1066.375,0,2541.7556762695312,0,26.702880859375,-2541.7556762695312,0,0.0045684869710129888,0.1,0.0028,1,0,22
1066.5,0,2545.0859069824219,0,26.641845703125,-2545.0859069824219,0,0.0045286383691359039,0.1,0.0026,1,0,22
1066.625,0,2548.3779907226562,0,26.336669921875,-2548.3779907226562,0,0.004491946354347881,0.1,0.0012,1,0,22
1066.75,0,2551.6738891601562,0,26.3671875,-2551.6738891601562,0,0.0044536375484172941,0.1,0.0002,1,0,22
1066.875,0,2554.962158203125,0,26.30615234375,-2554.962158203125,0,0.0044150316286347413,0.1,0.0008,1,0,22
1067,0,2558.2122802734375,0,26.0009765625,-2558.2122802734375,0,0.004379582957148756,0.1,0.0004,1,0,21
1067.125,0,2561.4509582519531,0,25.909423828125,-2561.4509582519531,0,0.0043442403851478018,0.1,0.0014,1,0,21
1067.25,0,2564.6858215332031,0,25.87890625,-2564.6858215332031,0,0.0043081473155841127,0.1,0.003,1,0,21
1067.375,0,2567.8939819335938,0,25.665283203125,-2567.8939819335938,0,0.00427390328054153,0.1,0.003,1,0,21
1067.5,0,2571.0868835449219,0,25.543212890625,-2571.0868835449219,0,0.0042401972764307266,0.1,0.0026,1,0,21
1067.625,0,2574.2683410644531,0,25.45166015625,-2574.2683410644531,0,0.0042065973760554293,0.1,0.0062,1,0,21
1067.75,0,2577.4078369140625,0,25.115966796875,-2577.4078369140625,0,0.0041765525866779979,0.1,0.0044,1,0,20
1067.875,0,2580.5549621582031,0,25.177001953125,-2580.5549621582031,0,0.0041444231418704819,0.1,0.0016,1,0,20
1068,0,2583.6715698242188,0,24.932861328125,-2583.6715698242188,0,0.0041145492029660835,0.1,0.0042,1,0,20
1068.125,0,2586.7843627929688,0,24.90234375,-2586.7843627929688,0,0.0040838921090290137,0.1,0.0016,1,0,20
1068.25,0,2589.8780822753906,0,24.749755859375,-2589.8780822753906,0,0.0040541908805406118,0.1,0.0024,1,0,20
1068.375,0,2592.9298400878906,0,24.4140625,-2592.9298400878906,0,0.0040280218857892264,0.1,0.0026,1,0,20
1068.5,0,2595.9930419921875,0,24.505615234375,-2595.9930419921875,0,0.0039993152247186636,0.1,0.0018,1,0,19
1068.625,0,2599.0371704101562,0,24.35302734375,-2599.0371704101562,0,0.0039715562216414563,0.1,0.0012,1,0,19
1068.75,0,2602.0660400390625,0,24.23095703125,-2602.0660400390625,0,0.003944307474896408,0.1,0.001,1,0,19
1068.875,0,2605.0834655761719,0,24.139404296875,-2605.0834655761719,0,0.0039171375754652182,0.1,-0.0002,1,0,19
1069,0,2608.0856323242188,0,24.017333984375,-2608.0856323242188,0,0.0038904821160483938,0.1,0,1,0,19
1069.125,0,2611.0572814941406,0,23.773193359375,-2611.0572814941406,0,0.0038660624117692055,0.1,0.0014,1,0,19
1069.25,0,2614.0556335449219,0,23.98681640625,-2614.0556335449219,0,0.0038373956866615128,0.1,0.002,1,0,19
1069.375,0,2617.0120239257812,0,23.651123046875,-2617.0120239257812,0,0.0038122960890333291,0.1,0.0028,1,0,19
1069.5,0,2619.9569702148438,0,23.5595703125,-2619.9569702148438,0,0.0037872764304653223,0.1,-0.0002,1,0,18
1069.625,0,2622.9057312011719,0,23.590087890625,-2622.9057312011719,0,0.00376061948109524,0.1,0.0034,1,0,18
1069.75,0,2625.8392333984375,0,23.468017578125,-2625.8392333984375,0,0.0037345064215442286,0.1,0.0016,1,0,18
1069.875,0,2628.7574768066406,0,23.345947265625,-2628.7574768066406,0,0.0037089357757482816,0.1,0.0018,1,0,18
1070,0,2631.6642761230469,0,23.25439453125,-2631.6642761230469,0,0.0036834755347427,0.1,0.003,1,0,18
1070.125,0,2634.5748901367188,0,23.284912109375,-2634.5748901367188,0,0.0036564079002801286,0.1,0.0026,1,0,18
1070.25,0,2637.4664306640625,0,23.13232421875,-2637.4664306640625,0,0.0036303440556394034,0.1,0.0024,1,0,18
1070.375,0,2640.350341796875,0,23.0712890625,-2640.350341796875,0,0.0036039844310555708,0.1,0.0022,1,0,18
1070.5,0,2643.2151794433594,0,22.918701171875,-2643.2151794433594,0,0.0035786305615965464,0.1,0.0022,1,0,17
1070.625,0,2646.0838317871094,0,22.94921875,-2646.0838317871094,0,0.0035516911595149664,0.1,0.0018,1,0,17
1070.75,0,2648.9448547363281,0,22.88818359375,-2648.9448547363281,0,0.0035244853189252967,0.1,0.0034,1,0,17
1070.875,0,2651.7753601074219,0,22.64404296875,-2651.7753601074219,0,0.0034996057088025889,0.1,0.0026,1,0,17
1071,0,2654.6249389648438,0,22.796630859375,-2654.6249389648438,0,0.0034714289861015324,0.1,0.0032,1,0,17
1071.125,0,2657.4363708496094,0,22.491455078125,-2657.4363708496094,0,0.0034464642313292437,0.1,0.0022,1,0,17
1071.25,0,2660.2745056152344,0,22.705078125,-2660.2745056152344,0,0.0034173536704055207,0.1,0.0018,1,0,17
1071.375,0,2663.0706787109375,0,22.369384765625,-2663.0706787109375,0,0.0033919095633224428,0.1,-0.0006,1,0,16
1071.5,0,2665.8744812011719,0,22.430419921875,-2665.8744812011719,0,0.0033644900663795246,0.1,-0.0014,1,0,16
1071.625,0,2668.670654296875,0,22.369384765625,-2668.670654296875,0,0.0033368499397586349,0.1,-0.0006,1,0,16
1071.75,0,2671.4401245117188,0,22.15576171875,-2671.4401245117188,0,0.0033111504373614931,0.1,0.0002,1,0,16
1071.875,0,2674.2057800292969,0,22.125244140625,-2674.2057800292969,0,0.0032847871655348609,0.1,0.0006,1,0,16
1072,0,2676.9638061523438,0,22.064208984375,-2676.9638061523438,0,0.0032582052361205677,0.1,-0.0016,1,0,16
1072.125,0,2679.7027587890625,0,21.91162109375,-2679.7027587890625,0,0.0032327047453501179,0.1,-0.0006,1,0,16
1072.25,0,2682.4188232421875,0,21.728515625,-2682.4188232421875,0,0.0032087069165555177,0.1,0,1,0,16
1072.375,0,2685.1387023925781,0,21.759033203125,-2685.1387023925781,0,0.0031831827987462424,0.1,0.0002,1,0,15
1072.5,0,2687.8280639648438,0,21.514892578125,-2687.8280639648438,0,0.0031600337433894121,0.1,0.0008,1,0,15
1072.625,0,2690.4869079589844,0,21.270751953125,-2690.4869079589844,0,0.00313923278210973,0.1,0.0038,1,0,15
1072.75,0,2693.1533813476562,0,21.331787109375,-2693.1533813476562,0,0.003116447845279452,0.1,0.0022,1,0,15
1072.875,0,2695.8084106445312,0,21.240234375,-2695.8084106445312,0,0.0030938644136985632,0.1,0.0026,1,0,15
1073,0,2698.4062194824219,0,20.782470703125,-2698.4062194824219,0,0.0030766519565226247,0.1,0.0034,1,0,15
1073.125,0,2701.019287109375,0,20.904541015625,-2701.019287109375,0,0.0030565621379961966,0.1,0.0012,1,0,15
1073.25,0,2703.6170959472656,0,20.782470703125,-2703.6170959472656,0,0.0030370844522068924,0.1,0,1,0,15
1073.375,0,2706.1653137207031,0,20.3857421875,-2706.1653137207031,0,0.0030220911938639988,0.1,0.0002,1,0,15
1073.5,0,2708.7173461914062,0,20.416259765625,-2708.7173461914062,0,0.0030054990337882448,0.1,-0.0004,1,0,15
1073.625,0,2711.2693786621094,0,20.416259765625,-2711.2693786621094,0,0.0029877661946377532,0.1,0,1,0,14
1073.75,0,2713.7680053710938,0,19.989013671875,-2713.7680053710938,0,0.0029749418036856823,0.1,-0.0002,1,0,14
1073.875,0,2716.2590026855469,0,19.927978515625,-2716.2590026855469,0,0.0029617979096292074,0.1,-0.0002,1,0,14
1074,0,2718.7690734863281,0,20.08056640625,-2718.7690734863281,0,0.002945330885739228,0.1,-0.0002,1,0,14
1074.125,0,2721.2142944335938,0,19.561767578125,-2721.2142944335938,0,0.0029350642209871741,0.1,0.001,1,0,14
1074.25,0,2723.6709594726562,0,19.6533203125,-2723.6709594726562,0,0.0029223078812465747,0.1,0.0016,1,0,14
1074.375,0,2726.1085510253906,0,19.500732421875,-2726.1085510253906,0,0.0029105462954776423,0.1,0.0016,1,0,14
1074.5,0,2728.5346984863281,0,19.4091796875,-2728.5346984863281,0,0.0028989106229320022,0.1,0.0008,1,0,14
1074.625,0,2730.9494018554688,0,19.317626953125,-2730.9494018554688,0,0.0028874050177841309,0.1,0.0006,1,0,14
1074.75,0,2733.3183288574219,0,18.951416015625,-2733.3183288574219,0,0.0028799086006562197,0.1,0.0002,1,0,14
1074.875,0,2735.6948852539062,0,19.012451171875,-2735.6948852539062,0,0.0028703447409338112,0.1,-0.0008,1,0,14
1075,0,2738.0638122558594,0,18.951416015625,-2738.0638122558594,0,0.0028604699161846603,0.1,-0.0004,1,0,14
1075.125,0,2740.4098510742188,0,18.768310546875,-2740.4098510742188,0,0.0028520165052167562,0.1,0.001,1,0,14
1075.25,0,2742.7482604980469,0,18.707275390625,-2742.7482604980469,0,0.0028432487541667772,0.1,0,1,0,14
1075.375,0,2745.0523376464844,0,18.4326171875,-2745.0523376464844,0,0.0028371907861264728,0.1,0.001,1,0,14
1075.5,0,2747.3640441894531,0,18.49365234375,-2747.3640441894531,0,0.0028290753909238214,0.1,0.0008,1,0,14
1075.625,0,2749.664306640625,0,18.402099609375,-2749.664306640625,0,0.0028210894197120973,0.1,0.0008,1,0,14
1075.75,0,2751.9454956054688,0,18.24951171875,-2751.9454956054688,0,0.0028140980820448719,0.1,0.0016,1,0,14
1075.875,0,2754.2266845703125,0,18.24951171875,-2754.2266845703125,0,0.0028059408581036921,0.1,0.0014,1,0,14
1076,0,2756.4811706542969,0,18.035888671875,-2756.4811706542969,0,0.0027996534223686947,0.1,0.0006,1,0,13
1076.125,0,2758.7318420410156,0,18.00537109375,-2758.7318420410156,0,0.0027926327027417291,0.1,0.0014,1,0,13
1076.25,0,2760.9672546386719,0,17.88330078125,-2760.9672546386719,0,0.0027861862288421357,0.1,0.0026,1,0,13
1076.375,0,2763.2102966308594,0,17.9443359375,-2763.2102966308594,0,0.0027777285956362419,0.1,0.002,1,0,13
1076.5,0,2765.4380798339844,0,17.822265625,-2765.4380798339844,0,0.0027698763515178054,0.1,0.0002,1,0,13
1076.625,0,2767.6467895507812,0,17.669677734375,-2767.6467895507812,0,0.0027630574334981534,0.1,-0.0006,1,0,13
1076.75,0,2769.8554992675781,0,17.669677734375,-2769.8554992675781,0,0.0027551105998895042,0.1,-0.0008,1,0,13
1076.875,0,2772.0489501953125,0,17.547607421875,-2772.0489501953125,0,0.0027477791354535569,0.1,0.0002,1,0,13
1077,0,2774.2462158203125,0,17.578125,-2774.2462158203125,0,0.0027389074283739878,0.1,-0.0014,1,0,13
1077.125,0,2776.4244079589844,0,17.425537109375,-2776.4244079589844,0,0.0027311054091277015,0.1,-0.0008,1,0,13
1077.25,0,2778.6026000976562,0,17.425537109375,-2778.6026000976562,0,0.002722211157642776,0.1,-0.002,1,0,13
1077.375,0,2780.7807922363281,0,17.425537109375,-2780.7807922363281,0,0.0027122450511971458,0.1,-0.0016,1,0,13
1077.5,0,2782.9360961914062,0,17.242431640625,-2782.9360961914062,0,0.0027038104495325788,0.1,0.0008,1,0,13
1077.625,0,2785.0990295410156,0,17.303466796875,-2785.0990295410156,0,0.00269344730311262,0.1,0.0002,1,0,13
1077.75,0,2787.2390747070312,0,17.120361328125,-2787.2390747070312,0,0.0026846317399070729,0.1,-0.0016,1,0,13
1077.875,0,2789.3867492675781,0,17.181396484375,-2789.3867492675781,0,0.0026739034104114462,0.1,0.0014,1,0,13
1078,0,2791.50390625,0,16.937255859375,-2791.50390625,0,0.0026655992691018149,0.1,0.0022,1,0,13
1078.125,0,2793.6363220214844,0,17.059326171875,-2793.6363220214844,0,0.0026545247058195331,0.1,0.0002,1,0,13
1078.25,0,2795.7191467285156,0,16.66259765625,-2795.7191467285156,0,0.0026480422634832246,0.1,0.0018,1,0,13
1078.375,0,2797.8248596191406,0,16.845703125,-2797.8248596191406,0,0.0026379138015306808,0.1,0.0002,1,0,13
1078.5,0,2799.9114990234375,0,16.693115234375,-2799.9114990234375,0,0.0026289305003524277,0.1,0.0012,1,0,13
1078.625,0,2801.9790649414062,0,16.54052734375,-2801.9790649414062,0,0.0026210818340070413,0.1,0.001,1,0,13
1078.75,0,2804.0428161621094,0,16.510009765625,-2804.0428161621094,0,0.0026126352311747758,0.1,0.001,1,0,13
1078.875,0,2806.0951232910156,0,16.41845703125,-2806.0951232910156,0,0.0026044651359215104,0.1,0.0014,1,0,13
1079,0,2808.1398010253906,0,16.357421875,-2808.1398010253906,0,0.0025961423324126209,0.1,0.0004,1,0,12
1079.125,0,2810.1730346679688,0,16.265869140625,-2810.1730346679688,0,0.0025881045656151735,0.1,0.0026,1,0,12
1079.25,0,2812.1833801269531,0,16.082763671875,-2812.1833801269531,0,0.0025816447023260664,0.1,0.0026,1,0,12
1079.375,0,2814.1746520996094,0,15.93017578125,-2814.1746520996094,0,0.0025763157504414824,0.1,0.003,1,0,12
1079.5,0,2816.1811828613281,0,16.05224609375,-2816.1811828613281,0,0.0025682324059134731,0.1,0.0012,1,0,12
1079.625,0,2818.1610107421875,0,15.838623046875,-2818.1610107421875,0,0.0025621735499755244,0.1,0.0022,1,0,12
1079.75,0,2820.1370239257812,0,15.80810546875,-2820.1370239257812,0,0.0025555332243553108,0.1,0.0014,1,0,12
1079.875,0,2822.0787048339844,0,15.533447265625,-2822.0787048339844,0,0.0025517689285382283,0.1,0.0008,1,0,12
1080,0,2824.0394592285156,0,15.68603515625,-2824.0394592285156,0,0.0025448186694451563,0.1,0.0012,1,0,12
1080.125,0,2825.9773254394531,0,15.5029296875,-2825.9773254394531,0,0.0025394672121656359,0.1,0.0014,1,0,12
1080.25,0,2827.9151916503906,0,15.5029296875,-2827.9151916503906,0,0.0025331143725110944,0.1,-0.0008,1,0,12
1080.375,0,2829.8187255859375,0,15.228271484375,-2829.8187255859375,0,0.0025296538767651255,0.1,-0.0012,1,0,12
1080.5,0,2831.72607421875,0,15.2587890625,-2831.72607421875,0,0.0025247456692394504,0.1,0.0004,1,0,12
1080.625,0,2833.6257934570312,0,15.19775390625,-2833.6257934570312,0,0.0025197062727881914,0.1,0.0002,1,0,12
1080.75,0,2835.5178833007812,0,15.13671875,-2835.5178833007812,0,0.0025145424704631353,0.1,-0.0008,1,0,12
1080.875,0,2837.3908996582031,0,14.984130859375,-2837.3908996582031,0,0.002510552600084523,0.1,-0.0014,1,0,12
1081,0,2839.263916015625,0,14.984130859375,-2839.263916015625,0,0.0025055727967456254,0.1,-0.0006,1,0,12
1081.125,0,2841.1178588867188,0,14.83154296875,-2841.1178588867188,0,0.0025017743313680563,0.1,-0.0002,1,0,12
1081.25,0,2842.9641723632812,0,14.7705078125,-2842.9641723632812,0,0.0024978543217522853,0.1,0.0016,1,0,12
1081.375,0,2844.7990417480469,0,14.678955078125,-2844.7990417480469,0,0.002494249931452544,0.1,0.0012,1,0,12
1081.5,0,2846.6110229492188,0,14.495849609375,-2846.6110229492188,0,0.0024922534567000942,0.1,0.0048,1,0,12
1081.625,0,2848.4344482421875,0,14.58740234375,-2848.4344482421875,0,0.0024879728619587593,0.1,0.0024,1,0,12
1081.75,0,2850.2311706542969,0,14.373779296875,-2850.2311706542969,0,0.0024857498621209534,0.1,0.0002,1,0,12
1081.875,0,2852.0317077636719,0,14.404296875,-2852.0317077636719,0,0.0024821167603869959,0.1,0.0012,1,0,12
1082,0,2853.8017272949219,0,14.16015625,-2853.8017272949219,0,0.0024809727405740167,0.1,0.0008,1,0,12
1082.125,0,2855.5755615234375,0,14.190673828125,-2855.5755615234375,0,0.0024784136631474524,0.1,0.0002,1,0,12
1082.25,0,2857.3226928710938,0,13.97705078125,-2857.3226928710938,0,0.0024779082439420202,0.1,0.0012,1,0,12
1082.375,0,2859.06982421875,0,13.97705078125,-2859.06982421875,0,0.0024764194200419115,0.1,-0.0008,1,0,12
1082.5,0,2860.7902526855469,0,13.763427734375,-2860.7902526855469,0,0.0024769794614516311,0.1,0.0014,1,0,12
1082.625,0,2862.4992370605469,0,13.671875,-2862.4992370605469,0,0.0024778430759913733,0.1,0.0012,1,0,12
1082.75,0,2864.2158508300781,0,13.73291015625,-2864.2158508300781,0,0.0024768583011212236,0.1,-0.0006,1,0,12
1082.875,0,2865.90576171875,0,13.519287109375,-2865.90576171875,0,0.0024779303298283206,0.1,0.0028,1,0,12
1083,0,2867.6033020019531,0,13.580322265625,-2867.6033020019531,0,0.0024771609196374694,0.1,0.0024,1,0,12
1083.125,0,2869.2665100097656,0,13.3056640625,-2869.2665100097656,0,0.0024793162547412234,0.1,0.0024,1,0,12
1083.25,0,2870.9335327148438,0,13.336181640625,-2870.9335327148438,0,0.0024800556749532687,0.1,0.0008,1,0,12
1083.375,0,2872.5662231445312,0,13.0615234375,-2872.5662231445312,0,0.0024837090329801054,0.1,0.002,1,0,12
1083.5,0,2874.20654296875,0,13.12255859375,-2874.20654296875,0,0.0024855053098268437,0.1,0.0018,1,0,12
1083.625,0,2875.8392333984375,0,13.0615234375,-2875.8392333984375,0,0.0024871970584444125,0.1,0.0022,1,0,12
1083.75,0,2877.4566650390625,0,12.939453125,-2877.4566650390625,0,0.0024896516853660094,0.1,0.0018,1,0,12
1083.875,0,2879.0740966796875,0,12.939453125,-2879.0740966796875,0,0.002491141387203924,0.1,0.0004,1,0,12
1084,0,2880.6571960449219,0,12.664794921875,-2880.6571960449219,0,0.0024955592100747853,0.1,0.002,1,0,12
1084.125,0,2882.2441101074219,0,12.6953125,-2882.2441101074219,0,0.0024985644308127969,0.1,-0.0006,1,0,12
1084.25,0,2883.8233947753906,0,12.63427734375,-2883.8233947753906,0,0.002501472917247477,0.1,0.0004,1,0,12
1084.375,0,2885.3912353515625,0,12.542724609375,-2885.3912353515625,0,0.0025047213700653964,0.1,0.0004,1,0,12
1084.5,0,2886.9552612304688,0,12.51220703125,-2886.9552612304688,0,0.002507448829071085,0.1,-0.0004,1,0,12
1084.625,0,2888.4963989257812,0,12.3291015625,-2888.4963989257812,0,0.002511819984162722,0.1,-0.0002,1,0,12
1084.75,0,2890.0260925292969,0,12.237548828125,-2890.0260925292969,0,0.0025165254948964488,0.1,0.001,1,0,12
1084.875,0,2891.5481567382812,0,12.176513671875,-2891.5481567382812,0,0.002521135066192795,0.1,-0.0006,1,0,12
1085,0,2893.0740356445312,0,12.20703125,-2893.0740356445312,0,0.0025243631421532214,0.1,0.0026,1,0,12
1085.125,0,2894.5846557617188,0,12.0849609375,-2894.5846557617188,0,0.0025283861311396205,0.1,0.001,1,0,12
1085.25,0,2896.0762023925781,0,11.932373046875,-2896.0762023925781,0,0.0025336284343017296,0.1,0.0014,1,0,12
1085.375,0,2897.552490234375,0,11.810302734375,-2897.552490234375,0,0.002539647581812951,0.1,0.0024,1,0,12
1085.5,0,2899.0325927734375,0,11.8408203125,-2899.0325927734375,0,0.0025442849492885861,0.1,0.0034,1,0,12
1085.625,0,2900.4859924316406,0,11.627197265625,-2900.4859924316406,0,0.0025510086317187403,0.1,0.0016,1,0,12
1085.75,0,2901.947021484375,0,11.688232421875,-2901.947021484375,0,0.002555919836048054,0.1,0.0008,1,0,12
1085.875,0,2903.3889770507812,0,11.53564453125,-2903.3889770507812,0,0.0025620619644048243,0.1,0,1,0,12
1086,0,2904.8194885253906,0,11.444091796875,-2904.8194885253906,0,0.0025685617699239688,0.1,0.0024,1,0,12
1086.125,0,2906.2309265136719,0,11.29150390625,-2906.2309265136719,0,0.0025762802037438554,0.1,0.0018,1,0,12
1086.25,0,2907.6271057128906,0,11.16943359375,-2907.6271057128906,0,0.0025847748088339006,0.1,0.0008,1,0,12
1086.375,0,2909.0156555175781,0,11.1083984375,-2909.0156555175781,0,0.0025931786546834062,0.1,0.0006,1,0,12
1086.5,0,2910.4118347167969,0,11.16943359375,-2910.4118347167969,0,0.0025997755283104218,0.1,0.0002,1,0,12
1086.625,0,2911.7698669433594,0,10.8642578125,-2911.7698669433594,0,0.0026097615313171035,0.1,0.001,1,0,13
1086.75,0,2913.1278991699219,0,10.8642578125,-2913.1278991699219,0,0.0026187895074755996,0.1,0.0018,1,0,13
1086.875,0,2914.4744873046875,0,10.772705078125,-2914.4744873046875,0,0.0026281690115719514,0.1,0.0022,1,0,13
1087,0,2915.7981872558594,0,10.589599609375,-2915.7981872558594,0,0.0026391916699066709,0.1,0.0024,1,0,13
1087.125,0,2917.1104431152344,0,10.498046875,-2917.1104431152344,0,0.0026505481521448271,0.1,0.0024,1,0,13
1087.25,0,2918.4341430664062,0,10.589599609375,-2918.4341430664062,0,0.00265965537093292,0.1,0.0012,1,0,13
1087.375,0,2919.7273254394531,0,10.345458984375,-2919.7273254394531,0,0.0026712849512996323,0.1,0.0032,1,0,13
1087.5,0,2921.0090637207031,0,10.25390625,-2921.0090637207031,0,0.0026832543745826526,0.1,0.0008,1,0,13
1087.625,0,2922.2984313964844,0,10.31494140625,-2922.2984313964844,0,0.0026934110015731788,0.1,0.0022,1,0,13
1087.75,0,2923.5572814941406,0,10.07080078125,-2923.5572814941406,0,0.0027060899216527629,0.1,0.002,1,0,13
1087.875,0,2924.8046875,0,9.979248046875,-2924.8046875,0,0.0027191086174367524,0.1,0.0006,1,0,13
1088,0,2926.055908203125,0,10.009765625,-2926.055908203125,0,0.0027307450114093246,0.1,0.0008,1,0,13
1088.125,0,2927.2918701171875,0,9.8876953125,-2927.2918701171875,0,0.0027431755269785169,0.1,0.0006,1,0,13
1088.25,0,2928.5202026367188,0,9.82666015625,-2928.5202026367188,0,0.0027555328987425576,0.1,0.0008,1,0,13
1088.375,0,2929.74853515625,0,9.82666015625,-2929.74853515625,0,0.0027669617059541129,0.1,0.0008,1,0,13
1088.5,0,2930.9463500976562,0,9.58251953125,-2930.9463500976562,0,0.0027809237559291433,0.1,0.0022,1,0,13
1088.625,0,2932.1479797363281,0,9.613037109375,-2932.1479797363281,0,0.0027935140852443224,0.1,0.0024,1,0,13
1088.75,0,2933.3534240722656,0,9.6435546875,-2933.3534240722656,0,0.0028047561177053509,0.1,0.0022,1,0,14
1088.875,0,2934.5474243164062,0,9.552001953125,-2934.5474243164062,0,0.0028163950818663602,0.1,0.0036,1,0,14
1089,0,2935.7376098632812,0,9.521484375,-2935.7376098632812,0,0.002827568954755999,0.1,0.003,1,0,14
1089.125,0,2936.9049072265625,0,9.33837890625,-2936.9049072265625,0,0.0028404413833243436,0.1,0.0018,1,0,14
1089.25,0,2938.0836486816406,0,9.429931640625,-2938.0836486816406,0,0.0028511186410035139,0.1,0.0008,1,0,14
1089.375,0,2939.2433166503906,0,9.27734375,-2939.2433166503906,0,0.002863079662325449,0.1,0.0006,1,0,14
1089.5,0,2940.4029846191406,0,9.27734375,-2940.4029846191406,0,0.0028741585333036251,0.1,0.001,1,0,14
1089.625,0,2941.5702819824219,0,9.33837890625,-2941.5702819824219,0,0.0028835105909361808,0.1,0.0018,1,0,14
1089.75,0,2942.7223205566406,0,9.21630859375,-2942.7223205566406,0,0.0028937470787044062,0.1,0.0012,1,0,14
1089.875,0,2943.8705444335938,0,9.185791015625,-2943.8705444335938,0,0.0029035684859223393,0.1,0.0004,1,0,14
1090,0,2945.0187683105469,0,9.185791015625,-2945.0187683105469,0,0.0029125541638793523,0.1,0.0012,1,0,14
1090.125,0,2946.1593627929688,0,9.124755859375,-2946.1593627929688,0,0.0029215808252722464,0.1,-0.0002,1,0,14
1090.25,0,2947.2923278808594,0,9.063720703125,-2947.2923278808594,0,0.0029306520410117692,0.1,0.0014,1,0,14
1090.375,0,2948.4176635742188,0,9.002685546875,-2948.4176635742188,0,0.0029397713153877791,0.1,0.0022,1,0,14
1090.5,0,2949.5506286621094,0,9.063720703125,-2949.5506286621094,0,0.0029472198455565424,0.1,0.0026,1,0,14
1090.625,0,2950.6797790527344,0,9.033203125,-2950.6797790527344,0,0.0029543161476262569,0.1,0.0042,1,0,14
1090.75,0,2951.7936706542969,0,8.9111328125,-2951.7936706542969,0,0.0029623606420323551,0.1,0.002,1,0,14
1090.875,0,2952.9151916503906,0,8.97216796875,-2952.9151916503906,0,0.0029687609471900217,0.1,0.003,1,0,14
1091,0,2954.0252685546875,0,8.880615234375,-2954.0252685546875,0,0.0029756962046615792,0.1,0.001,1,0,14
1091.125,0,2955.1353454589844,0,8.880615234375,-2955.1353454589844,0,0.00298187125604929,0.1,0.0012,1,0,14
1091.25,0,2956.2301635742188,0,8.758544921875,-2956.2301635742188,0,0.0029890225259262965,0.1,0.0018,1,0,14
1091.375,0,2957.3440551757812,0,8.9111328125,-2957.3440551757812,0,0.0029932654285200616,0.1,0.002,1,0,14
1091.5,0,2958.4312438964844,0,8.697509765625,-2958.4312438964844,0,0.0029998101103773656,0.1,0.0018,1,0,14
1091.625,0,2959.5375061035156,0,8.85009765625,-2959.5375061035156,0,0.0030034620773068815,0.1,0.0004,1,0,15
1091.75,0,2960.6246948242188,0,8.697509765625,-2960.6246948242188,0,0.0030085700629587098,0.1,0.0006,1,0,15
1091.875,0,2961.700439453125,0,8.60595703125,-2961.700439453125,0,0.0030142566209788724,0.1,0.0012,1,0,15
1092,0,2962.7723693847656,0,8.575439453125,-2962.7723693847656,0,0.0030196563396089754,0.1,0.0018,1,0,15
1092.125,0,2963.8557434082031,0,8.6669921875,-2963.8557434082031,0,0.0030230544962849271,0.1,0.0008,1,0,15
1092.25,0,2964.9314880371094,0,8.60595703125,-2964.9314880371094,0,0.0030266347321483977,0.1,0.0012,1,0,15
1092.375,0,2965.9957885742188,0,8.514404296875,-2965.9957885742188,0,0.003030828546189912,0.1,0.002,1,0,15
1092.5,0,2967.0639038085938,0,8.544921875,-2967.0639038085938,0,0.0030339087526859709,0.1,0.003,1,0,15
1092.625,0,2968.1205749511719,0,8.453369140625,-2968.1205749511719,0,0.0030376162016996638,0.1,0.0034,1,0,15
1092.75,0,2969.1810607910156,0,8.48388671875,-2969.1810607910156,0,0.0030402234525779837,0.1,0.0028,1,0,15
1092.875,0,2970.21484375,0,8.270263671875,-2970.21484375,0,0.00304519334696636,0.1,0.003,1,0,15
1093,0,2971.2715148925781,0,8.453369140625,-2971.2715148925781,0,0.0030468996947180665,0.1,0.0012,1,0,15
1093.125,0,2972.3167419433594,0,8.36181640625,-2972.3167419433594,0,0.0030492654197221553,0.1,0.0018,1,0,15
1093.25,0,2973.3657836914062,0,8.392333984375,-2973.3657836914062,0,0.0030505624818027849,0.1,0.0018,1,0,15
1093.375,0,2974.3995666503906,0,8.270263671875,-2974.3995666503906,0,0.003052961452950434,0.1,0.0012,1,0,15
1093.5,0,2975.4371643066406,0,8.30078125,-2975.4371643066406,0,0.0030542976441964853,0.1,0.0018,1,0,15
1093.625,0,2976.4747619628906,0,8.30078125,-2976.4747619628906,0,0.0030550192760187972,0.1,0.002,1,0,15
1093.75,0,2977.4932861328125,0,8.148193359375,-2977.4932861328125,0,0.0030572906161665248,0.1,0.0018,1,0,15
1093.875,0,2978.515625,0,8.1787109375,-2978.515625,0,0.0030585102286056765,0.1,0.0028,1,0,15
1094,0,2979.5341491699219,0,8.148193359375,-2979.5341491699219,0,0.0030595566880575464,0.1,0.0018,1,0,15
1094.125,0,2980.5641174316406,0,8.23974609375,-2980.5641174316406,0,0.0030587131509626914,0.1,0.0024,1,0,15
1094.25,0,2981.5711975097656,0,8.056640625,-2981.5711975097656,0,0.0030598834187934992,0.1,0.0046,1,0,15
1094.375,0,2982.5859069824219,0,8.11767578125,-2982.5859069824219,0,0.0030595984439599905,0.1,0.002,1,0,15
1094.5,0,2983.6044311523438,0,8.148193359375,-2983.6044311523438,0,0.0030583116011787537,0.1,0.0026,1,0,15
1094.625,0,2984.6267700195312,0,8.1787109375,-2984.6267700195312,0,0.0030560394140824176,0.1,0.0014,1,0,15
1094.75,0,2985.6185913085938,0,7.9345703125,-2985.6185913085938,0,0.0030566731419798543,0.1,0.0014,1,0,15
1094.875,0,2986.6256713867188,0,8.056640625,-2986.6256713867188,0,0.0030550091873555174,0.1,0.0024,1,0,15
1095,0,2987.6289367675781,0,8.026123046875,-2987.6289367675781,0,0.0030532345481772,0.1,0.002,1,0,15
1095.125,0,2988.6360168457031,0,8.056640625,-2988.6360168457031,0,0.0030504923363182113,0.1,0.0016,1,0,15
1095.25,0,2989.6240234375,0,7.904052734375,-2989.6240234375,0,0.0030493817982135268,0.1,0.001,1,0,15
1095.375,0,2990.6272888183594,0,8.026123046875,-2990.6272888183594,0,0.0030460082873209615,0.1,0.0018,1,0,15
1095.5,0,2991.6191101074219,0,7.9345703125,-2991.6191101074219,0,0.00304341927492241,0.1,0.0018,1,0,15
1095.625,0,2992.6223754882812,0,8.026123046875,-2992.6223754882812,0,0.0030390232656345023,0.1,0.0022,1,0,15
1095.75,0,2993.6027526855469,0,7.843017578125,-2993.6027526855469,0,0.00303672251244283,0.1,0.0028,1,0,15
1095.875,0,2994.5907592773438,0,7.904052734375,-2994.5907592773438,0,0.0030330464481602426,0.1,0.002,1,0,15
1096,0,2995.5673217773438,0,7.8125,-2995.5673217773438,0,0.0030301691980120365,0.1,0.0022,1,0,15
1096.125,0,2996.5476989746094,0,7.843017578125,-2996.5476989746094,0,0.0030263601204121582,0.1,0.0018,1,0,15
1096.25,0,2997.5204467773438,0,7.781982421875,-2997.5204467773438,0,0.0030229261135963775,0.1,0.0028,1,0,15
1096.375,0,2998.5008239746094,0,7.843017578125,-2998.5008239746094,0,0.003018142273804772,0.1,0.0016,1,0,15
1096.5,0,2999.4735717773438,0,7.781982421875,-2999.4735717773438,0,0.00301375169049016,0.1,0.0016,1,0,15
1096.625,0,3000.4386901855469,0,7.720947265625,-3000.4386901855469,0,0.00300975136236617,0.1,0.0014,1,0,15
1096.75,0,3001.3923645019531,0,7.62939453125,-3001.3923645019531,0,0.0030065689045787325,0.1,0.0016,1,0,15
1096.875,0,3002.3460388183594,0,7.62939453125,-3002.3460388183594,0,0.0030029038804578467,0.1,0.001,1,0,15
1097,0,3003.2997131347656,0,7.62939453125,-3003.2997131347656,0,0.0029987652930232034,0.1,0.0012,1,0,14
1097.125,0,3004.2495727539062,0,7.598876953125,-3004.2495727539062,0,0.0029945925377680566,0.1,0.002,1,0,14
1097.25,0,3005.18798828125,0,7.50732421875,-3005.18798828125,0,0.0029912495407836692,0.1,0.0024,1,0,14
1097.375,0,3006.1149597167969,0,7.415771484375,-3006.1149597167969,0,0.0029887273249289276,0.1,0.0018,1,0,14
1097.5,0,3007.0419311523438,0,7.415771484375,-3007.0419311523438,0,0.0029857253992284921,0.1,0.0018,1,0,14
1097.625,0,3007.9689025878906,0,7.415771484375,-3007.9689025878906,0,0.0029822527134098498,0.1,0.0016,1,0,14
1097.75,0,3008.8729858398438,0,7.232666015625,-3008.8729858398438,0,0.0029809014128628908,0.1,0.0016,1,0,14
1097.875,0,3009.7770690917969,0,7.232666015625,-3009.7770690917969,0,0.0029790615637980966,0.1,0.002,1,0,14
1098,0,3010.6735229492188,0,7.171630859375,-3010.6735229492188,0,0.0029776034017198472,0.1,0.002,1,0,14
1098.125,0,3011.5699768066406,0,7.171630859375,-3011.5699768066406,0,0.00297566302031059,0.1,0.0024,1,0,14
1098.25,0,3012.4473571777344,0,7.01904296875,-3012.4473571777344,0,0.00297540221831058,0.1,0.0016,1,0,14
1098.375,0,3013.3132934570312,0,6.927490234375,-3013.3132934570312,0,0.0029759393784961896,0.1,0.0018,1,0,14
1098.5,0,3014.1716003417969,0,6.866455078125,-3014.1716003417969,0,0.0029768355564924048,0.1,0.0016,1,0,14
1098.625,0,3015.0222778320312,0,6.805419921875,-3015.0222778320312,0,0.0029780883897879556,0.1,0.0018,1,0,14
1098.75,0,3015.8729553222656,0,6.805419921875,-3015.8729553222656,0,0.0029788344390700161,0.1,0.0016,1,0,14
1098.875,0,3016.7007446289062,0,6.622314453125,-3016.7007446289062,0,0.0029816665218098948,0.1,0.0028,1,0,14
1099,0,3017.5285339355469,0,6.622314453125,-3017.5285339355469,0,0.0029839753637607158,0.1,0.0034,1,0,14
1099.125,0,3018.341064453125,0,6.500244140625,-3018.341064453125,0,0.0029874929685424212,0.1,0.0026,1,0,14
1099.25,0,3019.1497802734375,0,6.4697265625,-3019.1497802734375,0,0.0029909137745424141,0.1,0.0014,1,0,14
1099.375,0,3019.9470520019531,0,6.378173828125,-3019.9470520019531,0,0.0029951028763290921,0.1,0.001,1,0,14
1099.5,0,3020.721435546875,0,6.195068359375,-3020.721435546875,0,0.0030013441247555561,0.1,0.0012,1,0,15
1099.625,0,3021.4920043945312,0,6.16455078125,-3021.4920043945312,0,0.0030074594382248215,0.1,0.0026,1,0,15
1099.75,0,3022.2511291503906,0,6.072998046875,-3022.2511291503906,0,0.003014314454885661,0.1,0.0034,1,0,15
1099.875,0,3022.9988098144531,0,5.9814453125,-3022.9988098144531,0,0.0030219018777134093,0.1,0.0022,1,0,15
1100,0,3023.7503051757812,0,6.011962890625,-3023.7503051757812,0,0.0030284923040651973,0.1,0.0022,1,0,15
1100.125,0,3024.4674682617188,0,5.7373046875,-3024.4674682617188,0,0.0030384077710779445,0.1,0.003,1,0,15
1100.25,0,3025.1884460449219,0,5.767822265625,-3025.1884460449219,0,0.0030473001504376929,0.1,0.0016,1,0,15
1100.375,0,3025.8979797363281,0,5.67626953125,-3025.8979797363281,0,0.0030569086034191173,0.1,0.002,1,0,15
1100.5,0,3026.5960693359375,0,5.584716796875,-3026.5960693359375,0,0.0030672262738436623,0.1,0.002,1,0,15
1100.625,0,3027.2903442382812,0,5.55419921875,-3027.2903442382812,0,0.0030773853125676959,0.1,0.0024,1,0,15
1100.75,0,3027.9655456542969,0,5.401611328125,-3027.9655456542969,0,0.0030891130886259444,0.1,0.003,1,0,15
1100.875,0,3028.6178588867188,0,5.218505859375,-3028.6178588867188,0,0.0031028217340414027,0.1,0.003,1,0,15
1101,0,3029.266357421875,0,5.18798828125,-3029.266357421875,0,0.0031163344970048523,0.1,0.0024,1,0,15
1101.125,0,3029.9110412597656,0,5.157470703125,-3029.9110412597656,0,0.003129657199765587,0.1,0.0026,1,0,15
1101.25,0,3030.548095703125,0,5.096435546875,-3030.548095703125,0,0.0031432261163888559,0.1,0.003,1,0,15
1101.375,0,3031.1698913574219,0,4.974365234375,-3031.1698913574219,0,0.0031579021097729865,0.1,0.0026,1,0,15
1101.5,0,3031.7764282226562,0,4.852294921875,-3031.7764282226562,0,0.0031736731967323961,0.1,0.0026,1,0,15
1101.625,0,3032.3600769042969,0,4.669189453125,-3032.3600769042969,0,0.0031913887385243561,0.1,0.003,1,0,15
1101.75,0,3032.9551696777344,0,4.7607421875,-3032.9551696777344,0,0.0032071504209530421,0.1,0.0018,1,0,16
1101.875,0,3033.5350036621094,0,4.638671875,-3033.5350036621094,0,0.0032240021160724053,0.1,0.002,1,0,16
1102,0,3034.0995788574219,0,4.5166015625,-3034.0995788574219,0,0.0032419321590535788,0.1,0.0014,1,0,16
1102.125,0,3034.6641540527344,0,4.5166015625,-3034.6641540527344,0,0.003259206860937322,0.1,0.0024,1,0,16
1102.25,0,3035.21728515625,0,4.425048828125,-3035.21728515625,0,0.003277130129439948,0.1,0.004,1,0,16
1102.375,0,3035.7589721679688,0,4.33349609375,-3035.7589721679688,0,0.003295696367830267,0.1,0.003,1,0,16
1102.5,0,3036.2777709960938,0,4.150390625,-3036.2777709960938,0,0.0033161917651094164,0.1,0.0024,1,0,16
1102.625,0,3036.8003845214844,0,4.180908203125,-3036.8003845214844,0,0.0033355794133288763,0.1,0.0034,1,0,16
1102.75,0,3037.3115539550781,0,4.08935546875,-3037.3115539550781,0,0.0033556000532524166,0.1,0.0018,1,0,16
1102.875,0,3037.7960205078125,0,3.875732421875,-3037.7960205078125,0,0.0033779706204786208,0.1,0.0026,1,0,16
1103,0,3038.2957458496094,0,3.997802734375,-3038.2957458496094,0,0.0033979262829791079,0.1,0.002,1,0,16
1103.125,0,3038.7763977050781,0,3.84521484375,-3038.7763977050781,0,0.0034193784674384914,0.1,0.0026,1,0,17
1103.25,0,3039.2570495605469,0,3.84521484375,-3039.2570495605469,0,0.0034401572905354977,0.1,0.002,1,0,17
1103.375,0,3039.7224426269531,0,3.72314453125,-3039.7224426269531,0,0.0034619975566211603,0.1,0.0018,1,0,17
1103.5,0,3040.1687622070312,0,3.570556640625,-3040.1687622070312,0,0.0034853186943172854,0.1,0.0026,1,0,17
1103.625,0,3040.6074523925781,0,3.509521484375,-3040.6074523925781,0,0.0035088122331620036,0.1,0.0036,1,0,17
1103.75,0,3041.0575866699219,0,3.60107421875,-3041.0575866699219,0,0.0035303264900712755,0.1,0.0026,1,0,17
1103.875,0,3041.4886474609375,0,3.448486328125,-3041.4886474609375,0,0.0035533363718351779,0.1,0.0026,1,0,17
1104,0,3041.9082641601562,0,3.35693359375,-3041.9082641601562,0,0.0035769636931862608,0.1,0.003,1,0,17
1104.125,0,3042.3240661621094,0,3.326416015625,-3042.3240661621094,0,0.0036003423172382976,0.1,0.0036,1,0,18
1104.25,0,3042.7322387695312,0,3.265380859375,-3042.7322387695312,0,0.0036239096120219694,0.1,0.0034,1,0,18
1104.375,0,3043.1327819824219,0,3.204345703125,-3043.1327819824219,0,0.00364766639311373,0.1,0.003,1,0,18
1104.5,0,3043.51806640625,0,3.082275390625,-3043.51806640625,0,0.0036724745817517668,0.1,0.0038,1,0,18
1104.625,0,3043.9033508300781,0,3.082275390625,-3043.9033508300781,0,0.0036966009915901515,0.1,0.004,1,0,18
1104.75,0,3044.2771911621094,0,2.99072265625,-3044.2771911621094,0,0.0037213500235811631,0.1,0.0026,1,0,18
1104.875,0,3044.6510314941406,0,2.99072265625,-3044.6510314941406,0,0.0037454248837110321,0.1,0.0024,1,0,18
1105,0,3045.013427734375,0,2.899169921875,-3045.013427734375,0,0.0037701298310128112,0.1,0.0032,1,0,18
1105.125,0,3045.3681945800781,0,2.838134765625,-3045.3681945800781,0,0.0037950290530790465,0.1,0.0048,1,0,18
1105.25,0,3045.7191467285156,0,2.8076171875,-3045.7191467285156,0,0.0038196927004952863,0.1,0.0026,1,0,19
1105.375,0,3046.0548400878906,0,2.685546875,-3046.0548400878906,0,0.0038454190173467656,0.1,0.0028,1,0,19
1105.5,0,3046.3981628417969,0,2.74658203125,-3046.3981628417969,0,0.0038696134863019233,0.1,0.003,1,0,19
1105.625,0,3046.7262268066406,0,2.62451171875,-3046.7262268066406,0,0.0038948837134605285,0.1,0.003,1,0,19
1105.75,0,3047.0542907714844,0,2.62451171875,-3047.0542907714844,0,0.0039194960581775129,0.1,0.0024,1,0,19
1105.875,0,3047.3709106445312,0,2.532958984375,-3047.3709106445312,0,0.0039447544755817771,0.1,0.0028,1,0,19
1106,0,3047.6760864257812,0,2.44140625,-3047.6760864257812,0,0.00397065341547026,0.1,0.0042,1,0,19
1106.125,0,3047.9812622070312,0,2.44140625,-3047.9812622070312,0,0.0039958957498708314,0.1,0.004,1,0,19
1106.25,0,3048.27880859375,0,2.38037109375,-3048.27880859375,0,0.004021354849649994,0.1,0.0036,1,0,20
1106.375,0,3048.5801696777344,0,2.410888671875,-3048.5801696777344,0,0.0040457393249182655,0.1,0.0042,1,0,20
1106.5,0,3048.8700866699219,0,2.3193359375,-3048.8700866699219,0,0.0040707892984498256,0.1,0.0036,1,0,20
1106.625,0,3049.1523742675781,0,2.25830078125,-3049.1523742675781,0,0.0040960682971886569,0.1,0.0044,1,0,20
1106.75,0,3049.4346618652344,0,2.25830078125,-3049.4346618652344,0,0.0041207152629583327,0.1,0.0032,1,0,20
1106.875,0,3049.7055053710938,0,2.166748046875,-3049.7055053710938,0,0.0041460336686258426,0.1,0.0042,1,0,20
1107,0,3049.9725341796875,0,2.13623046875,-3049.9725341796875,0,0.0041711563698458992,0.1,0.004,1,0,20
1107.125,0,3050.2471923828125,0,2.197265625,-3050.2471923828125,0,0.0041947975042301439,0.1,0.0044,1,0,20
1107.25,0,3050.506591796875,0,2.0751953125,-3050.506591796875,0,0.00421956373980778,0.1,0.0036,1,0,21
1107.375,0,3050.7545471191406,0,1.983642578125,-3050.7545471191406,0,0.0042450121966808169,0.1,0.0036,1,0,21
1107.5,0,3051.0101318359375,0,2.044677734375,-3051.0101318359375,0,0.0042689838480436254,0.1,0.004,1,0,21
1107.625,0,3051.2542724609375,0,1.953125,-3051.2542724609375,0,0.0042936547126565527,0.1,0.0046,1,0,21
1107.75,0,3051.4869689941406,0,1.861572265625,-3051.4869689941406,0,0.0043190182488972856,0.1,0.0048,1,0,21
1107.875,0,3051.7234802246094,0,1.89208984375,-3051.7234802246094,0,0.0043433457954320243,0.1,0.0026,1,0,21
1108,0,3051.9485473632812,0,1.800537109375,-3051.9485473632812,0,0.0043683767542431612,0.1,0.0042,1,0,21
1108.125,0,3052.1774291992188,0,1.8310546875,-3052.1774291992188,0,0.0043923822636134091,0.1,0.0052,1,0,21
1108.25,0,3052.4024963378906,0,1.800537109375,-3052.4024963378906,0,0.00441624040800237,0.1,0.0038,1,0,22
1108.375,0,3052.6199340820312,0,1.739501953125,-3052.6199340820312,0,0.0044403866649300183,0.1,0.0038,1,0,22
1108.5,0,3052.8297424316406,0,1.678466796875,-3052.8297424316406,0,0.0044648199947324441,0.1,0.0036,1,0,22
1108.625,0,3053.0509948730469,0,1.77001953125,-3053.0509948730469,0,0.0044873865749474329,0.1,0.0048,1,0,22
1108.75,0,3053.2493591308594,0,1.5869140625,-3053.2493591308594,0,0.0045119897733395253,0.1,0.0032,1,0,22
1108.875,0,3053.4515380859375,0,1.617431640625,-3053.4515380859375,0,0.0045355906771413629,0.1,0.0038,1,0,22
1109,0,3053.6460876464844,0,1.556396484375,-3053.6460876464844,0,0.0045594974992618775,0.1,0.0042,1,0,22
1109.125,0,3053.8444519042969,0,1.5869140625,-3053.8444519042969,0,0.0045824171865260777,0.1,0.005,1,0,22
1109.25,0,3054.0390014648438,0,1.556396484375,-3054.0390014648438,0,0.0046052271085758045,0.1,0.0042,1,0,23
1109.375,0,3054.2221069335938,0,1.46484375,-3054.2221069335938,0,0.00462879260188831,0.1,0.0044,1,0,23
1109.5,0,3054.4052124023438,0,1.46484375,-3054.4052124023438,0,0.0046518143920789012,0.1,0.0038,1,0,23
1109.625,0,3054.595947265625,0,1.52587890625,-3054.595947265625,0,0.0046734415018905712,0.1,0.004,1,0,23
1109.75,0,3054.7676086425781,0,1.373291015625,-3054.7676086425781,0,0.0046967095387903807,0.1,0.0038,1,0,23
1109.875,0,3054.9392700195312,0,1.373291015625,-3054.9392700195312,0,0.0047194459253567106,0.1,0.004,1,0,23
1110,0,3055.1109313964844,0,1.373291015625,-3055.1109313964844,0,0.0047416605803467793,0.1,0.0056,1,0,23
1110.125,0,3055.2749633789062,0,1.312255859375,-3055.2749633789062,0,0.0047642243583462945,0.1,0.0046,1,0,23
1110.25,0,3055.4313659667969,0,1.251220703125,-3055.4313659667969,0,0.0047871350814465558,0.1,0.0036,1,0,23
1110.375,0,3055.5915832519531,0,1.28173828125,-3055.5915832519531,0,0.0048090989310545645,0.1,0.0044,1,0,24
1110.5,0,3055.7518005371094,0,1.28173828125,-3055.7518005371094,0,0.0048305619652354859,0.1,0.005,1,0,24
1110.625,0,3055.9005737304688,0,1.190185546875,-3055.9005737304688,0,0.0048528252087905871,0.1,0.0056,1,0,24
1110.75,0,3056.0455322265625,0,1.15966796875,-3056.0455322265625,0,0.0048750191149813937,0.1,0.0044,1,0,24
1110.875,0,3056.1943054199219,0,1.190185546875,-3056.1943054199219,0,0.0048962860242854206,0.1,0.004,1,0,24
1111,0,3056.33544921875,0,1.129150390625,-3056.33544921875,0,0.0049179327448170274,0.1,0.0046,1,0,24
1111.125,0,3056.4804077148438,0,1.15966796875,-3056.4804077148438,0,0.0049386648448147413,0.1,0.0034,1,0,24
1111.25,0,3056.6177368164062,0,1.0986328125,-3056.6177368164062,0,0.00495978890149279,0.1,0.0052,1,0,24
1111.375,0,3056.7626953125,0,1.15966796875,-3056.7626953125,0,0.0049795796960588473,0.1,0.0046,1,0,24
1111.5,0,3056.884765625,0,0.9765625,-3056.884765625,0,0.00500150225056642,0.1,0.0046,1,0,25
1111.625,0,3057.0182800292969,0,1.068115234375,-3057.0182800292969,0,0.0050216547563535913,0.1,0.005,1,0,25
1111.75,0,3057.1441650390625,0,1.007080078125,-3057.1441650390625,0,0.0050422165353255916,0.1,0.0044,1,0,25
1111.875,0,3057.2700500488281,0,1.007080078125,-3057.2700500488281,0,0.0050623231665015145,0.1,0.0042,1,0,25
1112,0,3057.3921203613281,0,0.9765625,-3057.3921203613281,0,0.0050824137018048443,0.1,0.0046,1,0,25
1112.125,0,3057.5103759765625,0,0.946044921875,-3057.5103759765625,0,0.0051024906092889538,0.1,0.0054,1,0,25
1112.25,0,3057.6248168945312,0,0.91552734375,-3057.6248168945312,0,0.0051225563109616873,0.1,0.005,1,0,25
1112.375,0,3057.7354431152344,0,0.885009765625,-3057.7354431152344,0,0.0051426131836448952,0.1,0.0052,1,0,25
1112.5,0,3057.8498840332031,0,0.91552734375,-3057.8498840332031,0,0.0051618024389390865,0.1,0.0044,1,0,25
1112.625,0,3057.9643249511719,0,0.91552734375,-3057.9643249511719,0,0.005180568656264456,0.1,0.0042,1,0,25
1112.75,0,3058.0673217773438,0,0.823974609375,-3058.0673217773438,0,0.0052002114093637614,0.1,0.0052,1,0,26
1112.875,0,3058.16650390625,0,0.79345703125,-3058.16650390625,0,0.0052198597275117664,0.1,0.0042,1,0,26
1113,0,3058.2809448242188,0,0.91552734375,-3058.2809448242188,0,0.0052373628724492471,0.1,0.0044,1,0,26
1113.125,0,3058.3763122558594,0,0.762939453125,-3058.3763122558594,0,0.0052566272386029983,0.1,0.0058,1,0,26
1113.25,0,3058.4831237792969,0,0.8544921875,-3058.4831237792969,0,0.005274186322962171,0.1,0.0056,1,0,26
1113.375,0,3058.5746765136719,0,0.732421875,-3058.5746765136719,0,0.0052930793599824666,0.1,0.0058,1,0,26
1113.5,0,3058.6700439453125,0,0.762939453125,-3058.6700439453125,0,0.005311137331563881,0.1,0.0046,1,0,26
1113.625,0,3058.7539672851562,0,0.67138671875,-3058.7539672851562,0,0.0053300958911365465,0.1,0.0042,1,0,26
1113.75,0,3058.8493347167969,0,0.762939453125,-3058.8493347167969,0,0.0053473613774881051,0.1,0.0052,1,0,26
1113.875,0,3058.929443359375,0,0.640869140625,-3058.929443359375,0,0.0053659727973046634,0.1,0.0054,1,0,26
1114,0,3059.0133666992188,0,0.67138671875,-3059.0133666992188,0,0.0053837609089658206,0.1,0.0036,1,0,26
1114.125,0,3059.0972900390625,0,0.67138671875,-3059.0972900390625,0,0.0054011694652345843,0.1,0.0044,1,0,27
1114.25,0,3059.1773986816406,0,0.640869140625,-3059.1773986816406,0,0.0054186361077414869,0.1,0.0042,1,0,27
1114.375,0,3059.2536926269531,0,0.6103515625,-3059.2536926269531,0,0.0054361619205580414,0.1,0.005,1,0,27
1114.5,0,3059.3338012695312,0,0.640869140625,-3059.3338012695312,0,0.0054528868466530017,0.1,0.0058,1,0,27
1114.625,0,3059.3986511230469,0,0.518798828125,-3059.3986511230469,0,0.0054709764622386525,0.1,0.0062,1,0,27
1114.75,0,3059.4673156738281,0,0.54931640625,-3059.4673156738281,0,0.0054882611757718913,0.1,0.0042,1,0,27
1114.875,0,3059.5436096191406,0,0.6103515625,-3059.5436096191406,0,0.0055043232757438082,0.1,0.005,1,0,27
1115,0,3059.6160888671875,0,0.579833984375,-3059.6160888671875,0,0.0055204729176938222,0.1,0.0054,1,0,27
1115.125,0,3059.6656799316406,0,0.396728515625,-3059.6656799316406,0,0.0055388634383457119,0.1,0.0042,1,0,27
1115.25,0,3059.7343444824219,0,0.54931640625,-3059.7343444824219,0,0.0055547298723811755,0.1,0.0052,1,0,27
1115.375,0,3059.7991943359375,0,0.518798828125,-3059.7991943359375,0,0.0055706918343647188,0.1,0.0052,1,0,27
1115.5,0,3059.8526000976562,0,0.42724609375,-3059.8526000976562,0,0.0055876108307127276,0.1,0.0054,1,0,27
1115.625,0,3059.9174499511719,0,0.518798828125,-3059.9174499511719,0,0.0056028921471187876,0.1,0.0042,1,0,28
1115.75,0,3059.9784851074219,0,0.48828125,-3059.9784851074219,0,0.005618282075505146,0.1,0.005,1,0,28
1115.875,0,3060.0318908691406,0,0.42724609375,-3060.0318908691406,0,0.005634211317746593,0.1,0.0046,1,0,28
1116,0,3060.0776672363281,0,0.3662109375,-3060.0776672363281,0,0.0056506741476309019,0.1,0.0058,1,0,28
1116.125,0,3060.1310729980469,0,0.42724609375,-3060.1310729980469,0,0.0056659427040214871,0.1,0.0048,1,0,28
1116.25,0,3060.1844787597656,0,0.42724609375,-3060.1844787597656,0,0.005680896053291154,0.1,0.0062,1,0,28
1116.375,0,3060.2302551269531,0,0.3662109375,-3060.2302551269531,0,0.0056964011969929812,0.1,0.0064,1,0,28
1116.5,0,3060.2798461914062,0,0.396728515625,-3060.2798461914062,0,0.0057111604947536337,0.1,0.005,1,0,28
1116.625,0,3060.3256225585938,0,0.3662109375,-3060.3256225585938,0,0.0057260468145978044,0.1,0.0054,1,0,28
1116.75,0,3060.3713989257812,0,0.3662109375,-3060.3713989257812,0,0.0057406293940537312,0.1,0.0044,1,0,28
1116.875,0,3060.4057312011719,0,0.274658203125,-3060.4057312011719,0,0.0057562055811836432,0.1,0.0054,1,0,28
1117,0,3060.4476928710938,0,0.335693359375,-3060.4476928710938,0,0.0057706105397885565,0.1,0.0058,1,0,28
1117.125,0,3060.48583984375,0,0.30517578125,-3060.48583984375,0,0.0057851534667408416,0.1,0.0038,1,0,28
1117.25,0,3060.5239868164062,0,0.30517578125,-3060.5239868164062,0,0.0057994033953490259,0.1,0.0054,1,0,28
1117.375,0,3060.5583190917969,0,0.274658203125,-3060.5583190917969,0,0.0058137963523883229,0.1,0.0052,1,0,29
1117.5,0,3060.5964660644531,0,0.30517578125,-3060.5964660644531,0,0.0058274707163247785,0.1,0.0054,1,0,29
1117.625,0,3060.6269836425781,0,0.244140625,-3060.6269836425781,0,0.0058417294071784476,0.1,0.005,1,0,29
1117.75,0,3060.6651306152344,0,0.30517578125,-3060.6651306152344,0,0.00585484361719317,0.1,0.0058,1,0,29
1117.875,0,3060.6918334960938,0,0.213623046875,-3060.6918334960938,0,0.0058689831650997337,0.1,0.0054,1,0,29
1118,0,3060.7185363769531,0,0.213623046875,-3060.7185363769531,0,0.0058828437436008463,0.1,0.0056,1,0,29
1118.125,0,3060.7452392578125,0,0.213623046875,-3060.7452392578125,0,0.0058964305573010883,0.1,0.0046,1,0,29
1118.25,0,3060.7757568359375,0,0.244140625,-3060.7757568359375,0,0.00590931815326648,0.1,0.0058,1,0,29
1118.375,0,3060.8062744140625,0,0.244140625,-3060.8062744140625,0,0.0059219479691617061,0.1,0.0058,1,0,29
1118.5,0,3060.821533203125,0,0.1220703125,-3060.821533203125,0,0.00593604705602753,0.1,0.0052,1,0,29
1118.625,0,3060.8482360839844,0,0.213623046875,-3060.8482360839844,0,0.0059485827503141658,0.1,0.006,1,0,29
1118.75,0,3060.8711242675781,0,0.18310546875,-3060.8711242675781,0,0.0059612999579983783,0.1,0.0056,1,0,29
1118.875,0,3060.8863830566406,0,0.1220703125,-3060.8863830566406,0,0.0059746280208666652,0.1,0.0052,1,0,29
1119,0,3060.9016418457031,0,0.1220703125,-3060.9016418457031,0,0.0059876987571148843,0.1,0.005,1,0,29
1119.125,0,3060.9207153320312,0,0.152587890625,-3060.9207153320312,0,0.0060000864071294291,0.1,0.0056,1,0,30
1119.25,0,3060.9397888183594,0,0.152587890625,-3060.9397888183594,0,0.0060122321076170326,0.1,0.0054,1,0,30
1119.375,0,3060.9588623046875,0,0.152587890625,-3060.9588623046875,0,0.0060241403725194431,0.1,0.006,1,0,30
1119.5,0,3060.9703063964844,0,0.091552734375,-3060.9703063964844,0,0.0060366767524417109,0.1,0.0052,1,0,30
1119.625,0,3060.9817504882812,0,0.091552734375,-3060.9817504882812,0,0.0060489727435710378,0.1,0.0054,1,0,30
1119.75,0,3060.9893798828125,0,0.06103515625,-3060.9893798828125,0,0.0060614633911702381,0.1,0.0058,1,0,30
1119.875,0,3061.0084533691406,0,0.152587890625,-3061.0084533691406,0,0.00607242498962679,0.1,0.0058,1,0,30
1120,0,3061.0160827636719,0,0.06103515625,-3061.0160827636719,0,0.006084462925065523,0.1,0.0056,1,0,30
1120.125,0,3061.0275268554688,0,0.091552734375,-3061.0275268554688,0,0.0060958413782833815,0.1,0.005,1,0,30
1120.25,0,3061.03515625,0,0.06103515625,-3061.03515625,0,0.0061074316060567013,0.1,0.006,1,0,30
1120.375,0,3061.0389709472656,0,0.030517578125,-3061.0389709472656,0,0.0061192318251643563,0.1,0.006,1,0,30
1120.5,0,3061.0466003417969,0,0.06103515625,-3061.0466003417969,0,0.00613037916477617,0.1,0.0052,1,0,30
1120.625,0,3061.0504150390625,0,0.030517578125,-3061.0504150390625,0,0.0061417447584843771,0.1,0.006,1,0,30
1120.75,0,3061.0542297363281,0,0.030517578125,-3061.0542297363281,0,0.0061528961417430528,0.1,0.005,1,0,30
1120.875,0,3061.0618591308594,0,0.06103515625,-3061.0618591308594,0,0.0061634067505399043,0.1,0.0058,1,0,30
1121,0,3061.0618591308594,0,0,-3061.0618591308594,0,0.0061745780530679806,0.1,0.0062,1,0,30
1121.125,0,3061.0694885253906,0,0.06103515625,-3061.0694885253906,0,0.0061846798168305184,0.1,0.006,1,0,30
1121.25,0,3061.0618591308594,0,-0.06103515625,-3061.0618591308594,0,0.0061963110228372,0.1,0.0058,1,0,30
1121.375,0,3061.0694885253906,0,0.06103515625,-3061.0694885253906,0,0.0062060073245113617,0.1,0.0048,1,0,31
1121.5,0,3061.0694885253906,0,0,-3061.0694885253906,0,0.0062163795120727811,0.1,0.0066,1,0,31
1121.625,0,3061.065673828125,0,-0.030517578125,-3061.065673828125,0,0.0062269887509082689,0.1,0.0058,1,0,31
1121.75,0,3061.0694885253906,0,0.030517578125,-3061.0694885253906,0,0.0062365411049037367,0.1,0.005,1,0,31
1121.875,0,3061.0694885253906,0,0,-3061.0694885253906,0,0.0062463436376735959,0.1,0.0068,1,0,31
1122,0,3061.065673828125,0,-0.030517578125,-3061.065673828125,0,0.0062563938495067278,0.1,0.0054,1,0,31
1122.125,0,3061.0580444335938,0,-0.06103515625,-3061.0580444335938,0,0.0062666892873279589,0.1,0.0062,1,0,31
1122.25,0,3061.0504150390625,0,-0.06103515625,-3061.0504150390625,0,0.0062767969833892323,0.1,0.0054,1,0,31
1122.375,0,3061.0504150390625,0,0,-3061.0504150390625,0,0.0062858593194248108,0.1,0.0062,1,0,31
1122.5,0,3061.0504150390625,0,0,-3061.0504150390625,0,0.00629475258359706,0.1,0.006,1,0,31
1122.625,0,3061.0389709472656,0,-0.091552734375,-3061.0389709472656,0,0.0063047716115191832,0.1,0.0054,1,0,31
1122.75,0,3061.03515625,0,-0.030517578125,-3061.03515625,0,0.0063137491014166464,0.1,0.0072,1,0,31
1122.875,0,3061.0313415527344,0,-0.030517578125,-3061.0313415527344,0,0.0063225612701464373,0.1,0.0064,1,0,31
1123,0,3061.0237121582031,0,-0.06103515625,-3061.0237121582031,0,0.00633164176246892,0.1,0.0058,1,0,31
1123.125,0,3061.0160827636719,0,-0.06103515625,-3061.0160827636719,0,0.0063405571797144761,0.1,0.0066,1,0,31
1123.25,0,3061.0122680664062,0,-0.030517578125,-3061.0122680664062,0,0.0063488800411744678,0.1,0.0052,1,0,31
1123.375,0,3061.004638671875,0,-0.06103515625,-3061.004638671875,0,0.0063574803550093539,0.1,0.0054,1,0,31
1123.5,0,3061.004638671875,0,0,-3061.004638671875,0,0.0063650634313601462,0.1,0.006,1,0,31
1123.625,0,3060.9970092773438,0,-0.06103515625,-3060.9970092773438,0,0.00637336615459759,0.1,0.0058,1,0,31
1123.75,0,3060.9855651855469,0,-0.091552734375,-3060.9855651855469,0,0.0063819488736795021,0.1,0.0058,1,0,31
1123.875,0,3060.9855651855469,0,0,-3060.9855651855469,0,0.0063890862908557167,0.1,0.005,1,0,31
1124,0,3060.9817504882812,0,-0.030517578125,-3060.9817504882812,0,0.0063965211089392765,0.1,0.0056,1,0,31
1124.125,0,3060.9703063964844,0,-0.091552734375,-3060.9703063964844,0,0.0064046805076562185,0.1,0.005,1,0,32
1124.25,0,3060.9626770019531,0,-0.06103515625,-3060.9626770019531,0,0.006412263623039885,0.1,0.0054,1,0,32
1124.375,0,3060.9588623046875,0,-0.030517578125,-3060.9588623046875,0,0.006419279038785225,0.1,0.0066,1,0,32
1124.5,0,3060.9550476074219,0,-0.030517578125,-3060.9550476074219,0,0.0064261657388839377,0.1,0.0066,1,0,32
1124.625,0,3060.9474182128906,0,-0.06103515625,-3060.9474182128906,0,0.006433356685163899,0.1,0.0054,1,0,32
1124.75,0,3060.943603515625,0,-0.030517578125,-3060.943603515625,0,0.0064399872483253406,0.1,0.0054,1,0,32
1124.875,0,3060.943603515625,0,0,-3060.943603515625,0,0.0064460657154200851,0.1,0.0058,1,0,32
1125,0,3060.9359741210938,0,-0.06103515625,-3060.9359741210938,0,0.0064528919002090485,0.1,0.0064,1,0,32
1125.125,0,3060.9283447265625,0,-0.06103515625,-3060.9283447265625,0,0.0064595950675068042,0.1,0.0056,1,0,32
1125.25,0,3060.9207153320312,0,-0.06103515625,-3060.9207153320312,0,0.0064661775123945886,0.1,0.0052,1,0,32
1125.375,0,3060.9207153320312,0,0,-3060.9207153320312,0,0.006471780366257382,0.1,0.0062,1,0,32
1125.5,0,3060.9207153320312,0,0,-3060.9207153320312,0,0.0064772786902352886,0.1,0.0062,1,0,32
1125.625,0,3060.9207153320312,0,0,-3060.9207153320312,0,0.0064826744344946285,0.1,0.0058,1,0,32
1125.75,0,3060.9169006347656,0,-0.030517578125,-3060.9169006347656,0,0.0064884000732572528,0.1,0.0056,1,0,32
1125.875,0,3060.9169006347656,0,0,-3060.9169006347656,0,0.0064935904987142717,0.1,0.0054,1,0,32
1126,0,3060.9169006347656,0,0,-3060.9169006347656,0,0.006498684088774756,0.1,0.0064,1,0,32
1126.125,0,3060.9169006347656,0,0,-3060.9169006347656,0,0.0065036826500524669,0.1,0.0062,1,0,32
1126.25,0,3060.9092712402344,0,-0.06103515625,-3060.9092712402344,0,0.0065094490763338148,0.1,0.0064,1,0,32
1126.375,0,3060.9207153320312,0,0.091552734375,-3060.9207153320312,0,0.0065129594543597708,0.1,0.0062,1,0,32
1126.5,0,3060.9169006347656,0,-0.030517578125,-3060.9169006347656,0,0.0065181200793423405,0.1,0.0062,1,0,32
1126.625,0,3060.9169006347656,0,0,-3060.9169006347656,0,0.00652275603222327,0.1,0.0058,1,0,32
1126.75,0,3060.9207153320312,0,0.030517578125,-3060.9207153320312,0,0.0065268749338103088,0.1,0.0062,1,0,32
1126.875,0,3060.9207153320312,0,0,-3060.9207153320312,0,0.0065313453836110813,0.1,0.0058,1,0,32
1127,0,3060.9245300292969,0,0.030517578125,-3060.9245300292969,0,0.0065353018698332543,0.1,0.0062,1,0,32
1127.125,0,3060.9321594238281,0,0.06103515625,-3060.9321594238281,0,0.0065387518135006512,0.1,0.0062,1,0,32
1127.25,0,3060.9359741210938,0,0.030517578125,-3060.9359741210938,0,0.006542563618064115,0.1,0.0062,1,0,32
1127.375,0,3060.9359741210938,0,0,-3060.9359741210938,0,0.0065467327002101255,0.1,0.0066,1,0,32
1127.5,0,3060.9321594238281,0,-0.030517578125,-3060.9321594238281,0,0.0065512545621340679,0.1,0.0064,1,0,32
1127.625,0,3060.9474182128906,0,0.1220703125,-3060.9474182128906,0,0.0065535414273112935,0.1,0.0064,1,0,32
1127.75,0,3060.9512329101562,0,0.030517578125,-3060.9512329101562,0,0.0065570686377665055,0.1,0.0064,1,0,32
1127.875,0,3060.9474182128906,0,-0.030517578125,-3060.9474182128906,0,0.0065613889957854415,0.1,0.0058,1,0,32
1128,0,3060.9550476074219,0,0.06103515625,-3060.9550476074219,0,0.0065643392373019027,0.1,0.0062,1,0,32
1128.125,0,3060.9550476074219,0,0,-3060.9550476074219,0,0.0065680912228680277,0.1,0.0066,1,0,32
1128.25,0,3060.9550476074219,0,0,-3060.9550476074219,0,0.0065717732093535236,0.1,0.0068,1,0,32
1128.375,0,3060.9664916992188,0,0.091552734375,-3060.9664916992188,0,0.0065740948213824646,0.1,0.006,1,0,32
1128.5,0,3060.9664916992188,0,0,-3060.9664916992188,0,0.00657765829819322,0.1,0.0052,1,0,32
1128.625,0,3060.9664916992188,0,0,-3060.9664916992188,0,0.0065811552928450728,0.1,0.0058,1,0,32
1128.75,0,3060.97412109375,0,0.06103515625,-3060.97412109375,0,0.0065837259247874674,0.1,0.0078,1,0,32
1128.875,0,3060.9664916992188,0,-0.06103515625,-3060.9664916992188,0,0.0065879665038598018,0.1,0.0064,1,0,32
1129,0,3060.97412109375,0,0.06103515625,-3060.97412109375,0,0.0065904100621499567,0.1,0.0062,1,0,32
1129.125,0,3060.9779357910156,0,0.030517578125,-3060.9779357910156,0,0.0065932342570084457,0.1,0.0068,1,0,32
1129.25,0,3060.9779357910156,0,0,-3060.9779357910156,0,0.0065964341548325756,0.1,0.0068,1,0,32
1129.375,0,3060.9855651855469,0,0.06103515625,-3060.9855651855469,0,0.0065987132327469805,0.1,0.0058,1,0,32
1129.5,0,3060.9893798828125,0,0.030517578125,-3060.9893798828125,0,0.00660137601586494,0.1,0.0054,1,0,33
1129.625,0,3060.9893798828125,0,0,-3060.9893798828125,0,0.0066044175133336963,0.1,0.0074,1,0,33
1129.75,0,3060.9893798828125,0,0,-3060.9893798828125,0,0.0066074022669736637,0.1,0.0064,1,0,33
1129.875,0,3060.9931945800781,0,0.030517578125,-3060.9931945800781,0,0.00660990077498963,0.1,0.0064,1,0,33
1130,0,3060.9970092773438,0,0.030517578125,-3060.9970092773438,0,0.0066123505017229439,0.1,0.0062,1,0,33
1130.125,0,3061.0008239746094,0,0.030517578125,-3061.0008239746094,0,0.0066147523572637756,0.1,0.006,1,0,33
1130.25,0,3061.0084533691406,0,0.06103515625,-3061.0084533691406,0,0.0066166766742842276,0.1,0.007,1,0,33
1130.375,0,3060.9970092773438,0,-0.091552734375,-3060.9970092773438,0,0.0066207135568757125,0.1,0.0064,1,0,33
1130.5,0,3061.0084533691406,0,0.091552734375,-3061.0084533691406,0,0.0066220982658393573,0.1,0.0064,1,0,33
1130.625,0,3061.0084533691406,0,0,-3061.0084533691406,0,0.00662474231895728,0.1,0.006,1,0,33
1130.75,0,3061.004638671875,0,-0.030517578125,-3061.004638671875,0,0.0066277676036230193,0.1,0.0046,1,0,33
1130.875,0,3061.0122680664062,0,0.06103515625,-3061.0122680664062,0,0.0066294469333780665,0.1,0.007,1,0,33
1131,0,3061.0122680664062,0,0,-3061.0122680664062,0,0.00663195171800296,0.1,0.007,1,0,33
1131.125,0,3061.0122680664062,0,0,-3061.0122680664062,0,0.0066344097720053979,0.1,0.0066,1,0,33
1131.25,0,3061.0122680664062,0,0,-3061.0122680664062,0,0.0066368219672172657,0.1,0.0062,1,0,33
1131.375,0,3061.0160827636719,0,0.030517578125,-3061.0160827636719,0,0.0066387585987661563,0.1,0.006,1,0,33
1131.5,0,3061.0160827636719,0,0,-3061.0160827636719,0,0.0066410874921439267,0.1,0.0068,1,0,33
1131.625,0,3061.0122680664062,0,-0.030517578125,-3061.0122680664062,0,0.0066438034968608062,0.1,0.0058,1,0,33
1131.75,0,3061.0122680664062,0,0,-3061.0122680664062,0,0.0066460404376395277,0.1,0.0062,1,0,33
1131.875,0,3061.0198974609375,0,0.06103515625,-3061.0198974609375,0,0.0066473745239581938,0.1,0.007,1,0,33
1132,0,3061.0198974609375,0,0,-3061.0198974609375,0,0.0066495405061957752,0.1,0.0064,1,0,33
1132.125,0,3061.0198974609375,0,0,-3061.0198974609375,0,0.0066516660786922616,0.1,0.0062,1,0,33
1132.25,0,3061.0160827636719,0,-0.030517578125,-3061.0160827636719,0,0.006654182555792712,0.1,0.0062,1,0,33
1132.375,0,3061.0160827636719,0,0,-3061.0160827636719,0,0.006656223691450594,0.1,0.0066,1,0,33
1132.5,0,3061.0237121582031,0,0.06103515625,-3061.0237121582031,0,0.0066573656256951608,0.1,0.0066,1,0,33
1132.625,0,3061.0160827636719,0,-0.06103515625,-3061.0160827636719,0,0.0066602041616299346,0.1,0.0068,1,0,33
1132.75,0,3061.0198974609375,0,0.030517578125,-3061.0198974609375,0,0.0066617023944996884,0.1,0.0066,1,0,33
1132.875,0,3061.0160827636719,0,-0.030517578125,-3061.0160827636719,0,0.0066640316286411538,0.1,0.0072,1,0,33
1133,0,3061.0160827636719,0,0,-3061.0160827636719,0,0.0066658890146464034,0.1,0.0066,1,0,33
1133.125,0,3061.0198974609375,0,0.030517578125,-3061.0198974609375,0,0.0066672811878105281,0.1,0.0062,1,0,33
1133.25,0,3061.0122680664062,0,-0.06103515625,-3061.0122680664062,0,0.0066699369013927534,0.1,0.0058,1,0,33
1133.375,0,3061.0198974609375,0,0.06103515625,-3061.0198974609375,0,0.0066708251623041614,0.1,0.0066,1,0,33
1133.5,0,3061.0198974609375,0,0,-3061.0198974609375,0,0.00667255363669543,0.1,0.0064,1,0,33
1133.625,0,3061.0084533691406,0,-0.091552734375,-3061.0084533691406,0,0.0066755415450464178,0.1,0.0062,1,0,33
1133.75,0,3061.0122680664062,0,0.030517578125,-3061.0122680664062,0,0.0066767579708805758,0.1,0.0068,1,0,33
1133.875,0,3061.0160827636719,0,0.030517578125,-3061.0160827636719,0,0.0066779495346536988,0.1,0.0072,1,0,33
1134,0,3061.0084533691406,0,-0.06103515625,-3061.0084533691406,0,0.0066804083815226317,0.1,0.007,1,0,33
1134.125,0,3061.0160827636719,0,0.06103515625,-3061.0160827636719,0,0.0066811034485731308,0.1,0.0074,1,0,33
1134.25,0,3061.0122680664062,0,-0.030517578125,-3061.0122680664062,0,0.0066830728938720024,0.1,0.0054,1,0,33
1134.375,0,3061.0160827636719,0,0.030517578125,-3061.0160827636719,0,0.0066841466430118124,0.1,0.0072,1,0,33
1134.5,0,3061.0084533691406,0,-0.06103515625,-3061.0084533691406,0,0.006686489873261231,0.1,0.0064,1,0,33
1134.625,0,3061.0122680664062,0,0.030517578125,-3061.0122680664062,0,0.0066875020411375774,0.1,0.0066,1,0,33
1134.75,0,3061.0160827636719,0,0.030517578125,-3061.0160827636719,0,0.0066884931577002871,0.1,0.0066,1,0,33
1134.875,0,3061.0160827636719,0,0,-3061.0160827636719,0,0.0066898941761330127,0.1,0.0058,1,0,33
1135,0,3061.0122680664062,0,-0.030517578125,-3061.0122680664062,0,0.0066916996168438075,0.1,0.0058,1,0,33
1135.125,0,3061.0122680664062,0,0,-3061.0122680664062,0,0.0066930429815931225,0.1,0.0066,1,0,33
1135.25,0,3061.0122680664062,0,0,-3061.0122680664062,0,0.006694361283800021,0.1,0.0066,1,0,33
1135.375,0,3061.0122680664062,0,0,-3061.0122680664062,0,0.0066956549910449081,0.1,0.0066,1,0,33
1135.5,0,3061.0160827636719,0,0.030517578125,-3061.0160827636719,0,0.0066964940017458369,0.1,0.0062,1,0,33
1135.625,0,3061.0160827636719,0,0,-3061.0160827636719,0,0.0066977457520863565,0.1,0.0068,1,0,33
1135.75,0,3061.0198974609375,0,0.030517578125,-3061.0198974609375,0,0.0066985435886536687,0.1,0.0054,1,0,33
1135.875,0,3061.0160827636719,0,-0.030517578125,-3061.0160827636719,0,0.0067001854934665428,0.1,0.0054,1,0,33
1136,0,3061.0198974609375,0,0.030517578125,-3061.0198974609375,0,0.0067009378128935065,0.1,0.0062,1,0,33
1136.125,0,3061.0160827636719,0,-0.030517578125,-3061.0160827636719,0,0.0067025350497585262,0.1,0.0056,1,0,33
1136.25,0,3061.0122680664062,0,-0.030517578125,-3061.0122680664062,0,0.006704104655465018,0.1,0.0066,1,0,33
1136.375,0,3061.0084533691406,0,-0.030517578125,-3061.0084533691406,0,0.0067056471455148731,0.1,0.0062,1,0,33
1136.5,0,3061.0198974609375,0,0.091552734375,-3061.0198974609375,0,0.0067054407840368146,0.1,0.0058,1,0,33
1136.625,0,3061.0160827636719,0,-0.030517578125,-3061.0160827636719,0,0.0067069540110263753,0.1,0.006,1,0,33
1136.75,0,3061.0122680664062,0,-0.030517578125,-3061.0122680664062,0,0.0067084411741912681,0.1,0.0062,1,0,33
1136.875,0,3061.0160827636719,0,0.030517578125,-3061.0160827636719,0,0.0067090416389145452,0.1,0.0066,1,0,33
1137,0,3061.0160827636719,0,0,-3061.0160827636719,0,0.0067100592937207465,0.1,0.0058,1,0,33
1137.125,0,3061.0122680664062,0,-0.030517578125,-3061.0122680664062,0,0.0067114885230450533,0.1,0.0064,1,0,33
1137.25,0,3061.0160827636719,0,0.030517578125,-3061.0160827636719,0,0.0067120321347729356,0.1,0.0058,1,0,33
1137.375,0,3061.0122680664062,0,-0.030517578125,-3061.0122680664062,0,0.0067134245577030044,0.1,0.0058,1,0,33
1137.5,0,3061.0122680664062,0,0,-3061.0122680664062,0,0.00671436261015565,0.1,0.0066,1,0,33
1137.625,0,3061.0122680664062,0,0,-3061.0122680664062,0,0.0067152831617922348,0.1,0.0074,1,0,33
1137.75,0,3061.0122680664062,0,0,-3061.0122680664062,0,0.0067161865391174858,0.1,0.006,1,0,33
1137.875,0,3061.0122680664062,0,0,-3061.0122680664062,0,0.0067170730625446817,0.1,0.005,1,0,33
1138,0,3061.0122680664062,0,0,-3061.0122680664062,0,0.0067179430465093,0.1,0.0058,1,0,33
1138.125,0,3061.0122680664062,0,0,-3061.0122680664062,0,0.00671879679958054,0.1,0.0062,1,0,33
1138.25,0,3061.0122680664062,0,0,-3061.0122680664062,0,0.0067196346245707583,0.1,0.0052,1,0,33
1138.375,0,3061.0084533691406,0,-0.030517578125,-3061.0084533691406,0,0.0067208873790818024,0.1,0.007,1,0,33
1138.5,0,3061.0084533691406,0,0,-3061.0084533691406,0,0.006721688368845305,0.1,0.0058,1,0,33
1138.625,0,3061.0160827636719,0,0.06103515625,-3061.0160827636719,0,0.0067216132940308981,0.1,0.006,1,0,33
1138.75,0,3061.0084533691406,0,-0.06103515625,-3061.0084533691406,0,0.0067232575260887106,0.1,0.0066,1,0,33
1138.875,0,3061.0122680664062,0,0.030517578125,-3061.0122680664062,0,0.0067235837366633883,0.1,0.0058,1,0,33
1139,0,3061.0008239746094,0,-0.091552734375,-3061.0008239746094,0,0.006725623935272082,0.1,0.0066,1,0,33
1139.125,0,3061.0122680664062,0,0.091552734375,-3061.0122680664062,0,0.0067250492114738769,0.1,0.0066,1,0,33
1139.25,0,3061.004638671875,0,-0.06103515625,-3061.004638671875,0,0.0067266315089496154,0.1,0.0058,1,0,33
1139.375,0,3061.004638671875,0,0,-3061.004638671875,0,0.0067273275008663258,0.1,0.0068,1,0,33
1139.5,0,3061.0008239746094,0,-0.030517578125,-3061.0008239746094,0,0.0067284410684187307,0.1,0.0064,1,0,33
1139.625,0,3061.0084533691406,0,0.06103515625,-3061.0084533691406,0,0.0067282443470933206,0.1,0.0066,1,0,33
1139.75,0,3061.0122680664062,0,0.030517578125,-3061.0122680664062,0,0.0067284775208267256,0.1,0.006,1,0,33
1139.875,0,3061.004638671875,0,-0.06103515625,-3061.004638671875,0,0.0067299958579010721,0.1,0.0062,1,0,33
1140,0,3061.0084533691406,0,0.030517578125,-3061.0084533691406,0,0.00673019852225748,0.1,0.007,1,0,33
1140.125,0,3061.004638671875,0,-0.030517578125,-3061.004638671875,0,0.0067312563587154234,0.1,0.0068,1,0,33
1140.25,0,3061.004638671875,0,0,-3061.004638671875,0,0.0067318660669229008,0.1,0.0064,1,0,33
1140.375,0,3061.0084533691406,0,0.030517578125,-3061.0084533691406,0,0.0067320338396439777,0.1,0.0058,1,0,33
1140.5,0,3061.0122680664062,0,0.030517578125,-3061.0122680664062,0,0.0067321963145460795,0.1,0.0064,1,0,33
1140.625,0,3061.0084533691406,0,-0.030517578125,-3061.0084533691406,0,0.0067332147113460111,0.1,0.0066,1,0,33
1140.75,0,3061.0084533691406,0,0,-3061.0084533691406,0,0.0067337857157031555,0.1,0.006,1,0,33
1140.875,0,3061.0122680664062,0,0.030517578125,-3061.0122680664062,0,0.006733915506653948,0.1,0.0062,1,0,33
1141,0,3061.0160827636719,0,0.030517578125,-3061.0160827636719,0,0.0067340407083942982,0.1,0.0064,1,0,33
1141.125,0,3061.0084533691406,0,-0.06103515625,-3061.0084533691406,0,0.00673545308785975,0.1,0.007,1,0,33
1141.25,0,3061.0084533691406,0,0,-3061.0084533691406,0,0.0067359823318488693,0.1,0.0058,1,0,33
1141.375,0,3061.0122680664062,0,0.030517578125,-3061.0122680664062,0,0.0067360711415357516,0.1,0.0062,1,0,33
1141.5,0,3061.0160827636719,0,0.030517578125,-3061.0160827636719,0,0.0067361561265809056,0.1,0.0064,1,0,33
1141.625,0,3061.0122680664062,0,-0.030517578125,-3061.0122680664062,0,0.0067370984792167465,0.1,0.0064,1,0,33
1141.75,0,3061.0122680664062,0,0,-3061.0122680664062,0,0.006737594858131038,0.1,0.006,1,0,33
1141.875,0,3061.0160827636719,0,0.030517578125,-3061.0160827636719,0,0.0067376514158917766,0.1,0.0062,1,0,33
1142,0,3061.0198974609375,0,0.030517578125,-3061.0198974609375,0,0.0067377047507201776,0.1,0.0054,1,0,33
1142.125,0,3061.0084533691406,0,-0.091552734375,-3061.0084533691406,0,0.0067394771645007956,0.1,0.0064,1,0,33
1142.25,0,3061.0122680664062,0,0.030517578125,-3061.0122680664062,0,0.00673950077269149,0.1,0.0066,1,0,33
1142.375,0,3061.0160827636719,0,0.030517578125,-3061.0160827636719,0,0.0067395217726749779,0.1,0.0058,1,0,33
1142.5,0,3061.0160827636719,0,0,-3061.0160827636719,0,0.0067399707735503189,0.1,0.006,1,0,33
1142.625,0,3061.0122680664062,0,-0.030517578125,-3061.0122680664062,0,0.0067408419580603646,0.1,0.0074,1,0,33
1142.75,0,3061.0122680664062,0,0,-3061.0122680664062,0,0.0067412684966000613,0.1,0.0064,1,0,33
1142.875,0,3061.0160827636719,0,0.030517578125,-3061.0160827636719,0,0.0067412565169661653,0.1,0.0062,1,0,33
1143,0,3061.0122680664062,0,-0.030517578125,-3061.0122680664062,0,0.0067421037139486772,0.1,0.0056,1,0,33
1143.125,0,3061.0122680664062,0,0,-3061.0122680664062,0,0.0067425067124851912,0.1,0.007,1,0,33
1143.25,0,3061.0198974609375,0,0.06103515625,-3061.0198974609375,0,0.0067420410715842288,0.1,0.0066,1,0,33
1143.375,0,3061.0122680664062,0,-0.06103515625,-3061.0122680664062,0,0.0067433020241686042,0.1,0.006,1,0,33
1143.5,0,3061.0084533691406,0,-0.030517578125,-3061.0084533691406,0,0.0067441132268176995,0.1,0.0068,1,0,33
1143.625,0,3061.0122680664062,0,0.030517578125,-3061.0122680664062,0,0.0067440503421117015,0.1,0.0062,1,0,33
1143.75,0,3061.004638671875,0,-0.06103515625,-3061.004638671875,0,0.0067452781441737081,0.1,0.0066,1,0,33
1143.875,0,3061.0084533691406,0,0.030517578125,-3061.0084533691406,0,0.0067451956938967689,0.1,0.0062,1,0,33
1144,0,3061.0084533691406,0,0,-3061.0084533691406,0,0.00674554317453592,0.1,0.006,1,0,33
1144.125,0,3061.0084533691406,0,0,-3061.0084533691406,0,0.0067458841723875285,0.1,0.0072,1,0,33
1144.25,0,3061.0122680664062,0,0.030517578125,-3061.0122680664062,0,0.0067457882479590864,0.1,0.0068,1,0,33
1144.375,0,3061.004638671875,0,-0.06103515625,-3061.004638671875,0,0.0067469836267056577,0.1,0.0064,1,0,33
1144.5,0,3061.0122680664062,0,0.06103515625,-3061.0122680664062,0,0.0067464387975813417,0.1,0.0058,1,0,33
1144.625,0,3061.0084533691406,0,-0.030517578125,-3061.0084533691406,0,0.0067471914788818921,0.1,0.0062,1,0,33
1144.75,0,3061.004638671875,0,-0.030517578125,-3061.004638671875,0,0.0067479322855112517,0.1,0.0058,1,0,33
1144.875,0,3061.0084533691406,0,0.030517578125,-3061.0084533691406,0,0.0067478003181319079,0.1,0.0062,1,0,33
1145,0,3061.0122680664062,0,0.030517578125,-3061.0122680664062,0,0.0067476686450476941,0.1,0.0062,1,0,33
1145.125,0,3061.0122680664062,0,0,-3061.0122680664062,0,0.0067479678212069988,0.1,0.0066,1,0,33
1145.25,0,3061.0122680664062,0,0,-3061.0122680664062,0,0.0067482614157733795,0.1,0.0052,1,0,33
1145.375,0,3061.0084533691406,0,-0.030517578125,-3061.0084533691406,0,0.0067489800933189792,0.1,0.0072,1,0,33
1145.5,0,3061.004638671875,0,-0.030517578125,-3061.004638671875,0,0.0067496875305858989,0.1,0.0058,1,0,33
1145.625,0,3061.0084533691406,0,0.030517578125,-3061.0084533691406,0,0.0067495228164010657,0.1,0.0058,1,0,33
1145.75,0,3061.0084533691406,0,0,-3061.0084533691406,0,0.0067497895678924752,0.1,0.0066,1,0,33
1145.875,0,3061.0084533691406,0,0,-3061.0084533691406,0,0.0067500513427231762,0.1,0.0068,1,0,33
1146,0,3061.0122680664062,0,0.030517578125,-3061.0122680664062,0,0.0067498776733015409,0.1,0.0072,1,0,33
1146.125,0,3061.0122680664062,0,0,-3061.0122680664062,0,0.0067501356366299059,0.1,0.007,1,0,33
1146.25,0,3061.0084533691406,0,-0.030517578125,-3061.0084533691406,0,0.0067508193476932127,0.1,0.0062,1,0,33
1146.375,0,3061.004638671875,0,-0.030517578125,-3061.004638671875,0,0.0067514924708315383,0.1,0.0064,1,0,33
1146.5,0,3061.0122680664062,0,0.06103515625,-3061.0122680664062,0,0.0067508635222622154,0.1,0.0068,1,0,33
1146.625,0,3061.0084533691406,0,-0.030517578125,-3061.0084533691406,0,0.006751533653495817,0.1,0.0058,1,0,33
1146.75,0,3061.0084533691406,0,0,-3061.0084533691406,0,0.0067517628897181964,0.1,0.0062,1,0,33
1146.875,0,3061.004638671875,0,-0.030517578125,-3061.004638671875,0,0.0067524184096240114,0.1,0.0066,1,0,33
1147,0,3061.0084533691406,0,0.030517578125,-3061.0084533691406,0,0.0067522027466765527,0.1,0.006,1,0,33
1147.125,0,3061.004638671875,0,-0.030517578125,-3061.004638671875,0,0.0067528500603720454,0.1,0.0058,1,0,33
1147.25,0,3061.0122680664062,0,0.06103515625,-3061.0122680664062,0,0.00675219578387487,0.1,0.0064,1,0,33
1147.375,0,3061.0122680664062,0,0,-3061.0122680664062,0,0.0067524104992732759,0.1,0.0072,1,0,33
1147.5,0,3061.004638671875,0,-0.06103515625,-3061.004638671875,0,0.0067534823297024232,0.1,0.0062,1,0,33
1147.625,0,3061.0084533691406,0,0.030517578125,-3061.0084533691406,0,0.0067532468176841193,0.1,0.006,1,0,33
1147.75,0,3061.004638671875,0,-0.030517578125,-3061.004638671875,0,0.0067538746526237953,0.1,0.0072,1,0,33
1147.875,0,3061.0160827636719,0,0.091552734375,-3061.0160827636719,0,0.00675277070033814,0.1,0.0058,1,0,33
1148,0,3061.0084533691406,0,-0.06103515625,-3061.0084533691406,0,0.0067538336429005946,0.1,0.0068,1,0,33
1148.125,0,3061.0122680664062,0,0.030517578125,-3061.0122680664062,0,0.0067535894088324722,0.1,0.0058,1,0,33
1148.25,0,3061.004638671875,0,-0.06103515625,-3061.004638671875,0,0.00675463924488455,0.1,0.007,1,0,33
1148.375,0,3061.004638671875,0,0,-3061.004638671875,0,0.00675481270926713,0.1,0.0064,1,0,33
1148.5,0,3061.0160827636719,0,0.091552734375,-3061.0160827636719,0,0.006753691256087227,0.1,0.0064,1,0,33
1148.625,0,3061.0122680664062,0,-0.030517578125,-3061.0122680664062,0,0.0067543064638227179,0.1,0.0062,1,0,33
1148.75,0,3061.0084533691406,0,-0.030517578125,-3061.0084533691406,0,0.0067549123616685164,0.1,0.006,1,0,33
1148.875,0,3061.0122680664062,0,0.030517578125,-3061.0122680664062,0,0.00675464800243715,0.1,0.0056,1,0,33
1149,0,3061.0122680664062,0,0,-3061.0122680664062,0,0.0067548169679141346,0.1,0.0064,1,0,33
1149.125,0,3061.0084533691406,0,-0.030517578125,-3061.0084533691406,0,0.0067554133415183154,0.1,0.006,1,0,33
1149.25,0,3061.0084533691406,0,0,-3061.0084533691406,0,0.0067555701961736769,0.1,0.0066,1,0,33
1149.375,0,3061.0122680664062,0,0.030517578125,-3061.0122680664062,0,0.0067552935640244754,0.1,0.0064,1,0,33
1149.5,0,3061.0122680664062,0,0,-3061.0122680664062,0,0.0067554504855538433,0.1,0.0064,1,0,33
1149.625,0,3061.0160827636719,0,0.030517578125,-3061.0160827636719,0,0.0067551739190310073,0.1,0.0054,1,0,33
1149.75,0,3061.0122680664062,0,-0.030517578125,-3061.0122680664062,0,0.0067557614654013,0.1,0.0062,1,0,33
1149.875,0,3061.0160827636719,0,0.030517578125,-3061.0160827636719,0,0.0067554790970695278,0.1,0.006,1,0,33
1150,0,3061.0122680664062,0,-0.030517578125,-3061.0122680664062,0,0.0067560609498725777,0.1,0.006,1,0,33
1150.125,0,3061.0084533691406,0,-0.030517578125,-3061.0084533691406,0,0.00675663411507367,0.1,0.0062,1,0,33
1150.25,0,3061.0084533691406,0,0,-3061.0084533691406,0,0.0067567681943145053,0.1,0.0062,1,0,33
1150.375,0,3061.0122680664062,0,0.030517578125,-3061.0122680664062,0,0.0067564692116612868,0.1,0.0046,1,0,33
1150.5,0,3061.0084533691406,0,-0.030517578125,-3061.0084533691406,0,0.0067570347601086933,0.1,0.008,1,0,33
1150.625,0,3061.0084533691406,0,0,-3061.0084533691406,0,0.0067571613646981443,0.1,0.0062,1,0,33
1150.75,0,3061.0122680664062,0,0.030517578125,-3061.0122680664062,0,0.0067568550468447008,0.1,0.0056,1,0,33
1150.875,0,3061.0160827636719,0,0.030517578125,-3061.0160827636719,0,0.0067565522760635321,0.1,0.0068,1,0,33
1151,0,3061.0122680664062,0,-0.030517578125,-3061.0122680664062,0,0.0067571141070563723,0.1,0.0056,1,0,33
1151.125,0,3061.0122680664062,0,0,-3061.0122680664062,0,0.0067572370635460982,0.1,0.0062,1,0,33
1151.25,0,3061.004638671875,0,-0.06103515625,-3061.004638671875,0,0.0067582188469706012,0.1,0.0062,1,0,33
1151.375,0,3061.0084533691406,0,0.030517578125,-3061.0084533691406,0,0.006757894967913472,0.1,0.006,1,0,33
1151.5,0,3061.0122680664062,0,0.030517578125,-3061.0122680664062,0,0.0067575749635599841,0.1,0.0068,1,0,33
1151.625,0,3061.0122680664062,0,0,-3061.0122680664062,0,0.0067576893220604589,0.1,0.0058,1,0,33
1151.75,0,3061.0160827636719,0,0.030517578125,-3061.0160827636719,0,0.0067573709865877268,0.1,0.006,1,0,33
1151.875,0,3061.0160827636719,0,0,-3061.0160827636719,0,0.0067574869828334189,0.1,0.0068,1,0,33
1152,0,3061.0122680664062,0,-0.030517578125,-3061.0122680664062,0,0.0067580313754290605,0.1,0.0058,1,0,33
1152.125,0,3061.0084533691406,0,-0.030517578125,-3061.0084533691406,0,0.0067585677793007282,0.1,0.0068,1,0,33
1152.25,0,3061.0122680664062,0,0.030517578125,-3061.0122680664062,0,0.0067582352226125547,0.1,0.0054,1,0,33
1152.375,0,3061.0122680664062,0,0,-3061.0122680664062,0,0.0067583372629615307,0.1,0.0064,1,0,33
1152.5,0,3061.0084533691406,0,-0.030517578125,-3061.0084533691406,0,0.0067588679600292384,0.1,0.0066,1,0,33
1152.625,0,3061.0160827636719,0,0.06103515625,-3061.0160827636719,0,0.0067580992425674419,0.1,0.007,1,0,33
1152.75,0,3061.0160827636719,0,0,-3061.0160827636719,0,0.0067582016520740251,0.1,0.0068,1,0,33
1152.875,0,3061.0122680664062,0,-0.030517578125,-3061.0122680664062,0,0.0067587327114121409,0.1,0.0054,1,0,33
1153,0,3061.0122680664062,0,0,-3061.0122680664062,0,0.00675882547033986,0.1,0.0062,1,0,33
1153.125,0,3061.0084533691406,0,-0.030517578125,-3061.0084533691406,0,0.0067593470591455485,0.1,0.0072,1,0,33
1153.25,0,3061.004638671875,0,-0.030517578125,-3061.004638671875,0,0.00675986108466714,0.1,0.0068,1,0,33
1153.375,0,3061.0122680664062,0,0.06103515625,-3061.0122680664062,0,0.0067590760066926492,0.1,0.0056,1,0,33
1153.5,0,3061.004638671875,0,-0.06103515625,-3061.004638671875,0,0.0067600234817949689,0.1,0.0068,1,0,33
1153.625,0,3061.0084533691406,0,0.030517578125,-3061.0084533691406,0,0.0067596659344903581,0.1,0.0068,1,0,33
1153.75,0,3061.0084533691406,0,0,-3061.0084533691406,0,0.0067597434504614168,0.1,0.0048,1,0,33
1153.875,0,3061.0160827636719,0,0.06103515625,-3061.0160827636719,0,0.0067589583993745844,0.1,0.007,1,0,33
1154,0,3061.0122680664062,0,-0.030517578125,-3061.0122680664062,0,0.0067594753404240232,0.1,0.0052,1,0,33
1154.125,0,3061.004638671875,0,-0.06103515625,-3061.004638671875,0,0.0067604153653393617,0.1,0.0058,1,0,33
1154.25,0,3061.0084533691406,0,0.030517578125,-3061.0084533691406,0,0.0067600505068425021,0.1,0.007,1,0,33
1154.375,0,3061.0122680664062,0,0.030517578125,-3061.0122680664062,0,0.0067596902875839554,0.1,0.0064,1,0,33
1154.5,0,3061.0084533691406,0,-0.030517578125,-3061.0084533691406,0,0.0067601957418894076,0.1,0.0072,1,0,33
1154.625,0,3061.0122680664062,0,0.030517578125,-3061.0122680664062,0,0.0067598328130469426,0.1,0.0056,1,0,33
1154.75,0,3061.0122680664062,0,0,-3061.0122680664062,0,0.0067599050478810291,0.1,0.0066,1,0,33
1154.875,0,3061.0122680664062,0,0,-3061.0122680664062,0,0.00675997593506282,0.1,0.0058,1,0,33
1155,0,3061.0122680664062,0,0,-3061.0122680664062,0,0.006760045499734843,0.1,0.006,1,0,33
1155.125,0,3061.0122680664062,0,0,-3061.0122680664062,0,0.0067601137665705552,0.1,0.0076,1,0,33
1155.25,0,3061.0122680664062,0,0,-3061.0122680664062,0,0.0067601807597831021,0.1,0.0064,1,0,33
1155.375,0,3061.0122680664062,0,0,-3061.0122680664062,0,0.0067602465031338932,0.1,0.007,1,0,33
1155.5,0,3061.0122680664062,0,0,-3061.0122680664062,0,0.006760311019941026,0.1,0.006,1,0,33
1155.625,0,3061.0122680664062,0,0,-3061.0122680664062,0,0.0067603743330875571,0.1,0.007,1,0,33
1155.75,0,3061.0122680664062,0,0,-3061.0122680664062,0,0.0067604364650296345,0.1,0.0068,1,0,33
1155.875,0,3061.0122680664062,0,0,-3061.0122680664062,0,0.0067604974378044635,0.1,0.0066,1,0,33
1156,0,3061.0122680664062,0,0,-3061.0122680664062,0,0.0067605572730380786,0.1,0.0048,1,0,33
1156.125,0,3061.0122680664062,0,0,-3061.0122680664062,0,0.0067606159919530867,0.1,0.006,1,0,33
1156.25,0,3061.0160827636719,0,0.030517578125,-3061.0160827636719,0,0.0067602430549372067,0.1,0.0076,1,0,33
1156.375,0,3061.0160827636719,0,0,-3061.0160827636719,0,0.006760305468315797,0.1,0.0062,1,0,33
1156.5,0,3061.0160827636719,0,0,-3061.0160827636719,0,0.006760366717276492,0.1,0.0058,1,0,33
1156.625,0,3061.0122680664062,0,-0.030517578125,-3061.0122680664062,0,0.00676085738398223,0.1,0.0068,1,0,33
1156.75,0,3061.0084533691406,0,-0.030517578125,-3061.0084533691406,0,0.0067613410643033584,0.1,0.0062,1,0,33
1156.875,0,3061.0084533691406,0,0,-3061.0084533691406,0,0.0067613873281427705,0.1,0.006,1,0,33
1157,0,3061.004638671875,0,-0.030517578125,-3061.004638671875,0,0.0067618632892977731,0.1,0.0062,1,0,33
1157.125,0,3061.0084533691406,0,0.030517578125,-3061.0084533691406,0,0.0067614714175451007,0.1,0.0068,1,0,33
1157.25,0,3061.004638671875,0,-0.030517578125,-3061.004638671875,0,0.0067619458098825413,0.1,0.0062,1,0,33
1157.375,0,3061.004638671875,0,0,-3061.004638671875,0,0.0067619829590199187,0.1,0.0058,1,0,33
1157.5,0,3061.004638671875,0,0,-3061.004638671875,0,0.0067620194150828233,0.1,0.0054,1,0,33
1157.625,0,3061.004638671875,0,0,-3061.004638671875,0,0.0067620551910016063,0.1,0.0058,1,0,33
1157.75,0,3061.0084533691406,0,0.030517578125,-3061.0084533691406,0,0.00676165973902651,0.1,0.005,1,0,33
1157.875,0,3061.004638671875,0,-0.030517578125,-3061.004638671875,0,0.00676213061793611,0.1,0.0076,1,0,33
1158,0,3061.0084533691406,0,0.030517578125,-3061.0084533691406,0,0.0067617337587551479,0.1,0.0068,1,0,33
1158.125,0,3061.0084533691406,0,0,-3061.0084533691406,0,0.0067617726962735658,0.1,0.0068,1,0,33
1158.25,0,3061.004638671875,0,-0.030517578125,-3061.004638671875,0,0.006762241467791405,0.1,0.007,1,0,33
1158.375,0,3061.004638671875,0,0,-3061.004638671875,0,0.0067622731009742559,0.1,0.0064,1,0,33
1158.5,0,3061.004638671875,0,0,-3061.004638671875,0,0.00676230414399126,0.1,0.006,1,0,33
1158.625,0,3061.004638671875,0,0,-3061.004638671875,0,0.0067623346078528879,0.1,0.0056,1,0,33
1158.75,0,3061.004638671875,0,0,-3061.004638671875,0,0.0067623645033641627,0.1,0.0062,1,0,33
1158.875,0,3061.0008239746094,0,-0.030517578125,-3061.0008239746094,0,0.0067628244015674466,0.1,0.0066,1,0,33
1159,0,3061.004638671875,0,0.030517578125,-3061.004638671875,0,0.0067624167665422535,0.1,0.007,1,0,33
1159.125,0,3061.004638671875,0,0,-3061.004638671875,0,0.0067624451292563892,0.1,0.0066,1,0,33
1159.25,0,3061.004638671875,0,0,-3061.004638671875,0,0.0067624729628203289,0.1,0.0064,1,0,33
1159.375,0,3061.004638671875,0,0,-3061.004638671875,0,0.006762500277106176,0.1,0.0066,1,0,33
1159.5,0,3061.004638671875,0,0,-3061.004638671875,0,0.0067625270818018751,0.1,0.006,1,0,33
1159.625,0,3061.004638671875,0,0,-3061.004638671875,0,0.0067625533864146131,0.1,0.0074,1,0,33
1159.75,0,3061.004638671875,0,0,-3061.004638671875,0,0.0067625792002742047,0.1,0.006,1,0,33
1159.875,0,3061.0084533691406,0,0.030517578125,-3061.0084533691406,0,0.006762173972097496,0.1,0.0068,1,0,33
1160,0,3061.0084533691406,0,0,-3061.0084533691406,0,0.0067622046967567018,0.1,0.0064,1,0,33
1160.125,0,3061.004638671875,0,-0.030517578125,-3061.004638671875,0,0.0067626654086388877,0.1,0.0064,1,0,33
1160.25,0,3061.004638671875,0,0,-3061.004638671875,0,0.0067626891325510141,0.1,0.0068,1,0,33
1160.375,0,3061.0122680664062,0,0.06103515625,-3061.0122680664062,0,0.0067618512929791263,0.1,0.0064,1,0,33
1160.5,0,3061.0160827636719,0,0.030517578125,-3061.0160827636719,0,0.0067614553095163427,0.1,0.0056,1,0,33
1160.625,0,3061.0084533691406,0,-0.06103515625,-3061.0084533691406,0,0.00676235622729289,0.1,0.0058,1,0,33
1160.75,0,3061.0084533691406,0,0,-3061.0084533691406,0,0.0067623835517001685,0.1,0.0064,1,0,33
1160.875,0,3061.0122680664062,0,0.030517578125,-3061.0122680664062,0,0.0067619798058895508,0.1,0.0068,1,0,33
1161,0,3061.0122680664062,0,0,-3061.0122680664062,0,0.0067620119852590255,0.1,0.0056,1,0,33
1161.125,0,3061.0084533691406,0,-0.030517578125,-3061.0084533691406,0,0.0067624741247116066,0.1,0.0066,1,0,33
1161.25,0,3061.0084533691406,0,0,-3061.0084533691406,0,0.0067624992495606134,0.1,0.006,1,0,33
1161.375,0,3061.0084533691406,0,0,-3061.0084533691406,0,0.0067625239056667841,0.1,0.0064,1,0,33
1161.5,0,3061.0122680664062,0,0.030517578125,-3061.0122680664062,0,0.0067621175413363349,0.1,0.0074,1,0,33
1161.625,0,3061.0084533691406,0,-0.030517578125,-3061.0084533691406,0,0.0067625777114774105,0.1,0.0066,1,0,33
1161.75,0,3061.0122680664062,0,0.030517578125,-3061.0122680664062,0,0.00676217034331654,0.1,0.0062,1,0,33
1161.875,0,3061.0084533691406,0,-0.030517578125,-3061.0084533691406,0,0.006762629528355199,0.1,0.0058,1,0,33
1162,0,3061.0122680664062,0,0.030517578125,-3061.0122680664062,0,0.0067622211934705023,0.1,0.0064,1,0,33
1162.125,0,3061.0084533691406,0,-0.030517578125,-3061.0084533691406,0,0.0067626794298210613,0.1,0.0052,1,0,33
1162.25,0,3061.0084533691406,0,0,-3061.0084533691406,0,0.0067627007243864362,0.1,0.0062,1,0,33
1162.375,0,3061.0084533691406,0,0,-3061.0084533691406,0,0.0067627216216688268,0.1,0.007,1,0,33
1162.5,0,3061.0084533691406,0,0,-3061.0084533691406,0,0.0067627421290801654,0.1,0.006,1,0,33
1162.625,0,3061.0122680664062,0,0.030517578125,-3061.0122680664062,0,0.0067623316934551925,0.1,0.0058,1,0,33
1162.75,0,3061.0084533691406,0,-0.030517578125,-3061.0084533691406,0,0.0067627878682580272,0.1,0.0054,1,0,33
1162.875,0,3061.0084533691406,0,0,-3061.0084533691406,0,0.0067628071397370232,0.1,0.0072,1,0,33
1163,0,3061.0084533691406,0,0,-3061.0084533691406,0,0.006762826051676829,0.1,0.0062,1,0,33
1163.125,0,3061.0122680664062,0,0.030517578125,-3061.0122680664062,0,0.0067624140503463048,0.1,0.0066,1,0,33
1163.25,0,3061.0122680664062,0,0,-3061.0122680664062,0,0.0067624381282153229,0.1,0.0056,1,0,33
1163.375,0,3061.0160827636719,0,0.030517578125,-3061.0160827636719,0,0.0067620311964356333,0.1,0.0068,1,0,33
1163.5,0,3061.0160827636719,0,0,-3061.0160827636719,0,0.0067620602492751841,0.1,0.0058,1,0,33
1163.625,0,3061.0084533691406,0,-0.06103515625,-3061.0084533691406,0,0.0067629498809670119,0.1,0.007,1,0,33
1163.75,0,3061.0122680664062,0,0.030517578125,-3061.0122680664062,0,0.0067625355694099915,0.1,0.0064,1,0,33
1163.875,0,3061.0122680664062,0,0,-3061.0122680664062,0,0.0067625573801533556,0.1,0.0066,1,0,33
1164,0,3061.0084533691406,0,-0.030517578125,-3061.0084533691406,0,0.00676300934442256,0.1,0.0056,1,0,33
1164.125,0,3061.0160827636719,0,0.06103515625,-3061.0160827636719,0,0.00676216336304411,0.1,0.0052,1,0,33
1164.25,0,3061.0084533691406,0,-0.06103515625,-3061.0084533691406,0,0.0067630510709894565,0.1,0.0066,1,0,33
1164.375,0,3061.0122680664062,0,0.030517578125,-3061.0122680664062,0,0.0067626348715764117,0.1,0.0066,1,0,33
1164.5,0,3061.0084533691406,0,-0.030517578125,-3061.0084533691406,0,0.0067630853901235327,0.1,0.0068,1,0,33
1164.625,0,3061.0160827636719,0,0.06103515625,-3061.0160827636719,0,0.0067622379899951734,0.1,0.0062,1,0,33
1164.75,0,3061.004638671875,0,-0.091552734375,-3061.004638671875,0,0.0067635548660985034,0.1,0.0072,1,0,33
1164.875,0,3061.004638671875,0,0,-3061.004638671875,0,0.0067635619958091586,0.1,0.0056,1,0,33
1165,0,3061.004638671875,0,0,-3061.004638671875,0,0.0067635689925040626,0.1,0.0072,1,0,33
1165.125,0,3061.0084533691406,0,0.030517578125,-3061.0084533691406,0,0.0067631452982259005,0.1,0.0054,1,0,33
1165.25,0,3061.0084533691406,0,0,-3061.0084533691406,0,0.0067631579012972648,0.1,0.0064,1,0,33
1165.375,0,3061.0084533691406,0,0,-3061.0084533691406,0,0.006763170269238894,0.1,0.007,1,0,33
1165.5,0,3061.0084533691406,0,0,-3061.0084533691406,0,0.0067631824064374874,0.1,0.0064,1,0,33
1165.625,0,3061.0122680664062,0,0.030517578125,-3061.0122680664062,0,0.0067627637567589938,0.1,0.006,1,0,33
1165.75,0,3061.0084533691406,0,-0.030517578125,-3061.0084533691406,0,0.0067632118707541544,0.1,0.0054,1,0,33
1165.875,0,3061.0122680664062,0,0.030517578125,-3061.0122680664062,0,0.0067627926713733633,0.1,0.0064,1,0,33
1166,0,3061.0084533691406,0,-0.030517578125,-3061.0084533691406,0,0.0067632402459217728,0.1,0.0064,1,0,33
1166.125,0,3061.004638671875,0,-0.030517578125,-3061.004638671875,0,0.00676368163803627,0.1,0.0066,1,0,33
1166.25,0,3061.0084533691406,0,0.030517578125,-3061.0084533691406,0,0.0067632558421818756,0.1,0.006,1,0,33
1166.375,0,3061.004638671875,0,-0.030517578125,-3061.004638671875,0,0.0067636969433240712,0.1,0.0062,1,0,33
1166.5,0,3061.0122680664062,0,0.06103515625,-3061.0122680664062,0,0.0067628403014870081,0.1,0.0072,1,0,33
1166.625,0,3061.0122680664062,0,0,-3061.0122680664062,0,0.0067628564269832242,0.1,0.0066,1,0,33
1166.75,0,3061.0122680664062,0,0,-3061.0122680664062,0,0.0067628722516334255,0.1,0.0058,1,0,33
1166.875,0,3061.0084533691406,0,-0.030517578125,-3061.0084533691406,0,0.0067633183414892717,0.1,0.0066,1,0,33
1167,0,3061.0084533691406,0,0,-3061.0084533691406,0,0.0067633277161715383,0.1,0.0068,1,0,33
1167.125,0,3061.0122680664062,0,0.030517578125,-3061.0122680664062,0,0.0067629063555157271,0.1,0.006,1,0,33
1167.25,0,3061.004638671875,0,-0.06103515625,-3061.004638671875,0,0.0067637823695499422,0.1,0.0056,1,0,33
1167.375,0,3061.0122680664062,0,0.06103515625,-3061.0122680664062,0,0.0067629241339548091,0.1,0.0062,1,0,33
1167.5,0,3061.004638671875,0,-0.06103515625,-3061.004638671875,0,0.0067637998163048024,0.1,0.006,1,0,33
1167.625,0,3061.0084533691406,0,0.030517578125,-3061.0084533691406,0,0.0067633718156524525,0.1,0.0058,1,0,33
1167.75,0,3061.0084533691406,0,0,-3061.0084533691406,0,0.0067633801926916814,0.1,0.0066,1,0,33
1167.875,0,3061.0122680664062,0,0.030517578125,-3061.0122680664062,0,0.0067629578530054024,0.1,0.0054,1,0,33
1168,0,3061.0084533691406,0,-0.030517578125,-3061.0084533691406,0,0.0067634023458355563,0.1,0.0066,1,0,33
1168.125,0,3061.004638671875,0,-0.030517578125,-3061.004638671875,0,0.0067638407137260159,0.1,0.0062,1,0,33
1168.25,0,3061.004638671875,0,0,-3061.004638671875,0,0.0067638425105080724,0.1,0.0062,1,0,33
1168.375,0,3061.0122680664062,0,0.06103515625,-3061.0122680664062,0,0.0067629831528905615,0.1,0.0064,1,0,33
1168.5,0,3061.0084533691406,0,-0.030517578125,-3061.0084533691406,0,0.0067634271737123247,0.1,0.0068,1,0,33
1168.625,0,3061.0122680664062,0,0.030517578125,-3061.0122680664062,0,0.0067630039575226064,0.1,0.0062,1,0,33
1168.75,0,3061.0122680664062,0,0,-3061.0122680664062,0,0.0067630170297629383,0.1,0.0066,1,0,33
1168.875,0,3061.0122680664062,0,0,-3061.0122680664062,0,0.0067630298581204534,0.1,0.006,1,0,33
1169,0,3061.0084533691406,0,-0.030517578125,-3061.0084533691406,0,0.0067634730075840782,0.1,0.0056,1,0,33
1169.125,0,3061.0122680664062,0,0.030517578125,-3061.0122680664062,0,0.0067630489362927593,0.1,0.0054,1,0,33
1169.25,0,3061.0122680664062,0,0,-3061.0122680664062,0,0.0067630611693847292,0.1,0.006,1,0,33
1169.375,0,3061.0122680664062,0,0,-3061.0122680664062,0,0.0067630731742494843,0.1,0.006,1,0,33
1169.5,0,3061.0122680664062,0,0,-3061.0122680664062,0,0.0067630849551449657,0.1,0.0058,1,0,33
1169.625,0,3061.0084533691406,0,-0.030517578125,-3061.0084533691406,0,0.0067635270766885774,0.1,0.0062,1,0,33
1169.75,0,3061.0122680664062,0,0.030517578125,-3061.0122680664062,0,0.006763101996654669,0.1,0.0062,1,0,33
1169.875,0,3061.0084533691406,0,-0.030517578125,-3061.0084533691406,0,0.0067635438002626169,0.1,0.006,1,0,33
1170,0,3061.0084533691406,0,0,-3061.0084533691406,0,0.0067635489686635464,0.1,0.0058,1,0,33
1170.125,0,3061.0160827636719,0,0.06103515625,-3061.0160827636719,0,0.006762692919762156,0.1,0.0066,1,0,33
1170.25,0,3061.0160827636719,0,0,-3061.0160827636719,0,0.0067627096271319215,0.1,0.0078,1,0,33
1170.375,0,3061.0084533691406,0,-0.06103515625,-3061.0084533691406,0,0.0067635871436777378,0.1,0.0056,1,0,33
1170.5,0,3061.0160827636719,0,0.06103515625,-3061.0160827636719,0,0.0067627303825625457,0.1,0.0066,1,0,33
1170.625,0,3061.0084533691406,0,-0.06103515625,-3061.0084533691406,0,0.0067636075118837763,0.1,0.0066,1,0,33
1170.75,0,3061.0122680664062,0,0.030517578125,-3061.0122680664062,0,0.0067631809312071745,0.1,0.0068,1,0,33
1170.875,0,3061.0122680664062,0,0,-3061.0122680664062,0,0.006763190701730315,0.1,0.007,1,0,33
1171,0,3061.0084533691406,0,-0.030517578125,-3061.0084533691406,0,0.0067636308504081949,0.1,0.0064,1,0,33
1171.125,0,3061.0084533691406,0,0,-3061.0084533691406,0,0.006763634394754317,0.1,0.0074,1,0,33
1171.25,0,3061.0084533691406,0,0,-3061.0084533691406,0,0.006763637872975195,0.1,0.0058,1,0,33
1171.375,0,3061.0122680664062,0,0.030517578125,-3061.0122680664062,0,0.0067632107258655816,0.1,0.006,1,0,33
1171.5,0,3061.0008239746094,0,-0.091552734375,-3061.0008239746094,0,0.0067645116218401358,0.1,0.0058,1,0,33
1171.625,0,3061.0084533691406,0,0.06103515625,-3061.0084533691406,0,0.0067636419486782062,0.1,0.0062,1,0,33
1171.75,0,3061.0084533691406,0,0,-3061.0084533691406,0,0.0067636452859689833,0.1,0.006,1,0,33
1171.875,0,3061.0084533691406,0,0,-3061.0084533691406,0,0.0067636485609974539,0.1,0.0058,1,0,33
1172,0,3061.004638671875,0,-0.030517578125,-3061.004638671875,0,0.0067640823353641161,0.1,0.0062,1,0,33
1172.125,0,3061.0122680664062,0,0.06103515625,-3061.0122680664062,0,0.00676321850344383,0.1,0.006,1,0,33
1172.25,0,3061.0084533691406,0,-0.030517578125,-3061.0084533691406,0,0.006763658133437836,0.1,0.0058,1,0,33
1172.375,0,3061.0084533691406,0,0,-3061.0084533691406,0,0.006763661168776941,0.1,0.0078,1,0,33
1172.5,0,3061.0084533691406,0,0,-3061.0084533691406,0,0.0067636641474871084,0.1,0.0066,1,0,33
1172.625,0,3061.0084533691406,0,0,-3061.0084533691406,0,0.00676366707062484,0.1,0.005,1,0,33
1172.75,0,3061.0122680664062,0,0.030517578125,-3061.0122680664062,0,0.0067632393787880191,0.1,0.0054,1,0,33
1172.875,0,3061.0084533691406,0,-0.030517578125,-3061.0084533691406,0,0.0067636786193202708,0.1,0.007,1,0,33
1173,0,3061.0122680664062,0,0.030517578125,-3061.0122680664062,0,0.0067632507120247154,0.1,0.0068,1,0,33
1173.125,0,3061.004638671875,0,-0.06103515625,-3061.004638671875,0,0.0067641203015568613,0.1,0.0054,1,0,33
1173.25,0,3061.0122680664062,0,0.06103515625,-3061.0122680664062,0,0.0067632557613186567,0.1,0.007,1,0,33
1173.375,0,3061.0122680664062,0,0,-3061.0122680664062,0,0.0067632641357705942,0.1,0.006,1,0,33
1173.5,0,3061.0122680664062,0,0,-3061.0122680664062,0,0.0067632723539842177,0.1,0.0062,1,0,33
1173.625,0,3061.0122680664062,0,0,-3061.0122680664062,0,0.0067632804188743761,0.1,0.0068,1,0,33
1173.75,0,3061.0084533691406,0,-0.030517578125,-3061.0084533691406,0,0.0067637188937404863,0.1,0.0066,1,0,33
1173.875,0,3061.0160827636719,0,0.06103515625,-3061.0160827636719,0,0.0067628596746245606,0.1,0.0076,1,0,33
1174,0,3061.004638671875,0,-0.091552734375,-3061.004638671875,0,0.0067641649522417746,0.1,0.0078,1,0,33
1174.125,0,3061.0084533691406,0,0.030517578125,-3061.0084533691406,0,0.0067637301394150584,0.1,0.0072,1,0,33
1174.25,0,3061.0084533691406,0,0,-3061.0084533691406,0,0.00676373183137155,0.1,0.0074,1,0,33
1174.375,0,3061.0122680664062,0,0.030517578125,-3061.0122680664062,0,0.0067633029313230592,0.1,0.0054,1,0,33
1174.5,0,3061.004638671875,0,-0.06103515625,-3061.004638671875,0,0.0067641715466236069,0.1,0.006,1,0,33
1174.625,0,3061.0084533691406,0,0.030517578125,-3061.0084533691406,0,0.0067637366107685115,0.1,0.0048,1,0,33
1174.75,0,3061.0122680664062,0,0.030517578125,-3061.0122680664062,0,0.006763307621553,0.1,0.0062,1,0,33
1174.875,0,3061.0084533691406,0,-0.030517578125,-3061.0084533691406,0,0.0067637455889111575,0.1,0.0064,1,0,33
1175,0,3061.0084533691406,0,0,-3061.0084533691406,0,0.0067637469926334487,0.1,0.0058,1,0,33
1175.125,0,3061.0122680664062,0,0.030517578125,-3061.0122680664062,0,0.00676331780972822,0.1,0.0066,1,0,33
1175.25,0,3061.0008239746094,0,-0.091552734375,-3061.0008239746094,0,0.0067646167078880687,0.1,0.0056,1,0,33
1175.375,0,3061.0122680664062,0,0.091552734375,-3061.0122680664062,0,0.0067633145137448447,0.1,0.006,1,0,33
1175.5,0,3061.0084533691406,0,-0.030517578125,-3061.0084533691406,0,0.0067637523525185261,0.1,0.0056,1,0,33
1175.625,0,3061.0084533691406,0,0,-3061.0084533691406,0,0.0067637536300552831,0.1,0.0056,1,0,33
1175.75,0,3061.0084533691406,0,0,-3061.0084533691406,0,0.0067637548837576333,0.1,0.0058,1,0,33
1175.875,0,3061.0122680664062,0,0.030517578125,-3061.0122680664062,0,0.0067633255536313081,0.1,0.0062,1,0,33
1176,0,3061.0084533691406,0,-0.030517578125,-3061.0084533691406,0,0.00676376318643887,0.1,0.0064,1,0,33
1176.125,0,3061.0084533691406,0,0,-3061.0084533691406,0,0.0067637642618521288,0.1,0.0066,1,0,33
1176.25,0,3061.004638671875,0,-0.030517578125,-3061.004638671875,0,0.0067641958776408079,0.1,0.0068,1,0,33
1176.375,0,3061.0084533691406,0,0.030517578125,-3061.0084533691406,0,0.0067637604878530433,0.1,0.0062,1,0,33
1176.5,0,3061.0122680664062,0,0.030517578125,-3061.0122680664062,0,0.0067633310531736712,0.1,0.005,1,0,33
1176.625,0,3061.0160827636719,0,0.030517578125,-3061.0160827636719,0,0.0067629074625009528,0.1,0.0064,1,0,33
1176.75,0,3061.0160827636719,0,0,-3061.0160827636719,0,0.0067629201672448486,0.1,0.006,1,0,33
1176.875,0,3061.0122680664062,0,-0.030517578125,-3061.0122680664062,0,0.0067633631954010509,0.1,0.0068,1,0,33
1177,0,3061.0084533691406,0,-0.030517578125,-3061.0084533691406,0,0.0067638001259433117,0.1,0.0074,1,0,33
1177.125,0,3061.0122680664062,0,0.030517578125,-3061.0122680664062,0,0.0067633699517541945,0.1,0.0052,1,0,33
1177.25,0,3061.0084533691406,0,-0.030517578125,-3061.0084533691406,0,0.0067638067562462573,0.1,0.0068,1,0,33
1177.375,0,3061.0122680664062,0,0.030517578125,-3061.0122680664062,0,0.0067633764583586164,0.1,0.0066,1,0,33
1177.5,0,3061.0084533691406,0,-0.030517578125,-3061.0084533691406,0,0.0067638131414599345,0.1,0.0064,1,0,33
1177.625,0,3061.0160827636719,0,0.06103515625,-3061.0160827636719,0,0.0067629521640073659,0.1,0.0068,1,0,33
1177.75,0,3061.0122680664062,0,-0.030517578125,-3061.0122680664062,0,0.0067633945952145919,0.1,0.0068,1,0,33
1177.875,0,3061.0160827636719,0,0.030517578125,-3061.0160827636719,0,0.006762969819067044,0.1,0.0056,1,0,33
1178,0,3061.0122680664062,0,-0.030517578125,-3061.0122680664062,0,0.0067634119208918875,0.1,0.007,1,0,33
1178.125,0,3061.0084533691406,0,-0.030517578125,-3061.0084533691406,0,0.0067638479423849235,0.1,0.0074,1,0,33
1178.25,0,3061.0084533691406,0,0,-3061.0084533691406,0,0.00676384743654522,0.1,0.006,1,0,33
1178.375,0,3061.0084533691406,0,0,-3061.0084533691406,0,0.0067638469401427315,0.1,0.0066,1,0,33
1178.5,0,3061.0084533691406,0,0,-3061.0084533691406,0,0.0067638464530014042,0.1,0.0062,1,0,33
1178.625,0,3061.0084533691406,0,0,-3061.0084533691406,0,0.0067638459749484459,0.1,0.0066,1,0,33
1178.75,0,3061.0084533691406,0,0,-3061.0084533691406,0,0.0067638455058143115,0.1,0.0064,1,0,33
1178.875,0,3061.0122680664062,0,0.030517578125,-3061.0122680664062,0,0.0067634144849936795,0.1,0.0066,1,0,33
1179,0,3061.0122680664062,0,0,-3061.0122680664062,0,0.0067634198982105265,0.1,0.0072,1,0,33
1179.125,0,3061.004638671875,0,-0.06103515625,-3061.004638671875,0,0.0067642863313132906,0.1,0.0064,1,0,33
1179.25,0,3061.0122680664062,0,0.06103515625,-3061.0122680664062,0,0.0067634186935337653,0.1,0.0066,1,0,33
1179.375,0,3061.0084533691406,0,-0.030517578125,-3061.0084533691406,0,0.0067638545886727214,0.1,0.0058,1,0,33
1179.5,0,3061.0160827636719,0,0.06103515625,-3061.0160827636719,0,0.0067629928379584342,0.1,0.006,1,0,33
1179.625,0,3061.0084533691406,0,-0.06103515625,-3061.0084533691406,0,0.0067638650707692455,0.1,0.0064,1,0,33
1179.75,0,3061.0084533691406,0,0,-3061.0084533691406,0,0.0067638642453731052,0.1,0.0062,1,0,33
1179.875,0,3061.0084533691406,0,0,-3061.0084533691406,0,0.0067638634353759941,0.1,0.0064,1,0,33
1180,0,3061.0160827636719,0,0.06103515625,-3061.0160827636719,0,0.0067630015196128018,0.1,0.0062,1,0,33
1180.125,0,3061.0122680664062,0,-0.030517578125,-3061.0122680664062,0,0.00676344303001504,0.1,0.006,1,0,33
1180.25,0,3061.0122680664062,0,0,-3061.0122680664062,0,0.0067634479106804674,0.1,0.0062,1,0,33
1180.375,0,3061.0084533691406,0,-0.030517578125,-3061.0084533691406,0,0.0067638832607284649,0.1,0.0062,1,0,33
1180.5,0,3061.0122680664062,0,0.030517578125,-3061.0122680664062,0,0.0067634515355316505,0.1,0.0058,1,0,33
1180.625,0,3061.0122680664062,0,0,-3061.0122680664062,0,0.0067634562575135393,0.1,0.007,1,0,33
1180.75,0,3061.0122680664062,0,0,-3061.0122680664062,0,0.0067634608913995642,0.1,0.0062,1,0,33
1180.875,0,3061.0084533691406,0,-0.030517578125,-3061.0084533691406,0,0.0067638959992722125,0.1,0.007,1,0,33
1181,0,3061.0084533691406,0,0,-3061.0084533691406,0,0.0067638945968571118,0.1,0.006,1,0,33
1181.125,0,3061.0122680664062,0,0.030517578125,-3061.0122680664062,0,0.0067634626601673214,0.1,0.0064,1,0,33
1181.25,0,3061.0122680664062,0,0,-3061.0122680664062,0,0.006763467174601967,0.1,0.0076,1,0,33
1181.375,0,3061.0084533691406,0,-0.030517578125,-3061.0084533691406,0,0.0067639021652517728,0.1,0.006,1,0,33
1181.5,0,3061.0122680664062,0,0.030517578125,-3061.0122680664062,0,0.006763470087361903,0.1,0.007,1,0,33
1181.625,0,3061.0084533691406,0,-0.030517578125,-3061.0084533691406,0,0.0067639050236696779,0.1,0.0062,1,0,33
1181.75,0,3061.0122680664062,0,0.030517578125,-3061.0122680664062,0,0.0067634728924516052,0.1,0.0068,1,0,33
1181.875,0,3061.0084533691406,0,-0.030517578125,-3061.0084533691406,0,0.0067639077764261035,0.1,0.0056,1,0,33
1182,0,3061.0122680664062,0,0.030517578125,-3061.0122680664062,0,0.0067634755938511121,0.1,0.0064,1,0,33
1182.125,0,3061.0084533691406,0,-0.030517578125,-3061.0084533691406,0,0.0067639104274268419,0.1,0.0076,1,0,33
1182.25,0,3061.0084533691406,0,0,-3061.0084533691406,0,0.0067639087558322569,0.1,0.006,1,0,33
1182.375,0,3061.004638671875,0,-0.030517578125,-3061.004638671875,0,0.0067643376758627638,0.1,0.0066,1,0,33
1182.5,0,3061.004638671875,0,0,-3061.004638671875,0,0.0067643302010492734,0.1,0.0064,1,0,33
1182.625,0,3061.0122680664062,0,0.06103515625,-3061.0122680664062,0,0.006763461744812127,0.1,0.0066,1,0,33
1182.75,0,3061.0122680664062,0,0,-3061.0122680664062,0,0.00676346627632414,0.1,0.006,1,0,33
1182.875,0,3061.0084533691406,0,-0.030517578125,-3061.0084533691406,0,0.0067639012837327067,0.1,0.0066,1,0,33
1183,0,3061.004638671875,0,-0.030517578125,-3061.004638671875,0,0.0067643303431667579,0.1,0.0062,1,0,33
1183.125,0,3061.0122680664062,0,0.06103515625,-3061.0122680664062,0,0.0067634618842781907,0.1,0.0062,1,0,33
1183.25,0,3061.0160827636719,0,0.030517578125,-3061.0160827636719,0,0.00676303585274933,0.1,0.0056,1,0,33
1183.375,0,3061.0122680664062,0,-0.030517578125,-3061.0122680664062,0,0.0067634767226139314,0.1,0.0064,1,0,33
1183.5,0,3061.0122680664062,0,0,-3061.0122680664062,0,0.0067634809746919267,0.1,0.0066,1,0,33
1183.625,0,3061.0122680664062,0,0,-3061.0122680664062,0,0.0067634851474408508,0.1,0.0064,1,0,33
1183.75,0,3061.0122680664062,0,0,-3061.0122680664062,0,0.0067634892423407006,0.1,0.0054,1,0,33
1183.875,0,3061.0122680664062,0,0,-3061.0122680664062,0,0.0067634932608438836,0.1,0.0066,1,0,33
1184,0,3061.0122680664062,0,0,-3061.0122680664062,0,0.00676349720437569,0.1,0.0076,1,0,33
1184.125,0,3061.0084533691406,0,-0.030517578125,-3061.0084533691406,0,0.0067639316347737344,0.1,0.0062,1,0,33
1184.25,0,3061.004638671875,0,-0.030517578125,-3061.004638671875,0,0.0067643601279622767,0.1,0.006,1,0,33
1184.375,0,3061.0084533691406,0,0.030517578125,-3061.0084533691406,0,0.0067639216738313024,0.1,0.0062,1,0,33
1184.5,0,3061.0122680664062,0,0.030517578125,-3061.0122680664062,0,0.0067634892319787671,0.1,0.0074,1,0,33
1184.625,0,3061.0122680664062,0,0,-3061.0122680664062,0,0.0067634932506752676,0.1,0.0068,1,0,33
1184.75,0,3061.004638671875,0,-0.06103515625,-3061.004638671875,0,0.00676435831527461,0.1,0.0064,1,0,33
1184.875,0,3061.0084533691406,0,0.030517578125,-3061.0084533691406,0,0.0067639198949621254,0.1,0.0062,1,0,33
1185,0,3061.0122680664062,0,0.030517578125,-3061.0122680664062,0,0.00676348748629714,0.1,0.007,1,0,33
1185.125,0,3061.004638671875,0,-0.06103515625,-3061.004638671875,0,0.0067643526584398456,0.1,0.006,1,0,33
1185.25,0,3061.0084533691406,0,0.030517578125,-3061.0084533691406,0,0.0067639143436643429,0.1,0.0066,1,0,33
1185.375,0,3061.0122680664062,0,0.030517578125,-3061.0122680664062,0,0.0067634820385673866,0.1,0.006,1,0,33
1185.5,0,3061.0122680664062,0,0,-3061.0122680664062,0,0.0067634861914680766,0.1,0.0058,1,0,33
1185.625,0,3061.0084533691406,0,-0.030517578125,-3061.0084533691406,0,0.0067639208273289064,0.1,0.006,1,0,33
1185.75,0,3061.004638671875,0,-0.030517578125,-3061.004638671875,0,0.006764349522147009,0.1,0.0062,1,0,33
1185.875,0,3061.0122680664062,0,0.06103515625,-3061.0122680664062,0,0.0067634807054449686,0.1,0.0056,1,0,33
1186,0,3061.0084533691406,0,-0.030517578125,-3061.0084533691406,0,0.0067639154436560239,0.1,0.0062,1,0,33
1186.125,0,3061.0122680664062,0,0.030517578125,-3061.0122680664062,0,0.0067634831180370253,0.1,0.007,1,0,33
1186.25,0,3061.0084533691406,0,-0.030517578125,-3061.0084533691406,0,0.0067639178112374465,0.1,0.0064,1,0,33
1186.375,0,3061.0122680664062,0,0.030517578125,-3061.0122680664062,0,0.0067634854414475726,0.1,0.0062,1,0,33
1186.5,0,3061.0084533691406,0,-0.030517578125,-3061.0084533691406,0,0.0067639200913011954,0.1,0.007,1,0,33
1186.625,0,3061.0084533691406,0,0,-3061.0084533691406,0,0.0067639182394121228,0.1,0.0062,1,0,33
1186.75,0,3061.0122680664062,0,0.030517578125,-3061.0122680664062,0,0.006763485861633986,0.1,0.0056,1,0,33
1186.875,0,3061.0084533691406,0,-0.030517578125,-3061.0084533691406,0,0.00676392050364838,0.1,0.0068,1,0,33
1187,0,3061.0122680664062,0,0.030517578125,-3061.0122680664062,0,0.0067634880836274225,0.1,0.007,1,0,33
1187.125,0,3061.0122680664062,0,0,-3061.0122680664062,0,0.0067634921237481882,0.1,0.0054,1,0,33
1187.25,0,3061.0160827636719,0,0.030517578125,-3061.0160827636719,0,0.0067630655280553481,0.1,0.0064,1,0,33
1187.375,0,3061.0198974609375,0,0.030517578125,-3061.0198974609375,0,0.0067626447234034326,0.1,0.0064,1,0,33
1187.5,0,3061.0160827636719,0,-0.030517578125,-3061.0160827636719,0,0.0067630907226295806,0.1,0.0074,1,0,33
1187.625,0,3061.0160827636719,0,0,-3061.0160827636719,0,0.006763100008372977,0.1,0.0054,1,0,33
1187.75,0,3061.0122680664062,0,-0.030517578125,-3061.0122680664062,0,0.00676353968131542,0.1,0.0064,1,0,33
1187.875,0,3061.0122680664062,0,0,-3061.0122680664062,0,0.0067635427588016855,0.1,0.007,1,0,33
1188,0,3061.0160827636719,0,0.030517578125,-3061.0160827636719,0,0.006763115218433785,0.1,0.0058,1,0,33
1188.125,0,3061.0237121582031,0,0.06103515625,-3061.0237121582031,0,0.0067622629262923256,0.1,0.0068,1,0,33
1188.25,0,3061.0160827636719,0,-0.06103515625,-3061.0160827636719,0,0.0067631444412116909,0.1,0.0056,1,0,33
1188.375,0,3061.0237121582031,0,0.06103515625,-3061.0237121582031,0,0.0067622916038742181,0.1,0.007,1,0,33
1188.5,0,3061.0160827636719,0,-0.06103515625,-3061.0160827636719,0,0.0067631725837690448,0.1,0.0064,1,0,33
1188.625,0,3061.0084533691406,0,-0.06103515625,-3061.0084533691406,0,0.0067640414631443824,0.1,0.006,1,0,33
1188.75,0,3061.0122680664062,0,0.030517578125,-3061.0122680664062,0,0.006763606786437365,0.1,0.0086,1,0,33
1188.875,0,3061.0122680664062,0,0,-3061.0122680664062,0,0.0067636086119740313,0.1,0.0066,1,0,33
1189,0,3061.004638671875,0,-0.06103515625,-3061.004638671875,0,0.0067644715243303233,0.1,0.0064,1,0,33
1189.125,0,3061.0122680664062,0,0.06103515625,-3061.0122680664062,0,0.0067636004314892834,0.1,0.0058,1,0,33
1189.25,0,3061.004638671875,0,-0.06103515625,-3061.004638671875,0,0.0067644634964651451,0.1,0.0062,1,0,33
1189.375,0,3061.0122680664062,0,0.06103515625,-3061.0122680664062,0,0.0067635925533963276,0.1,0.0064,1,0,33
1189.5,0,3061.0084533691406,0,-0.030517578125,-3061.0084533691406,0,0.0067640252049112476,0.1,0.0066,1,0,33
1189.625,0,3061.0122680664062,0,0.030517578125,-3061.0122680664062,0,0.006763590831526653,0.1,0.0066,1,0,33
1189.75,0,3061.004638671875,0,-0.06103515625,-3061.004638671875,0,0.0067644540756046229,0.1,0.0062,1,0,33
1189.875,0,3061.0122680664062,0,0.06103515625,-3061.0122680664062,0,0.0067635833082964891,0.1,0.006,1,0,33
1190,0,3061.004638671875,0,-0.06103515625,-3061.004638671875,0,0.0067644466927319347,0.1,0.006,1,0,33
1190.125,0,3061.0084533691406,0,0.030517578125,-3061.0084533691406,0,0.0067640066236016039,0.1,0.0062,1,0,33
1190.25,0,3061.0084533691406,0,0,-3061.0084533691406,0,0.0067640031573189263,0.1,0.0072,1,0,33
1190.375,0,3061.0084533691406,0,0,-3061.0084533691406,0,0.0067639997557051024,0.1,0.0058,1,0,33
1190.5,0,3061.004638671875,0,-0.030517578125,-3061.004638671875,0,0.006764426977992552,0.1,0.0052,1,0,33
1190.625,0,3061.0084533691406,0,0.030517578125,-3061.0084533691406,0,0.0067639872766711018,0.1,0.0068,1,0,33
1190.75,0,3061.0084533691406,0,0,-3061.0084533691406,0,0.00676398417133528,0.1,0.0076,1,0,33
1190.875,0,3061.0084533691406,0,0,-3061.0084533691406,0,0.0067639811239342817,0.1,0.0058,1,0,33
1191,0,3061.0084533691406,0,0,-3061.0084533691406,0,0.0067639781333872495,0.1,0.0058,1,0,33
1191.125,0,3061.0122680664062,0,0.030517578125,-3061.0122680664062,0,0.0067635446381945769,0.1,0.0064,1,0,33
1191.25,0,3061.0122680664062,0,0,-3061.0122680664062,0,0.0067635476232026231,0.1,0.007,1,0,33
1191.375,0,3061.0084533691406,0,-0.030517578125,-3061.0084533691406,0,0.0067639811129596439,0.1,0.006,1,0,33
1191.5,0,3061.0084533691406,0,0,-3061.0084533691406,0,0.0067639781226173645,0.1,0.0054,1,0,33
1191.625,0,3061.0084533691406,0,0,-3061.0084533691406,0,0.0067639751880645416,0.1,0.0072,1,0,33
1191.75,0,3061.0084533691406,0,0,-3061.0084533691406,0,0.006763972308260327,0.1,0.007,1,0,33
1191.875,0,3061.0122680664062,0,0.030517578125,-3061.0122680664062,0,0.0067635389217443886,0.1,0.0052,1,0,33
1192,0,3061.0084533691406,0,-0.030517578125,-3061.0084533691406,0,0.0067639725738405376,0.1,0.0066,1,0,33
1192.125,0,3061.0122680664062,0,0.030517578125,-3061.0122680664062,0,0.0067635391823697849,0.1,0.0068,1,0,33
1192.25,0,3061.004638671875,0,-0.06103515625,-3061.004638671875,0,0.0067644033900424866,0.1,0.0064,1,0,33
1192.375,0,3061.0122680664062,0,0.06103515625,-3061.0122680664062,0,0.0067635335683517289,0.1,0.0046,1,0,33
1192.5,0,3061.0122680664062,0,0,-3061.0122680664062,0,0.0067635367598847668,0.1,0.006,1,0,33
1192.625,0,3061.0122680664062,0,0,-3061.0122680664062,0,0.0067635398918748368,0.1,0.0072,1,0,33
1192.75,0,3061.0122680664062,0,0,-3061.0122680664062,0,0.0067635429654328005,0.1,0.0064,1,0,33
1192.875,0,3061.0160827636719,0,0.030517578125,-3061.0160827636719,0,0.0067631154212098865,0.1,0.0056,1,0,33
1193,0,3061.0122680664062,0,-0.030517578125,-3061.0122680664062,0,0.0067635548066020679,0.1,0.0066,1,0,33
1193.125,0,3061.0160827636719,0,0.030517578125,-3061.0160827636719,0,0.0067631270414638678,0.1,0.007,1,0,33
1193.25,0,3061.0122680664062,0,-0.030517578125,-3061.0122680664062,0,0.0067635662100622718,0.1,0.0058,1,0,33
1193.375,0,3061.0160827636719,0,0.030517578125,-3061.0160827636719,0,0.00676313823217492,0.1,0.006,1,0,33
1193.5,0,3061.0122680664062,0,-0.030517578125,-3061.0122680664062,0,0.0067635771919933446,0.1,0.0054,1,0,33
1193.625,0,3061.0122680664062,0,0,-3061.0122680664062,0,0.0067635795696600332,0.1,0.0058,1,0,33
1193.75,0,3061.0160827636719,0,0.030517578125,-3061.0160827636719,0,0.0067631513425287643,0.1,0.0068,1,0,33
1193.875,0,3061.0160827636719,0,0,-3061.0160827636719,0,0.0067631594973143888,0.1,0.0076,1,0,33
1194,0,3061.0160827636719,0,0,-3061.0160827636719,0,0.0067631674999599073,0.1,0.007,1,0,33
1194.125,0,3061.0122680664062,0,-0.030517578125,-3061.0122680664062,0,0.006763605913742643,0.1,0.0064,1,0,33
1194.25,0,3061.0122680664062,0,0,-3061.0122680664062,0,0.0067636077555607715,0.1,0.006,1,0,33
1194.375,0,3061.0160827636719,0,0.030517578125,-3061.0160827636719,0,0.0067631790025780292,0.1,0.0064,1,0,33
1194.5,0,3061.0160827636719,0,0,-3061.0160827636719,0,0.0067631866413227631,0.1,0.0064,1,0,33
1194.625,0,3061.0198974609375,0,0.030517578125,-3061.0198974609375,0,0.0067627635771159572,0.1,0.0064,1,0,33
1194.75,0,3061.0084533691406,0,-0.091552734375,-3061.0084533691406,0,0.0067640684798205147,0.1,0.0064,1,0,33
1194.875,0,3061.0160827636719,0,0.06103515625,-3061.0160827636719,0,0.0067632027386368004,0.1,0.006,1,0,33
1195,0,3061.0160827636719,0,0,-3061.0160827636719,0,0.0067632099345487223,0.1,0.0064,1,0,33
1195.125,0,3061.0122680664062,0,-0.030517578125,-3061.0122680664062,0,0.0067636475566487109,0.1,0.0052,1,0,33
1195.25,0,3061.0160827636719,0,0.030517578125,-3061.0160827636719,0,0.0067632180611152531,0.1,0.0068,1,0,33
1195.375,0,3061.0198974609375,0,0.030517578125,-3061.0198974609375,0,0.0067627944107237214,0.1,0.0062,1,0,33
1195.5,0,3061.0122680664062,0,-0.06103515625,-3061.0122680664062,0,0.0067636681777408364,0.1,0.0066,1,0,33
1195.625,0,3061.0160827636719,0,0.030517578125,-3061.0160827636719,0,0.0067632382974890937,0.1,0.0062,1,0,33
1195.75,0,3061.0160827636719,0,0,-3061.0160827636719,0,0.0067632448299957543,0.1,0.0074,1,0,33
1195.875,0,3061.0122680664062,0,-0.030517578125,-3061.0122680664062,0,0.0067636818010673311,0.1,0.0072,1,0,33
1196,0,3061.0160827636719,0,0.030517578125,-3061.0160827636719,0,0.0067632516666513987,0.1,0.0052,1,0,33
1196.125,0,3061.0122680664062,0,-0.030517578125,-3061.0122680664062,0,0.0067636885101746147,0.1,0.0074,1,0,33
1196.25,0,3061.0122680664062,0,0,-3061.0122680664062,0,0.0067636888110288451,0.1,0.0062,1,0,33
1196.375,0,3061.0122680664062,0,0,-3061.0122680664062,0,0.0067636891062701765,0.1,0.0062,1,0,33
1196.5,0,3061.0122680664062,0,0,-3061.0122680664062,0,0.0067636893960033306,0.1,0.0062,1,0,33
1196.625,0,3061.0122680664062,0,0,-3061.0122680664062,0,0.0067636896803310587,0.1,0.005,1,0,33
1196.75,0,3061.0198974609375,0,0.06103515625,-3061.0198974609375,0,0.0067628288384763424,0.1,0.0058,1,0,33
1196.875,0,3061.0084533691406,0,-0.091552734375,-3061.0084533691406,0,0.0067641325236295069,0.1,0.0074,1,0,33
1197,0,3061.0122680664062,0,0.030517578125,-3061.0122680664062,0,0.0067636961480486146,0.1,0.0064,1,0,33
1197.125,0,3061.0122680664062,0,0,-3061.0122680664062,0,0.0067636963064065247,0.1,0.007,1,0,33
1197.25,0,3061.0160827636719,0,0.030517578125,-3061.0160827636719,0,0.0067632659013711072,0.1,0.0054,1,0,33
1197.375,0,3061.0122680664062,0,-0.030517578125,-3061.0122680664062,0,0.0067637024793236605,0.1,0.0048,1,0,33
1197.5,0,3061.0160827636719,0,0.030517578125,-3061.0160827636719,0,0.006763271959122949,0.1,0.0082,1,0,33
1197.625,0,3061.0160827636719,0,0,-3061.0160827636719,0,0.006763277863619882,0.1,0.0058,1,0,33
1197.75,0,3061.0160827636719,0,0,-3061.0160827636719,0,0.0067632836579593208,0.1,0.0074,1,0,33
1197.875,0,3061.0122680664062,0,-0.030517578125,-3061.0122680664062,0,0.0067637199046353264,0.1,0.0062,1,0,33
1198,0,3061.0122680664062,0,0,-3061.0122680664062,0,0.006763719619777453,0.1,0.005,1,0,33
1198.125,0,3061.0160827636719,0,0.030517578125,-3061.0160827636719,0,0.0067632887797951236,0.1,0.0068,1,0,33
1198.25,0,3061.0122680664062,0,-0.030517578125,-3061.0122680664062,0,0.0067637249309153713,0.1,0.0066,1,0,33
1198.375,0,3061.0122680664062,0,0,-3061.0122680664062,0,0.0067637245522844808,0.1,0.0066,1,0,33
1198.5,0,3061.0122680664062,0,0,-3061.0122680664062,0,0.0067637241807175369,0.1,0.0068,1,0,33
1198.625,0,3061.0198974609375,0,0.06103515625,-3061.0198974609375,0,0.0067628626952048743,0.1,0.0068,1,0,33
1198.75,0,3061.0122680664062,0,-0.06103515625,-3061.0122680664062,0,0.0067637351882696151,0.1,0.0072,1,0,33
1198.875,0,3061.0160827636719,0,0.030517578125,-3061.0160827636719,0,0.0067633040578330417,0.1,0.0056,1,0,33
1199,0,3061.0122680664062,0,-0.030517578125,-3061.0122680664062,0,0.0067637399239179191,0.1,0.0058,1,0,33
1199.125,0,3061.0084533691406,0,-0.030517578125,-3061.0084533691406,0,0.0067641698260083455,0.1,0.0062,1,0,33
1199.25,0,3061.0084533691406,0,0,-3061.0084533691406,0,0.0067641633149329305,0.1,0.0064,1,0,33
1199.375,0,3061.0084533691406,0,0,-3061.0084533691406,0,0.00676415692533168,0.1,0.006,1,0,33
1199.5,0,3061.0160827636719,0,0.06103515625,-3061.0160827636719,0,0.0067632895340604682,0.1,0.0058,1,0,33
1199.625,0,3061.0084533691406,0,-0.06103515625,-3061.0084533691406,0,0.0067641562315476494,0.1,0.0064,1,0,33
1199.75,0,3061.0160827636719,0,0.06103515625,-3061.0160827636719,0,0.0067632888532200564,0.1,0.0062,1,0,33
1199.875,0,3061.004638671875,0,-0.091552734375,-3061.004638671875,0,0.0067645861238482818,0.1,0.006,1,0,33
1200,0,3061.0122680664062,0,0.06103515625,-3061.0122680664062,0,0.0067637128929763923,0.1,0.0064,1,0,33
1200.125,0,3061.0122680664062,0,0,-3061.0122680664062,0,0.0067637127389318374,0.1,0.007,1,0,33
1200.25,0,3061.0122680664062,0,0,-3061.0122680664062,0,0.00676371258776122,0.1,0.0062,1,0,33
1200.375,0,3061.004638671875,0,-0.06103515625,-3061.004638671875,0,0.0067645735602887558,0.1,0.0062,1,0,33
1200.5,0,3061.0122680664062,0,0.06103515625,-3061.0122680664062,0,0.0067637005638094549,0.1,0.0064,1,0,33
1200.625,0,3061.0084533691406,0,-0.030517578125,-3061.0084533691406,0,0.0067641312002234416,0.1,0.0058,1,0,33
1200.75,0,3061.0122680664062,0,0.030517578125,-3061.0122680664062,0,0.00676369484933273,0.1,0.0062,1,0,33
1200.875,0,3061.004638671875,0,-0.06103515625,-3061.004638671875,0,0.0067645561527980153,0.1,0.0068,1,0,33
1201,0,3061.0122680664062,0,0.06103515625,-3061.0122680664062,0,0.0067636834810823193,0.1,0.0064,1,0,33
1201.125,0,3061.0122680664062,0,0,-3061.0122680664062,0,0.0067636838757620388,0.1,0.0052,1,0,33
1201.25,0,3061.0084533691406,0,-0.030517578125,-3061.0084533691406,0,0.0067641148235173115,0.1,0.0066,1,0,33
1201.375,0,3061.004638671875,0,-0.030517578125,-3061.004638671875,0,0.00676453989903715,0.1,0.006,1,0,33
1201.5,0,3061.0084533691406,0,0.030517578125,-3061.0084533691406,0,0.006764098090999357,0.1,0.0062,1,0,33
1201.625,0,3061.0084533691406,0,0,-3061.0084533691406,0,0.0067640929182512383,0.1,0.0064,1,0,33
1201.75,0,3061.0084533691406,0,0,-3061.0084533691406,0,0.0067640878420087147,0.1,0.0058,1,0,33
1201.875,0,3061.0084533691406,0,0,-3061.0084533691406,0,0.0067640828604713238,0.1,0.0064,1,0,33
1202,0,3061.0160827636719,0,0.06103515625,-3061.0160827636719,0,0.0067632168509943746,0.1,0.0062,1,0,33
1202.125,0,3061.0122680664062,0,-0.030517578125,-3061.0122680664062,0,0.0067636543440574015,0.1,0.0068,1,0,33
1202.25,0,3061.0084533691406,0,-0.030517578125,-3061.0084533691406,0,0.0067640858427721884,0.1,0.006,1,0,33
1202.375,0,3061.0122680664062,0,0.030517578125,-3061.0122680664062,0,0.0067636503380947288,0.1,0.007,1,0,33
1202.5,0,3061.0084533691406,0,-0.030517578125,-3061.0084533691406,0,0.00676408191154694,0.1,0.0062,1,0,33
1202.625,0,3061.0122680664062,0,0.030517578125,-3061.0122680664062,0,0.0067636464802125484,0.1,0.006,1,0,33
1202.75,0,3061.0122680664062,0,0,-3061.0122680664062,0,0.0067636475652005923,0.1,0.0062,1,0,33
1202.875,0,3061.0084533691406,0,-0.030517578125,-3061.0084533691406,0,0.0067640791903854219,0.1,0.0062,1,0,33
1203,0,3061.0160827636719,0,0.06103515625,-3061.0160827636719,0,0.0067632132493795905,0.1,0.0056,1,0,33
1203.125,0,3061.0160827636719,0,0,-3061.0160827636719,0,0.0067632202491973853,0.1,0.0068,1,0,33
1203.25,0,3061.0084533691406,0,-0.06103515625,-3061.0084533691406,0,0.0067640882393006085,0.1,0.0066,1,0,33
1203.375,0,3061.0084533691406,0,0,-3061.0084533691406,0,0.0067640832503511328,0.1,0.0056,1,0,33
1203.5,0,3061.0160827636719,0,0.06103515625,-3061.0160827636719,0,0.0067632172336003771,0.1,0.0066,1,0,33
1203.625,0,3061.0122680664062,0,-0.030517578125,-3061.0122680664062,0,0.0067636547195252944,0.1,0.0062,1,0,33
1203.75,0,3061.0084533691406,0,-0.030517578125,-3061.0084533691406,0,0.0067640862112351569,0.1,0.0064,1,0,33
1203.875,0,3061.0122680664062,0,0.030517578125,-3061.0122680664062,0,0.0067636506996834461,0.1,0.006,1,0,33
1204,0,3061.0160827636719,0,0.030517578125,-3061.0160827636719,0,0.0067632211455118246,0.1,0.0056,1,0,33
1204.125,0,3061.0084533691406,0,-0.06103515625,-3061.0084533691406,0,0.00676408911889291,0.1,0.007,1,0,33
1204.25,0,3061.0160827636719,0,0.06103515625,-3061.0160827636719,0,0.0067632229926554571,0.1,0.0074,1,0,33
1204.375,0,3061.0084533691406,0,-0.06103515625,-3061.0084533691406,0,0.006764090931575234,0.1,0.007,1,0,33
1204.5,0,3061.0122680664062,0,0.030517578125,-3061.0122680664062,0,0.0067636553319583015,0.1,0.0066,1,0,33
1204.625,0,3061.0122680664062,0,0,-3061.0122680664062,0,0.0067636562518033627,0.1,0.0064,1,0,33
1204.75,0,3061.0122680664062,0,0,-3061.0122680664062,0,0.00676365715448729,0.1,0.0066,1,0,33
1204.875,0,3061.0160827636719,0,0.030517578125,-3061.0160827636719,0,0.0067632274798913455,0.1,0.0064,1,0,33
1205,0,3061.0122680664062,0,-0.030517578125,-3061.0122680664062,0,0.0067636647746558975,0.1,0.0068,1,0,33
1205.125,0,3061.0198974609375,0,0.06103515625,-3061.0198974609375,0,0.0067628043974549829,0.1,0.0066,1,0,33
1205.25,0,3061.0160827636719,0,-0.030517578125,-3061.0160827636719,0,0.0067632474177152929,0.1,0.0074,1,0,33
1205.375,0,3061.0122680664062,0,-0.030517578125,-3061.0122680664062,0,0.0067636843405089742,0.1,0.0066,1,0,33
1205.5,0,3061.0084533691406,0,-0.030517578125,-3061.0084533691406,0,0.0067641152795936688,0.1,0.0056,1,0,33
1205.625,0,3061.0160827636719,0,0.06103515625,-3061.0160827636719,0,0.0067632486652879631,0.1,0.0056,1,0,33
1205.75,0,3061.0198974609375,0,0.030517578125,-3061.0198974609375,0,0.0067628244439283669,0.1,0.0068,1,0,33
1205.875,0,3061.004638671875,0,-0.1220703125,-3061.004638671875,0,0.0067645587715075284,0.1,0.0066,1,0,33
1206,0,3061.0084533691406,0,0.030517578125,-3061.0084533691406,0,0.0067641166113746876,0.1,0.0066,1,0,33
1206.125,0,3061.004638671875,0,-0.030517578125,-3061.004638671875,0,0.006764541653539291,0.1,0.0062,1,0,33
1206.25,0,3061.004638671875,0,0,-3061.004638671875,0,0.00676453037320747,0.1,0.007,1,0,33
1206.375,0,3061.0084533691406,0,0.030517578125,-3061.0084533691406,0,0.0067640887428887381,0.1,0.0058,1,0,33
1206.5,0,3061.0122680664062,0,0.030517578125,-3061.0122680664062,0,0.0067636531841051284,0.1,0.0064,1,0,33
1206.625,0,3061.0084533691406,0,-0.030517578125,-3061.0084533691406,0,0.0067640847044606184,0.1,0.0062,1,0,33
1206.75,0,3061.0122680664062,0,0.030517578125,-3061.0122680664062,0,0.0067636492210201155,0.1,0.0068,1,0,33
1206.875,0,3061.0122680664062,0,0,-3061.0122680664062,0,0.0067636502548741595,0.1,0.0064,1,0,33
1207,0,3061.0122680664062,0,0,-3061.0122680664062,0,0.006763651269440063,0.1,0.006,1,0,33
1207.125,0,3061.0122680664062,0,0,-3061.0122680664062,0,0.006763652265077677,0.1,0.006,1,0,33
1207.25,0,3061.0198974609375,0,0.06103515625,-3061.0198974609375,0,0.00676279212126224,0.1,0.0066,1,0,33
1207.375,0,3061.0122680664062,0,-0.06103515625,-3061.0122680664062,0,0.0067636659309927849,0.1,0.0066,1,0,33
1207.5,0,3061.0160827636719,0,0.030517578125,-3061.0160827636719,0,0.0067632360926575819,0.1,0.0068,1,0,33
1207.625,0,3061.0122680664062,0,-0.030517578125,-3061.0122680664062,0,0.0067636732267376959,0.1,0.0054,1,0,33
1207.75,0,3061.0122680664062,0,0,-3061.0122680664062,0,0.0067636738127280355,0.1,0.0068,1,0,33
1207.875,0,3061.0122680664062,0,0,-3061.0122680664062,0,0.0067636743877858146,0.1,0.0056,1,0,33
1208,0,3061.0122680664062,0,0,-3061.0122680664062,0,0.0067636749521150091,0.1,0.0076,1,0,33
1208.125,0,3061.0122680664062,0,0,-3061.0122680664062,0,0.0067636755059157644,0.1,0.0056,1,0,33
1208.25,0,3061.0084533691406,0,-0.030517578125,-3061.0084533691406,0,0.0067641066098234337,0.1,0.0068,1,0,33
1208.375,0,3061.0122680664062,0,0.030517578125,-3061.0122680664062,0,0.00676367071770459,0.1,0.006,1,0,33
1208.5,0,3061.0084533691406,0,-0.030517578125,-3061.0084533691406,0,0.0067641019109437178,0.1,0.006,1,0,33
1208.625,0,3061.0160827636719,0,0.06103515625,-3061.0160827636719,0,0.0067632355460508081,0.1,0.0056,1,0,33
1208.75,0,3061.0160827636719,0,0,-3061.0160827636719,0,0.006763242129889796,0.1,0.0058,1,0,33
1208.875,0,3061.0084533691406,0,-0.06103515625,-3061.0084533691406,0,0.0067641097117749349,0.1,0.006,1,0,33
1209,0,3061.0122680664062,0,0.030517578125,-3061.0122680664062,0,0.0067636737617843973,0.1,0.0054,1,0,33
1209.125,0,3061.004638671875,0,-0.06103515625,-3061.004638671875,0,0.006764535458670437,0.1,0.0054,1,0,33
1209.25,0,3061.0084533691406,0,0.030517578125,-3061.0084533691406,0,0.0067640937334745438,0.1,0.0066,1,0,33
1209.375,0,3061.0122680664062,0,0.030517578125,-3061.0122680664062,0,0.0067636580815838565,0.1,0.0068,1,0,33
1209.5,0,3061.0084533691406,0,-0.030517578125,-3061.0084533691406,0,0.0067640895105693238,0.1,0.0066,1,0,33
1209.625,0,3061.0160827636719,0,0.06103515625,-3061.0160827636719,0,0.0067632233770245354,0.1,0.0064,1,0,33
1209.75,0,3061.0084533691406,0,-0.06103515625,-3061.0084533691406,0,0.0067640913087733123,0.1,0.0062,1,0,33
1209.875,0,3061.0084533691406,0,0,-3061.0084533691406,0,0.006764086262558075,0.1,0.0062,1,0,33
1210,0,3061.0084533691406,0,0,-3061.0084533691406,0,0.0067640813104877795,0.1,0.006,1,0,33
1210.125,0,3061.0084533691406,0,0,-3061.0084533691406,0,0.0067640764508059975,0.1,0.0068,1,0,33
1210.25,0,3061.0084533691406,0,0,-3061.0084533691406,0,0.00676407168178908,0.1,0.006,1,0,33
1210.375,0,3061.0084533691406,0,0,-3061.0084533691406,0,0.0067640670017455329,0.1,0.0062,1,0,33
1210.5,0,3061.0122680664062,0,0.030517578125,-3061.0122680664062,0,0.0067636318485765068,0.1,0.0058,1,0,33
1210.625,0,3061.004638671875,0,-0.06103515625,-3061.004638671875,0,0.0067644943274181163,0.1,0.0072,1,0,33
1210.75,0,3061.004638671875,0,0,-3061.004638671875,0,0.0067644839300281118,0.1,0.0066,1,0,33
1210.875,0,3061.0084533691406,0,0.030517578125,-3061.0084533691406,0,0.0067640431661785544,0.1,0.0074,1,0,33
1211,0,3061.004638671875,0,-0.030517578125,-3061.004638671875,0,0.0067644695785766262,0.1,0.0066,1,0,33
1211.125,0,3061.0084533691406,0,0.030517578125,-3061.0084533691406,0,0.006764029082475545,0.1,0.007,1,0,33
1211.25,0,3061.0160827636719,0,0.06103515625,-3061.0160827636719,0,0.0067631640763100992,0.1,0.0058,1,0,33
1211.375,0,3061.0084533691406,0,-0.06103515625,-3061.0084533691406,0,0.00676403311440521,0.1,0.006,1,0,33
1211.5,0,3061.0122680664062,0,0.030517578125,-3061.0122680664062,0,0.0067635985934568071,0.1,0.0058,1,0,33
1211.625,0,3061.0122680664062,0,0,-3061.0122680664062,0,0.0067636005718461761,0.1,0.0056,1,0,33
1211.75,0,3061.0084533691406,0,-0.030517578125,-3061.0084533691406,0,0.0067640330737645388,0.1,0.0056,1,0,33
1211.875,0,3061.0084533691406,0,0,-3061.0084533691406,0,0.0067640291140132619,0.1,0.0064,1,0,33
1212,0,3061.0084533691406,0,0,-3061.0084533691406,0,0.006764025228137252,0.1,0.0062,1,0,33
1212.125,0,3061.0122680664062,0,0.030517578125,-3061.0122680664062,0,0.0067635908543193513,0.1,0.0064,1,0,33
1212.25,0,3061.0160827636719,0,0.030517578125,-3061.0160827636719,0,0.0067631624166553522,0.1,0.0056,1,0,33
1212.375,0,3061.0084533691406,0,-0.06103515625,-3061.0084533691406,0,0.0067640314857138895,0.1,0.0072,1,0,33
1212.5,0,3061.0122680664062,0,0.030517578125,-3061.0122680664062,0,0.0067635969951512359,0.1,0.0066,1,0,33
1212.625,0,3061.0084533691406,0,-0.030517578125,-3061.0084533691406,0,0.0067640295637983738,0.1,0.0062,1,0,33
1212.75,0,3061.004638671875,0,-0.030517578125,-3061.004638671875,0,0.0067644562299698507,0.1,0.007,1,0,33
1212.875,0,3061.004638671875,0,0,-3061.004638671875,0,0.0067644465433465417,0.1,0.0064,1,0,33
1213,0,3061.0122680664062,0,0.06103515625,-3061.0122680664062,0,0.0067635759165643045,0.1,0.0066,1,0,33
1213.125,0,3061.0084533691406,0,-0.030517578125,-3061.0084533691406,0,0.0067640088784649971,0.1,0.0068,1,0,33
1213.25,0,3061.0122680664062,0,0.030517578125,-3061.0122680664062,0,0.00676357480967546,0.1,0.0058,1,0,33
1213.375,0,3061.0160827636719,0,0.030517578125,-3061.0160827636719,0,0.0067631466713490573,0.1,0.0058,1,0,33
1213.5,0,3061.0084533691406,0,-0.06103515625,-3061.0084533691406,0,0.0067640160341605748,0.1,0.006,1,0,33
1213.625,0,3061.0084533691406,0,0,-3061.0084533691406,0,0.006764012392309407,0.1,0.0068,1,0,33
1213.75,0,3061.0122680664062,0,0.030517578125,-3061.0122680664062,0,0.0067635782579636705,0.1,0.0058,1,0,33
1213.875,0,3061.0084533691406,0,-0.030517578125,-3061.0084533691406,0,0.0067640111761819582,0.1,0.0054,1,0,33
1214,0,3061.0122680664062,0,0.030517578125,-3061.0122680664062,0,0.0067635770645249615,0.1,0.0052,1,0,33
1214.125,0,3061.0122680664062,0,0,-3061.0122680664062,0,0.0067635794445697756,0.1,0.006,1,0,33
1214.25,0,3061.0084533691406,0,-0.030517578125,-3061.0084533691406,0,0.0067640123406500913,0.1,0.005,1,0,33
1214.375,0,3061.0084533691406,0,0,-3061.0084533691406,0,0.0067640087677070526,0.1,0.0058,1,0,33
1214.5,0,3061.0122680664062,0,0.030517578125,-3061.0122680664062,0,0.0067635747009838765,0.1,0.0066,1,0,33
1214.625,0,3061.004638671875,0,-0.06103515625,-3061.004638671875,0,0.0067644382460020219,0.1,0.0066,1,0,33
1214.75,0,3061.0084533691406,0,0.030517578125,-3061.0084533691406,0,0.0067639983344584681,0.1,0.0062,1,0,33
1214.875,0,3061.0122680664062,0,0.030517578125,-3061.0122680664062,0,0.0067635644623836449,0.1,0.0072,1,0,33
1215,0,3061.0084533691406,0,-0.030517578125,-3061.0084533691406,0,0.00676399763797976,0.1,0.0066,1,0,33
1215.125,0,3061.0084533691406,0,0,-3061.0084533691406,0,0.0067639943393377339,0.1,0.006,1,0,33
1215.25,0,3061.0084533691406,0,0,-3061.0084533691406,0,0.0067639911022369659,0.1,0.0062,1,0,33
1215.375,0,3061.0084533691406,0,0,-3061.0084533691406,0,0.0067639879255293051,0.1,0.007,1,0,33
1215.5,0,3061.0160827636719,0,0.06103515625,-3061.0160827636719,0,0.0067631236872102013,0.1,0.0068,1,0,33
1215.625,0,3061.0084533691406,0,-0.06103515625,-3061.0084533691406,0,0.0067639934788263079,0.1,0.0062,1,0,33
1215.75,0,3061.0122680664062,0,0.030517578125,-3061.0122680664062,0,0.0067635596973407847,0.1,0.0058,1,0,33
1215.875,0,3061.0084533691406,0,-0.030517578125,-3061.0084533691406,0,0.0067639929618361211,0.1,0.007,1,0,33
1216,0,3061.0122680664062,0,0.030517578125,-3061.0122680664062,0,0.0067635591899958547,0.1,0.007,1,0,33
1216.125,0,3061.0084533691406,0,-0.030517578125,-3061.0084533691406,0,0.0067639924639564947,0.1,0.0062,1,0,33
1216.25,0,3061.0122680664062,0,0.030517578125,-3061.0122680664062,0,0.006763558701404937,0.1,0.006,1,0,33
1216.375,0,3061.0160827636719,0,0.030517578125,-3061.0160827636719,0,0.0067631308636031673,0.1,0.0058,1,0,33
1216.5,0,3061.0122680664062,0,-0.030517578125,-3061.0122680664062,0,0.0067635699608936672,0.1,0.0062,1,0,33
1216.625,0,3061.0084533691406,0,-0.030517578125,-3061.0084533691406,0,0.00676400303390659,0.1,0.006,1,0,33
1216.75,0,3061.0084533691406,0,0,-3061.0084533691406,0,0.0067639996345952164,0.1,0.007,1,0,33
1216.875,0,3061.0084533691406,0,0,-3061.0084533691406,0,0.0067639962987032509,0.1,0.0068,1,0,33
1217,0,3061.0122680664062,0,0.030517578125,-3061.0122680664062,0,0.0067635624646085746,0.1,0.0062,1,0,33
1217.125,0,3061.0084533691406,0,-0.030517578125,-3061.0084533691406,0,0.0067639956774762644,0.1,0.0058,1,0,33
1217.25,0,3061.004638671875,0,-0.030517578125,-3061.004638671875,0,0.0067644229758493657,0.1,0.0066,1,0,33
1217.375,0,3061.0122680664062,0,0.06103515625,-3061.0122680664062,0,0.0067635527887551644,0.1,0.0068,1,0,33
1217.5,0,3061.0122680664062,0,0,-3061.0122680664062,0,0.0067635556217019166,0.1,0.0062,1,0,33
1217.625,0,3061.0122680664062,0,0,-3061.0122680664062,0,0.0067635584017956829,0.1,0.0064,1,0,33
1217.75,0,3061.0084533691406,0,-0.030517578125,-3061.0084533691406,0,0.0067639916904614211,0.1,0.0062,1,0,33
1217.875,0,3061.0122680664062,0,0.030517578125,-3061.0122680664062,0,0.0067635579423406117,0.1,0.0062,1,0,33
1218,0,3061.0084533691406,0,-0.030517578125,-3061.0084533691406,0,0.0067639912395781876,0.1,0.0062,1,0,33
1218.125,0,3061.0084533691406,0,0,-3061.0084533691406,0,0.0067639880603082153,0.1,0.006,1,0,33
1218.25,0,3061.0160827636719,0,0.06103515625,-3061.0160827636719,0,0.0067631238194746091,0.1,0.0068,1,0,33
1218.375,0,3061.004638671875,0,-0.091552734375,-3061.004638671875,0,0.0067644241690620333,0.1,0.0058,1,0,33
1218.5,0,3061.004638671875,0,0,-3061.004638671875,0,0.0067644150805844377,0.1,0.0056,1,0,33
1218.625,0,3061.0084533691406,0,0.030517578125,-3061.0084533691406,0,0.0067639756012275037,0.1,0.006,1,0,33
1218.75,0,3061.004638671875,0,-0.030517578125,-3061.004638671875,0,0.0067644032741540072,0.1,0.0062,1,0,33
1218.875,0,3061.0008239746094,0,-0.030517578125,-3061.0008239746094,0,0.0067648251359420791,0.1,0.0066,1,0,33
1219,0,3061.004638671875,0,0.030517578125,-3061.004638671875,0,0.0067643801741296972,0.1,0.006,1,0,33
1219.125,0,3061.0122680664062,0,0.06103515625,-3061.0122680664062,0,0.0067635107855676252,0.1,0.0072,1,0,33
1219.25,0,3061.004638671875,0,-0.06103515625,-3061.004638671875,0,0.0067643755230264863,0.1,0.0058,1,0,33
1219.375,0,3061.004638671875,0,0,-3061.004638671875,0,0.0067643673421157458,0.1,0.0066,1,0,33
1219.5,0,3061.004638671875,0,0,-3061.004638671875,0,0.006764359313832527,0.1,0.0064,1,0,33
1219.625,0,3061.0084533691406,0,0.030517578125,-3061.0084533691406,0,0.0067639208748904028,0.1,0.0058,1,0,33
1219.75,0,3061.004638671875,0,-0.030517578125,-3061.004638671875,0,0.0067643495688211736,0.1,0.0072,1,0,33
1219.875,0,3061.0008239746094,0,-0.030517578125,-3061.0008239746094,0,0.0067647724325650971,0.1,0.0048,1,0,33
1220,0,3061.004638671875,0,0.030517578125,-3061.004638671875,0,0.0067643284540155335,0.1,0.007,1,0,33
1220.125,0,3061.004638671875,0,0,-3061.004638671875,0,0.0067643211512498219,0.1,0.006,1,0,33
1220.25,0,3061.004638671875,0,0,-3061.004638671875,0,0.0067643139847284872,0.1,0.0056,1,0,33
1220.375,0,3061.004638671875,0,0,-3061.004638671875,0,0.00676430695190966,0.1,0.0062,1,0,33
1220.5,0,3061.0008239746094,0,-0.030517578125,-3061.0008239746094,0,0.0067647306107378319,0.1,0.0068,1,0,33
1220.625,0,3061.0122680664062,0,0.091552734375,-3061.0122680664062,0,0.006763426291561167,0.1,0.0062,1,0,33
1220.75,0,3061.0084533691406,0,-0.030517578125,-3061.0084533691406,0,0.0067638620449471942,0.1,0.0068,1,0,33
1220.875,0,3061.004638671875,0,-0.030517578125,-3061.004638671875,0,0.0067642918364413385,0.1,0.0062,1,0,33
1221,0,3061.0084533691406,0,0.030517578125,-3061.0084533691406,0,0.0067638546563940777,0.1,0.0064,1,0,33
1221.125,0,3061.004638671875,0,-0.030517578125,-3061.004638671875,0,0.0067642845857330824,0.1,0.0058,1,0,33
1221.25,0,3061.004638671875,0,0,-3061.004638671875,0,0.0067642781013978887,0.1,0.0064,1,0,33
1221.375,0,3061.0008239746094,0,-0.030517578125,-3061.0008239746094,0,0.0067647022984768795,0.1,0.006,1,0,33
1221.5,0,3061.0084533691406,0,0.06103515625,-3061.0084533691406,0,0.0067638290679480489,0.1,0.0062,1,0,33
1221.625,0,3061.0122680664062,0,0.030517578125,-3061.0122680664062,0,0.0067633983538011727,0.1,0.007,1,0,33
1221.75,0,3061.0122680664062,0,0,-3061.0122680664062,0,0.0067634040679703106,0.1,0.0068,1,0,33
1221.875,0,3061.0084533691406,0,-0.030517578125,-3061.0084533691406,0,0.0067638402359717215,0.1,0.0072,1,0,33
1222,0,3061.0084533691406,0,0,-3061.0084533691406,0,0.0067638398739070515,0.1,0.0064,1,0,33
1222.125,0,3061.0084533691406,0,0,-3061.0084533691406,0,0.0067638395185972561,0.1,0.006,1,0,33
1222.25,0,3061.004638671875,0,-0.030517578125,-3061.004638671875,0,0.0067642697303552241,0.1,0.006,1,0,33
1222.375,0,3061.0084533691406,0,0.030517578125,-3061.0084533691406,0,0.0067638329627311145,0.1,0.0058,1,0,33
1222.5,0,3061.0084533691406,0,0,-3061.0084533691406,0,0.00676383273635997,0.1,0.007,1,0,33
1222.625,0,3061.0084533691406,0,0,-3061.0084533691406,0,0.0067638325142121286,0.1,0.006,1,0,33
1222.75,0,3061.0084533691406,0,0,-3061.0084533691406,0,0.006763832296208791,0.1,0.0072,1,0,33
1222.875,0,3061.0084533691406,0,0,-3061.0084533691406,0,0.0067638320822726444,0.1,0.006,1,0,33
1223,0,3061.004638671875,0,-0.030517578125,-3061.004638671875,0,0.0067642624327667183,0.1,0.0064,1,0,33
1223.125,0,3061.0122680664062,0,0.06103515625,-3061.0122680664062,0,0.0067633952408514691,0.1,0.0064,1,0,33
1223.25,0,3061.0008239746094,0,-0.091552734375,-3061.0008239746094,0,0.0067646926944142233,0.1,0.0062,1,0,33
1223.375,0,3061.0084533691406,0,0.06103515625,-3061.0084533691406,0,0.0067638196430639952,0.1,0.006,1,0,33
1223.5,0,3061.0084533691406,0,0,-3061.0084533691406,0,0.0067638196651917948,0.1,0.006,1,0,33
1223.625,0,3061.0084533691406,0,0,-3061.0084533691406,0,0.0067638196869067579,0.1,0.0058,1,0,33
1223.75,0,3061.0084533691406,0,0,-3061.0084533691406,0,0.0067638197082166007,0.1,0.006,1,0,33
1223.875,0,3061.0084533691406,0,0,-3061.0084533691406,0,0.0067638197291288726,0.1,0.006,1,0,33
1224,0,3061.004638671875,0,-0.030517578125,-3061.004638671875,0,0.0067642503100899115,0.1,0.0062,1,0,33
1224.125,0,3061.0008239746094,0,-0.030517578125,-3061.0008239746094,0,0.00676467502565864,0.1,0.0068,1,0,33
1224.25,0,3061.004638671875,0,0.030517578125,-3061.004638671875,0,0.006764232864385239,0.1,0.0066,1,0,33
1224.375,0,3061.0084533691406,0,0.030517578125,-3061.0084533691406,0,0.0067637967845526892,0.1,0.0072,1,0,33
1224.5,0,3061.0084533691406,0,0,-3061.0084533691406,0,0.006763797233141286,0.1,0.0056,1,0,33
1224.625,0,3061.0084533691406,0,0,-3061.0084533691406,0,0.0067637976733607719,0.1,0.006,1,0,33
1224.75,0,3061.0084533691406,0,0,-3061.0084533691406,0,0.0067637981053672858,0.1,0.0058,1,0,33
1224.875,0,3061.0122680664062,0,0.030517578125,-3061.0122680664062,0,0.0067633679688751391,0.1,0.006,1,0,33
1225,0,3061.0160827636719,0,0.030517578125,-3061.0160827636719,0,0.0067629436894830475,0.1,0.007,1,0,33
1225.125,0,3061.0084533691406,0,-0.06103515625,-3061.0084533691406,0,0.0067638168392345072,0.1,0.007,1,0,33
1225.25,0,3061.004638671875,0,-0.030517578125,-3061.004638671875,0,0.0067642474741109876,0.1,0.0052,1,0,33
1225.375,0,3061.0084533691406,0,0.030517578125,-3061.0084533691406,0,0.0067638111217114549,0.1,0.0066,1,0,33
1225.5,0,3061.0084533691406,0,0,-3061.0084533691406,0,0.0067638113028182373,0.1,0.0062,1,0,33
1225.625,0,3061.0084533691406,0,0,-3061.0084533691406,0,0.0067638114805461946,0.1,0.0062,1,0,33
1225.75,0,3061.004638671875,0,-0.030517578125,-3061.004638671875,0,0.0067642422153972731,0.1,0.0062,1,0,33
1225.875,0,3061.0084533691406,0,0.030517578125,-3061.0084533691406,0,0.0067638059611071638,0.1,0.0068,1,0,33
1226,0,3061.0122680664062,0,0.030517578125,-3061.0122680664062,0,0.0067633756780540732,0.1,0.0064,1,0,33
1226.125,0,3061.0084533691406,0,-0.030517578125,-3061.0084533691406,0,0.0067638123757131768,0.1,0.0056,1,0,33
1226.25,0,3061.004638671875,0,-0.030517578125,-3061.004638671875,0,0.0067642430938635312,0.1,0.0068,1,0,33
1226.375,0,3061.0084533691406,0,0.030517578125,-3061.0084533691406,0,0.006763806823184268,0.1,0.006,1,0,33
1226.5,0,3061.0122680664062,0,0.030517578125,-3061.0122680664062,0,0.0067633765240477928,0.1,0.0058,1,0,33
1226.625,0,3061.0122680664062,0,0,-3061.0122680664062,0,0.0067633826454846641,0.1,0.0062,1,0,33
1226.75,0,3061.0084533691406,0,-0.030517578125,-3061.0084533691406,0,0.0067638192131555946,0.1,0.006,1,0,33
1226.875,0,3061.0084533691406,0,0,-3061.0084533691406,0,0.0067638192433039923,0.1,0.007,1,0,33
1227,0,3061.0084533691406,0,0,-3061.0084533691406,0,0.0067638192728899371,0.1,0.0072,1,0,33
1227.125,0,3061.0084533691406,0,0,-3061.0084533691406,0,0.0067638193019239068,0.1,0.006,1,0,33
1227.25,0,3061.0122680664062,0,0.030517578125,-3061.0122680664062,0,0.0067633887699772854,0.1,0.0062,1,0,33
1227.375,0,3061.0122680664062,0,0,-3061.0122680664062,0,0.0067633946629474528,0.1,0.007,1,0,33
1227.5,0,3061.0084533691406,0,-0.030517578125,-3061.0084533691406,0,0.0067638310064140755,0.1,0.0058,1,0,33
1227.625,0,3061.0160827636719,0,0.06103515625,-3061.0160827636719,0,0.0067629696956632152,0.1,0.0056,1,0,33
1227.75,0,3061.0084533691406,0,-0.06103515625,-3061.0084533691406,0,0.0067638423602292552,0.1,0.0068,1,0,33
1227.875,0,3061.0084533691406,0,0,-3061.0084533691406,0,0.0067638419585332732,0.1,0.0058,1,0,33
1228,0,3061.0122680664062,0,0.030517578125,-3061.0122680664062,0,0.006763411003892647,0.1,0.0058,1,0,33
1228.125,0,3061.0084533691406,0,-0.030517578125,-3061.0084533691406,0,0.00676384704249372,0.1,0.007,1,0,33
1228.25,0,3061.0084533691406,0,0,-3061.0084533691406,0,0.0067638465534428788,0.1,0.0056,1,0,33
1228.375,0,3061.0160827636719,0,0.06103515625,-3061.0160827636719,0,0.0067629849526382041,0.1,0.0064,1,0,33
1228.5,0,3061.0084533691406,0,-0.06103515625,-3061.0084533691406,0,0.0067638573325618373,0.1,0.0056,1,0,33
1228.625,0,3061.0122680664062,0,0.030517578125,-3061.0122680664062,0,0.0067634260910949817,0.1,0.007,1,0,33
1228.75,0,3061.0160827636719,0,0.030517578125,-3061.0160827636719,0,0.0067630007273431908,0.1,0.0066,1,0,33
1228.875,0,3061.0084533691406,0,-0.06103515625,-3061.0084533691406,0,0.0067638728129653519,0.1,0.006,1,0,33
1229,0,3061.0084533691406,0,0,-3061.0084533691406,0,0.0067638718431265871,0.1,0.0058,1,0,33
1229.125,0,3061.0160827636719,0,0.06103515625,-3061.0160827636719,0,0.0067630097705038417,0.1,0.006,1,0,33
1229.25,0,3061.0084533691406,0,-0.06103515625,-3061.0084533691406,0,0.0067638816874118907,0.1,0.0054,1,0,33
1229.375,0,3061.0198974609375,0,0.091552734375,-3061.0198974609375,0,0.00676258887068984,0.1,0.0066,1,0,33
1229.5,0,3061.0122680664062,0,-0.06103515625,-3061.0122680664062,0,0.0067634664723734556,0.1,0.0064,1,0,33
1229.625,0,3061.0198974609375,0,0.06103515625,-3061.0198974609375,0,0.0067626097948076253,0.1,0.0062,1,0,33
1229.75,0,3061.0084533691406,0,-0.091552734375,-3061.0084533691406,0,0.0067639175665584472,0.1,0.0066,1,0,33
1229.875,0,3061.0122680664062,0,0.030517578125,-3061.0122680664062,0,0.0067634852013334357,0.1,0.0066,1,0,33
1230,0,3061.0122680664062,0,0,-3061.0122680664062,0,0.00676348929522784,0.1,0.006,1,0,33
1230.125,0,3061.0084533691406,0,-0.030517578125,-3061.0084533691406,0,0.0067639238731832391,0.1,0.0062,1,0,33
1230.25,0,3061.0084533691406,0,0,-3061.0084533691406,0,0.0067639219507373144,0.1,0.006,1,0,33
1230.375,0,3061.0084533691406,0,0,-3061.0084533691406,0,0.0067639200641575886,0.1,0.0076,1,0,33
1230.5,0,3061.0084533691406,0,0,-3061.0084533691406,0,0.0067639182127749164,0.1,0.0052,1,0,33
1230.625,0,3061.0084533691406,0,0,-3061.0084533691406,0,0.0067639163959326426,0.1,0.0074,1,0,33
1230.75,0,3061.004638671875,0,-0.030517578125,-3061.004638671875,0,0.0067643451734252791,0.1,0.0062,1,0,33
1230.875,0,3061.004638671875,0,0,-3061.004638671875,0,0.00676433755873318,0.1,0.0064,1,0,33
1231,0,3061.0084533691406,0,0.030517578125,-3061.0084533691406,0,0.0067638995256660006,0.1,0.0064,1,0,33
1231.125,0,3061.004638671875,0,-0.030517578125,-3061.004638671875,0,0.0067643286178994955,0.1,0.0066,1,0,33
1231.25,0,3061.0008239746094,0,-0.030517578125,-3061.0008239746094,0,0.0067647518725151984,0.1,0.0056,1,0,33
1231.375,0,3061.0084533691406,0,0.06103515625,-3061.0084533691406,0,0.0067638777171061815,0.1,0.0074,1,0,33
1231.5,0,3061.0008239746094,0,-0.06103515625,-3061.0008239746094,0,0.0067647377766509309,0.1,0.0068,1,0,33
1231.625,0,3061.004638671875,0,0.030517578125,-3061.004638671875,0,0.0067642944446609232,0.1,0.0064,1,0,33
1231.75,0,3061.0084533691406,0,0.030517578125,-3061.0084533691406,0,0.006763857215953295,0.1,0.0056,1,0,33
1231.875,0,3061.004638671875,0,-0.030517578125,-3061.004638671875,0,0.0067642870975397756,0.1,0.0064,1,0,33
1232,0,3060.9970092773438,0,-0.06103515625,-3060.9970092773438,0,0.0067651416872207687,0.1,0.0056,1,0,33
1232.125,0,3061.004638671875,0,0.06103515625,-3061.004638671875,0,0.0067642624269767943,0.1,0.0062,1,0,33
1232.25,0,3061.004638671875,0,0,-3061.004638671875,0,0.0067642563560473823,0.1,0.0064,1,0,33
1232.375,0,3061.004638671875,0,0,-3061.004638671875,0,0.0067642503983805363,0.1,0.0066,1,0,33
1232.5,0,3061.0084533691406,0,0.030517578125,-3061.0084533691406,0,0.0067638139914242418,0.1,0.0064,1,0,33
1232.625,0,3061.0160827636719,0,0.06103515625,-3061.0160827636719,0,0.0067629529981142744,0.1,0.0074,1,0,33
1232.75,0,3061.004638671875,0,-0.091552734375,-3061.004638671875,0,0.0067642565346377748,0.1,0.007,1,0,33
1232.875,0,3061.0122680664062,0,0.06103515625,-3061.0122680664062,0,0.0067633894527612121,0.1,0.0056,1,0,33
1233,0,3061.004638671875,0,-0.06103515625,-3061.004638671875,0,0.0067642564538708122,0.1,0.0056,1,0,33
1233.125,0,3061.004638671875,0,0,-3061.004638671875,0,0.0067642504943789122,0.1,0.0052,1,0,33
1233.25,0,3061.004638671875,0,0,-3061.004638671875,0,0.006764244646070533,0.1,0.0062,1,0,33
1233.375,0,3061.0122680664062,0,0.06103515625,-3061.0122680664062,0,0.006763377785993549,0.1,0.0064,1,0,33
1233.5,0,3061.0160827636719,0,0.030517578125,-3061.0160827636719,0,0.006762953323447965,0.1,0.0058,1,0,33
1233.625,0,3061.0122680664062,0,-0.030517578125,-3061.0122680664062,0,0.0067633957330240357,0.1,0.0074,1,0,33
1233.75,0,3061.0122680664062,0,0,-3061.0122680664062,0,0.0067634014960878119,0.1,0.006,1,0,33
1233.875,0,3061.0122680664062,0,0,-3061.0122680664062,0,0.0067634071516327471,0.1,0.0054,1,0,33
1234,0,3061.0122680664062,0,0,-3061.0122680664062,0,0.0067634127016647644,0.1,0.0062,1,0,33
1234.125,0,3061.0084533691406,0,-0.030517578125,-3061.0084533691406,0,0.0067638487085912857,0.1,0.0062,1,0,33
1234.25,0,3061.0122680664062,0,0.030517578125,-3061.0122680664062,0,0.0067634176280179092,0.1,0.0058,1,0,33
1234.375,0,3061.0122680664062,0,0,-3061.0122680664062,0,0.0067634229825967868,0.1,0.0054,1,0,33
1234.5,0,3061.0084533691406,0,-0.030517578125,-3061.0084533691406,0,0.0067638587977166542,0.1,0.0072,1,0,33
1234.625,0,3061.0122680664062,0,0.030517578125,-3061.0122680664062,0,0.0067634275289150669,0.1,0.007,1,0,33
1234.75,0,3061.0084533691406,0,-0.030517578125,-3061.0084533691406,0,0.0067638632592163517,0.1,0.0052,1,0,33
1234.875,0,3061.0122680664062,0,0.030517578125,-3061.0122680664062,0,0.00676343190717861,0.1,0.006,1,0,33
1235,0,3061.0160827636719,0,0.030517578125,-3061.0160827636719,0,0.0067630064349187974,0.1,0.0064,1,0,33
1235.125,0,3061.0122680664062,0,-0.030517578125,-3061.0122680664062,0,0.0067634478536184178,0.1,0.0066,1,0,33
1235.25,0,3061.0084533691406,0,-0.030517578125,-3061.0084533691406,0,0.0067638832047309944,0.1,0.0062,1,0,33
1235.375,0,3061.0122680664062,0,0.030517578125,-3061.0122680664062,0,0.0067634514805789,0.1,0.006,1,0,33
1235.5,0,3061.0122680664062,0,0,-3061.0122680664062,0,0.0067634562035860241,0.1,0.0058,1,0,33
1235.625,0,3061.0160827636719,0,0.030517578125,-3061.0160827636719,0,0.0067630302780392476,0.1,0.0068,1,0,33
1235.75,0,3061.0084533691406,0,-0.06103515625,-3061.0084533691406,0,0.0067639018123475808,0.1,0.0064,1,0,33
1235.875,0,3061.0122680664062,0,0.030517578125,-3061.0122680664062,0,0.0067634697410416805,0.1,0.0064,1,0,33
1236,0,3061.0084533691406,0,-0.030517578125,-3061.0084533691406,0,0.0067639046838106065,0.1,0.0068,1,0,33
1236.125,0,3061.0122680664062,0,0.030517578125,-3061.0122680664062,0,0.0067634725589331285,0.1,0.006,1,0,33
1236.25,0,3061.0122680664062,0,0,-3061.0122680664062,0,0.006763476888691014,0.1,0.0064,1,0,33
1236.375,0,3061.0084533691406,0,-0.030517578125,-3061.0084533691406,0,0.0067639116981094982,0.1,0.0056,1,0,33
1236.5,0,3061.0122680664062,0,0.030517578125,-3061.0122680664062,0,0.0067634794423694494,0.1,0.0064,1,0,33
1236.625,0,3061.0122680664062,0,0,-3061.0122680664062,0,0.006763483643706214,0.1,0.0068,1,0,33
1236.75,0,3061.0122680664062,0,0,-3061.0122680664062,0,0.0067634877666605531,0.1,0.0052,1,0,33
1236.875,0,3061.0122680664062,0,0,-3061.0122680664062,0,0.0067634918126948246,0.1,0.0066,1,0,33
1237,0,3061.0084533691406,0,-0.030517578125,-3061.0084533691406,0,0.0067639263436829883,0.1,0.0062,1,0,33
1237.125,0,3061.0084533691406,0,0,-3061.0084533691406,0,0.0067639243751460854,0.1,0.006,1,0,33
1237.25,0,3061.0122680664062,0,0.030517578125,-3061.0122680664062,0,0.0067634918828963636,0.1,0.0066,1,0,33
1237.375,0,3061.004638671875,0,-0.06103515625,-3061.004638671875,0,0.0067643569730137243,0.1,0.0062,1,0,33
1237.5,0,3061.0122680664062,0,0.06103515625,-3061.0122680664062,0,0.0067634880173042672,0.1,0.0066,1,0,33
1237.625,0,3061.0122680664062,0,0,-3061.0122680664062,0,0.00676349205866239,0.1,0.0062,1,0,33
1237.75,0,3061.0122680664062,0,0,-3061.0122680664062,0,0.0067634960246227421,0.1,0.0072,1,0,33
1237.875,0,3061.004638671875,0,-0.06103515625,-3061.004638671875,0,0.0067643610374698154,0.1,0.006,1,0,33
1238,0,3061.004638671875,0,0,-3061.004638671875,0,0.0067643531268094942,0.1,0.0056,1,0,33
1238.125,0,3061.0084533691406,0,0.030517578125,-3061.0084533691406,0,0.0067639148032958285,0.1,0.0066,1,0,33
1238.25,0,3061.0122680664062,0,0.030517578125,-3061.0122680664062,0,0.0067634824896237455,0.1,0.005,1,0,33
1238.375,0,3061.0122680664062,0,0,-3061.0122680664062,0,0.0067634866341092781,0.1,0.0064,1,0,33
1238.5,0,3061.0122680664062,0,0,-3061.0122680664062,0,0.0067634907012730366,0.1,0.0074,1,0,33
1238.625,0,3061.0122680664062,0,0,-3061.0122680664062,0,0.0067634946925575756,0.1,0.0058,1,0,33
1238.75,0,3061.0122680664062,0,0,-3061.0122680664062,0,0.0067634986093785543,0.1,0.006,1,0,33
1238.875,0,3061.0160827636719,0,0.030517578125,-3061.0160827636719,0,0.0067630718926862676,0.1,0.0062,1,0,33
1239,0,3061.0084533691406,0,-0.06103515625,-3061.0084533691406,0,0.0067639426506091449,0.1,0.0064,1,0,33
1239.125,0,3061.0084533691406,0,0,-3061.0084533691406,0,0.0067639403778413654,0.1,0.0058,1,0,33
1239.25,0,3061.0160827636719,0,0.06103515625,-3061.0160827636719,0,0.006763077026597758,0.1,0.0068,1,0,33
1239.375,0,3061.0084533691406,0,-0.06103515625,-3061.0084533691406,0,0.0067639476887395855,0.1,0.0064,1,0,33
1239.5,0,3061.0160827636719,0,0.06103515625,-3061.0160827636719,0,0.0067630842010998893,0.1,0.0058,1,0,33
1239.625,0,3061.0122680664062,0,-0.030517578125,-3061.0122680664062,0,0.0067635241689514014,0.1,0.0072,1,0,33
1239.75,0,3061.0122680664062,0,0,-3061.0122680664062,0,0.0067635275358447627,0.1,0.0062,1,0,33
1239.875,0,3061.0122680664062,0,0,-3061.0122680664062,0,0.0067635308399235372,0.1,0.0048,1,0,33
1240,0,3061.0160827636719,0,0.030517578125,-3061.0160827636719,0,0.0067631035219207075,0.1,0.0058,1,0,33
1240.125,0,3061.0160827636719,0,0,-3061.0160827636719,0,0.0067631125688735749,0.1,0.0072,1,0,33
1240.25,0,3061.0122680664062,0,-0.030517578125,-3061.0122680664062,0,0.0067635520074804945,0.1,0.0074,1,0,33
1240.375,0,3061.0122680664062,0,0,-3061.0122680664062,0,0.0067635548550031288,0.1,0.0064,1,0,33
1240.5,0,3061.0122680664062,0,0,-3061.0122680664062,0,0.006763557649400842,0.1,0.007,1,0,33
1240.625,0,3061.0084533691406,0,-0.030517578125,-3061.0084533691406,0,0.0067639909521036712,0.1,0.0068,1,0,33
1240.75,0,3061.0122680664062,0,0.030517578125,-3061.0122680664062,0,0.006763557217758065,0.1,0.0064,1,0,33
1240.875,0,3061.0160827636719,0,0.030517578125,-3061.0160827636719,0,0.0067631294076360288,0.1,0.0054,1,0,33
1241,0,3061.0122680664062,0,-0.030517578125,-3061.0122680664062,0,0.006763568532089842,0.1,0.0066,1,0,33
1241.125,0,3061.0160827636719,0,0.030517578125,-3061.0160827636719,0,0.0067631405108814768,0.1,0.0062,1,0,33
1241.25,0,3061.0122680664062,0,-0.030517578125,-3061.0122680664062,0,0.0067635794281871164,0.1,0.0062,1,0,33
1241.375,0,3061.0084533691406,0,-0.030517578125,-3061.0084533691406,0,0.0067640123245730766,0.1,0.0064,1,0,33
1241.5,0,3061.0084533691406,0,0,-3061.0084533691406,0,0.0067640087519299785,0.1,0.0072,1,0,33
1241.625,0,3061.0122680664062,0,0.030517578125,-3061.0122680664062,0,0.00676357468550115,0.1,0.0062,1,0,33
1241.75,0,3061.0160827636719,0,0.030517578125,-3061.0160827636719,0,0.0067631465494914084,0.1,0.006,1,0,33
1241.875,0,3061.0122680664062,0,-0.030517578125,-3061.0122680664062,0,0.006763585354137458,0.1,0.006,1,0,33
1242,0,3061.0122680664062,0,0,-3061.0122680664062,0,0.0067635875795267475,0.1,0.0052,1,0,33
1242.125,0,3061.0084533691406,0,-0.030517578125,-3061.0084533691406,0,0.0067640203238368835,0.1,0.0062,1,0,33
1242.25,0,3061.0122680664062,0,0.030517578125,-3061.0122680664062,0,0.0067635860415162646,0.1,0.0058,1,0,33
1242.375,0,3061.0084533691406,0,-0.030517578125,-3061.0084533691406,0,0.0067640188145203645,0.1,0.0066,1,0,33
1242.5,0,3061.0122680664062,0,0.030517578125,-3061.0122680664062,0,0.0067635845603583739,0.1,0.006,1,0,33
1242.625,0,3061.0160827636719,0,0.030517578125,-3061.0160827636719,0,0.0067631562401179318,0.1,0.0052,1,0,33
1242.75,0,3061.0122680664062,0,-0.030517578125,-3061.0122680664062,0,0.006763594863970393,0.1,0.0062,1,0,33
1242.875,0,3061.0084533691406,0,-0.030517578125,-3061.0084533691406,0,0.00676402747237799,0.1,0.0072,1,0,33
1243,0,3061.0122680664062,0,0.030517578125,-3061.0122680664062,0,0.0067635930566903035,0.1,0.0066,1,0,33
1243.125,0,3061.0160827636719,0,0.030517578125,-3061.0160827636719,0,0.006763164577937672,0.1,0.0066,1,0,33
1243.25,0,3061.0084533691406,0,-0.06103515625,-3061.0084533691406,0,0.006764033606674158,0.1,0.006,1,0,33
1243.375,0,3061.004638671875,0,-0.030517578125,-3061.004638671875,0,0.006764460197419539,0.1,0.0066,1,0,33
1243.5,0,3061.0122680664062,0,0.06103515625,-3061.0122680664062,0,0.0067635893158995014,0.1,0.0072,1,0,33
1243.625,0,3061.0122680664062,0,0,-3061.0122680664062,0,0.0067635914673760122,0.1,0.0068,1,0,33
1243.75,0,3061.0084533691406,0,-0.030517578125,-3061.0084533691406,0,0.006764024139152322,0.1,0.0066,1,0,33
1243.875,0,3061.0084533691406,0,0,-3061.0084533691406,0,0.0067640203460900272,0.1,0.0064,1,0,33
1244,0,3061.0122680664062,0,0.030517578125,-3061.0122680664062,0,0.0067635860633542405,0.1,0.006,1,0,33
1244.125,0,3061.0122680664062,0,0,-3061.0122680664062,0,0.006763588275512003,0.1,0.0062,1,0,33
1244.25,0,3061.0084533691406,0,-0.030517578125,-3061.0084533691406,0,0.0067640210068374562,0.1,0.0066,1,0,33
1244.375,0,3061.0198974609375,0,0.091552734375,-3061.0198974609375,0,0.0067627255908965234,0.1,0.0062,1,0,33
1244.5,0,3061.0084533691406,0,-0.091552734375,-3061.0084533691406,0,0.0067640312022926169,0.1,0.0062,1,0,33
1244.625,0,3061.004638671875,0,-0.030517578125,-3061.004638671875,0,0.006764457837895449,0.1,0.0052,1,0,33
1244.75,0,3061.0122680664062,0,0.06103515625,-3061.0122680664062,0,0.0067635870003959764,0.1,0.0064,1,0,33
1244.875,0,3061.0084533691406,0,-0.030517578125,-3061.0084533691406,0,0.0067640197555106918,0.1,0.0066,1,0,33
1245,0,3061.004638671875,0,-0.030517578125,-3061.004638671875,0,0.006764446604670904,0.1,0.0072,1,0,33
1245.125,0,3061.0084533691406,0,0.030517578125,-3061.0084533691406,0,0.0067640065371834812,0.1,0.0076,1,0,33
1245.25,0,3061.0084533691406,0,0,-3061.0084533691406,0,0.0067640030725130695,0.1,0.0056,1,0,33
1245.375,0,3061.0084533691406,0,0,-3061.0084533691406,0,0.0067639996724814383,0.1,0.0058,1,0,33
1245.5,0,3061.004638671875,0,-0.030517578125,-3061.004638671875,0,0.0067644268963215487,0.1,0.007,1,0,33
1245.625,0,3061.004638671875,0,0,-3061.004638671875,0,0.0067644177569627095,0.1,0.007,1,0,33
1245.75,0,3061.0084533691406,0,0.030517578125,-3061.0084533691406,0,0.0067639782276738,0.1,0.0062,1,0,33
1245.875,0,3061.0084533691406,0,0,-3061.0084533691406,0,0.0067639752911609757,0.1,0.0066,1,0,33
1246,0,3061.0084533691406,0,0,-3061.0084533691406,0,0.0067639724094333414,0.1,0.0072,1,0,33
1246.125,0,3061.0008239746094,0,-0.06103515625,-3061.0008239746094,0,0.006764830702346597,0.1,0.005,1,0,33
1246.25,0,3061.0084533691406,0,0.06103515625,-3061.0084533691406,0,0.0067639550762454287,0.1,0.0066,1,0,33
1246.375,0,3061.0084533691406,0,0,-3061.0084533691406,0,0.0067639525716582383,0.1,0.0064,1,0,33
1246.5,0,3061.004638671875,0,-0.030517578125,-3061.004638671875,0,0.0067643806742368889,0.1,0.0054,1,0,33
1246.625,0,3061.0084533691406,0,0.030517578125,-3061.0084533691406,0,0.0067639418367834575,0.1,0.0062,1,0,33
1246.75,0,3061.0084533691406,0,0,-3061.0084533691406,0,0.0067639395791988521,0.1,0.0066,1,0,33
1246.875,0,3061.0008239746094,0,-0.06103515625,-3061.0008239746094,0,0.0067647984846107984,0.1,0.0064,1,0,33
1247,0,3061.004638671875,0,0.030517578125,-3061.004638671875,0,0.0067643540200201246,0.1,0.0064,1,0,33
1247.125,0,3061.004638671875,0,0,-3061.004638671875,0,0.0067643462402811466,0.1,0.0056,1,0,33
1247.25,0,3061.004638671875,0,0,-3061.004638671875,0,0.0067643386056852051,0.1,0.007,1,0,33
1247.375,0,3061.004638671875,0,0,-3061.004638671875,0,0.0067643311135244383,0.1,0.0058,1,0,33
1247.5,0,3061.0084533691406,0,0.030517578125,-3061.0084533691406,0,0.0067638932007025726,0.1,0.0068,1,0,33
1247.625,0,3061.0084533691406,0,0,-3061.0084533691406,0,0.00676389185049911,0.1,0.0058,1,0,33
1247.75,0,3061.004638671875,0,-0.030517578125,-3061.004638671875,0,0.0067643210859246877,0.1,0.0068,1,0,33
1247.875,0,3061.004638671875,0,0,-3061.004638671875,0,0.0067643139206220865,0.1,0.006,1,0,33
1248,0,3061.0084533691406,0,0.030517578125,-3061.0084533691406,0,0.0067638763285603476,0.1,0.0054,1,0,33
1248.125,0,3061.0084533691406,0,0,-3061.0084533691406,0,0.0067638752931327428,0.1,0.0062,1,0,33
1248.25,0,3061.004638671875,0,-0.030517578125,-3061.004638671875,0,0.0067643048374615433,0.1,0.0066,1,0,33
1248.375,0,3061.0122680664062,0,0.06103515625,-3061.0122680664062,0,0.0067634368544212675,0.1,0.007,1,0,33
1248.5,0,3061.0084533691406,0,-0.030517578125,-3061.0084533691406,0,0.0067638724107408343,0.1,0.0066,1,0,33
1248.625,0,3061.0084533691406,0,0,-3061.0084533691406,0,0.0067638714484061918,0.1,0.0056,1,0,33
1248.75,0,3061.0122680664062,0,0.030517578125,-3061.0122680664062,0,0.0067634399435864689,0.1,0.007,1,0,33
1248.875,0,3061.0160827636719,0,0.030517578125,-3061.0160827636719,0,0.006763014321395075,0.1,0.0054,1,0,33
1249,0,3061.0122680664062,0,-0.030517578125,-3061.0122680664062,0,0.0067634555929603074,0.1,0.0064,1,0,33
1249.125,0,3061.0084533691406,0,-0.030517578125,-3061.0084533691406,0,0.0067638907996835224,0.1,0.0066,1,0,33
1249.25,0,3061.0122680664062,0,0.030517578125,-3061.0122680664062,0,0.00676345893383587,0.1,0.0062,1,0,33
1249.375,0,3061.0084533691406,0,-0.030517578125,-3061.0084533691406,0,0.0067638940782298873,0.1,0.0064,1,0,33
1249.5,0,3061.0160827636719,0,0.06103515625,-3061.0160827636719,0,0.0067630315907769717,0.1,0.0064,1,0,33
1249.625,0,3061.0122680664062,0,-0.030517578125,-3061.0122680664062,0,0.0067634725401552465,0.1,0.006,1,0,33
1249.75,0,3061.0122680664062,0,0,-3061.0122680664062,0,0.0067634768702634629,0.1,0.0058,1,0,33
1249.875,0,3061.0160827636719,0,0.030517578125,-3061.0160827636719,0,0.0067630505591479151,0.1,0.006,1,0,33
1250,0,3061.0122680664062,0,-0.030517578125,-3061.0122680664062,0,0.0067634911546419485,0.1,0.0066,1,0,33
1250.125,0,3061.0122680664062,0,0,-3061.0122680664062,0,0.0067634951374681979,0.1,0.006,1,0,33
1250.25,0,3061.0122680664062,0,0,-3061.0122680664062,0,0.0067634990459886773,0.1,0.0048,1,0,33
1250.375,0,3061.0160827636719,0,0.030517578125,-3061.0160827636719,0,0.0067630723211507676,0.1,0.0074,1,0,33
1250.5,0,3061.0122680664062,0,-0.030517578125,-3061.0122680664062,0,0.0067635125106410565,0.1,0.006,1,0,33
1250.625,0,3061.0122680664062,0,0,-3061.0122680664062,0,0.0067635160950381829,0.1,0.0066,1,0,33
1250.75,0,3061.0084533691406,0,-0.030517578125,-3061.0084533691406,0,0.00676395017300177,0.1,0.0052,1,0,33
1250.875,0,3061.0160827636719,0,0.06103515625,-3061.0160827636719,0,0.006763086639014329,0.1,0.007,1,0,33
1251,0,3061.0122680664062,0,-0.030517578125,-3061.0122680664062,0,0.0067635265613827794,0.1,0.0074,1,0,33
1251.125,0,3061.0122680664062,0,0,-3061.0122680664062,0,0.0067635298836416363,0.1,0.0052,1,0,33
1251.25,0,3061.0122680664062,0,0,-3061.0122680664062,0,0.0067635331439186291,0.1,0.0068,1,0,33
1251.375,0,3061.0160827636719,0,0.030517578125,-3061.0160827636719,0,0.0067631057829312113,0.1,0.006,1,0,33
1251.5,0,3061.0084533691406,0,-0.06103515625,-3061.0084533691406,0,0.0067639759085792728,0.1,0.0064,1,0,33
1251.625,0,3061.004638671875,0,-0.030517578125,-3061.004638671875,0,0.0067644035757716547,0.1,0.0062,1,0,33
1251.75,0,3061.0122680664062,0,0.06103515625,-3061.0122680664062,0,0.0067635337506158355,0.1,0.006,1,0,33
1251.875,0,3061.004638671875,0,-0.06103515625,-3061.004638671875,0,0.0067643980596262809,0.1,0.0058,1,0,33
1252,0,3061.0160827636719,0,0.091552734375,-3061.0160827636719,0,0.006763097776943755,0.1,0.0068,1,0,33
1252.125,0,3061.0084533691406,0,-0.06103515625,-3061.0084533691406,0,0.0067639680519558654,0.1,0.0062,1,0,33
1252.25,0,3061.0160827636719,0,0.06103515625,-3061.0160827636719,0,0.0067631041844089385,0.1,0.0066,1,0,33
1252.375,0,3061.0160827636719,0,0,-3061.0160827636719,0,0.0067631132190020676,0.1,0.0068,1,0,33
1252.5,0,3061.0084533691406,0,-0.06103515625,-3061.0084533691406,0,0.0067639832059187416,0.1,0.0064,1,0,33
1252.625,0,3061.0084533691406,0,0,-3061.0084533691406,0,0.0067639801765290858,0.1,0.007,1,0,33
1252.75,0,3061.0122680664062,0,0.030517578125,-3061.0122680664062,0,0.006763546643218446,0.1,0.0068,1,0,33
1252.875,0,3061.0084533691406,0,-0.030517578125,-3061.0084533691406,0,0.0067639801512585918,0.1,0.006,1,0,33
1253,0,3061.0122680664062,0,0.030517578125,-3061.0122680664062,0,0.0067635466184194221,0.1,0.0066,1,0,33
1253.125,0,3061.0084533691406,0,-0.030517578125,-3061.0084533691406,0,0.0067639801269222255,0.1,0.0058,1,0,33
1253.25,0,3061.0084533691406,0,0,-3061.0084533691406,0,0.0067639771549759947,0.1,0.0062,1,0,33
1253.375,0,3061.0122680664062,0,0.030517578125,-3061.0122680664062,0,0.0067635436780370956,0.1,0.0056,1,0,33
1253.5,0,3061.0084533691406,0,-0.030517578125,-3061.0084533691406,0,0.0067639772413972676,0.1,0.0054,1,0,33
1253.625,0,3061.0160827636719,0,0.06103515625,-3061.0160827636719,0,0.0067631132024071339,0.1,0.0056,1,0,33
1253.75,0,3061.0084533691406,0,-0.06103515625,-3061.0084533691406,0,0.0067639831896334213,0.1,0.0068,1,0,33
1253.875,0,3061.0084533691406,0,0,-3061.0084533691406,0,0.0067639801605475919,0.1,0.0062,1,0,33
1254,0,3061.0084533691406,0,0,-3061.0084533691406,0,0.00676397718797403,0.1,0.0058,1,0,33
1254.125,0,3061.0084533691406,0,0,-3061.0084533691406,0,0.0067639742708584111,0.1,0.0064,1,0,33
1254.25,0,3061.0160827636719,0,0.06103515625,-3061.0160827636719,0,0.0067631102872882654,0.1,0.0066,1,0,33
1254.375,0,3061.0084533691406,0,-0.06103515625,-3061.0084533691406,0,0.00676398032890059,0.1,0.0062,1,0,33
1254.5,0,3061.0122680664062,0,0.030517578125,-3061.0122680664062,0,0.0067635467927472243,0.1,0.0062,1,0,33
1254.625,0,3061.0084533691406,0,-0.030517578125,-3061.0084533691406,0,0.006763980297997671,0.1,0.0072,1,0,33
1254.75,0,3061.0084533691406,0,0,-3061.0084533691406,0,0.006763977322859771,0.1,0.0068,1,0,33
1254.875,0,3061.0084533691406,0,0,-3061.0084533691406,0,0.0067639744032276516,0.1,0.0064,1,0,33
1255,0,3061.004638671875,0,-0.030517578125,-3061.004638671875,0,0.0067644020985046932,0.1,0.0068,1,0,33
1255.125,0,3061.0122680664062,0,0.06103515625,-3061.0122680664062,0,0.0067635323009095777,0.1,0.006,1,0,33
1255.25,0,3061.004638671875,0,-0.06103515625,-3061.004638671875,0,0.0067643966369665409,0.1,0.007,1,0,33
1255.375,0,3061.0122680664062,0,0.06103515625,-3061.0122680664062,0,0.0067635269412648358,0.1,0.0058,1,0,33
1255.5,0,3061.0084533691406,0,-0.030517578125,-3061.0084533691406,0,0.0067639608168753168,0.1,0.0066,1,0,33
1255.625,0,3061.0084533691406,0,0,-3061.0084533691406,0,0.0067639582051878117,0.1,0.0054,1,0,33
1255.75,0,3061.0084533691406,0,0,-3061.0084533691406,0,0.0067639556422253722,0.1,0.0066,1,0,33
1255.875,0,3061.0084533691406,0,0,-3061.0084533691406,0,0.0067639531270789477,0.1,0.0056,1,0,33
1256,0,3061.0160827636719,0,0.06103515625,-3061.0160827636719,0,0.0067630895379786338,0.1,0.0054,1,0,33
1256.125,0,3061.0084533691406,0,-0.06103515625,-3061.0084533691406,0,0.0067639599667013439,0.1,0.0074,1,0,33
1256.25,0,3061.0122680664062,0,0.030517578125,-3061.0122680664062,0,0.0067635268104362378,0.1,0.007,1,0,33
1256.375,0,3061.0084533691406,0,-0.030517578125,-3061.0084533691406,0,0.00676396068848753,0.1,0.0062,1,0,33
1256.5,0,3061.0084533691406,0,0,-3061.0084533691406,0,0.0067639580791953036,0.1,0.0064,1,0,33
1256.625,0,3061.0122680664062,0,0.030517578125,-3061.0122680664062,0,0.0067635249581445289,0.1,0.0066,1,0,33
1256.75,0,3061.0084533691406,0,-0.030517578125,-3061.0084533691406,0,0.0067639588707531922,0.1,0.007,1,0,33
1256.875,0,3061.0084533691406,0,0,-3061.0084533691406,0,0.0067639562953736021,0.1,0.0062,1,0,33
1257,0,3061.0084533691406,0,0,-3061.0084533691406,0,0.0067639537680416889,0.1,0.0058,1,0,33
1257.125,0,3061.0084533691406,0,0,-3061.0084533691406,0,0.0067639512878610586,0.1,0.006,1,0,33
1257.25,0,3061.0122680664062,0,0.030517578125,-3061.0122680664062,0,0.0067635182935131127,0.1,0.0062,1,0,33
1257.375,0,3061.0084533691406,0,-0.030517578125,-3061.0084533691406,0,0.00676395233046076,0.1,0.006,1,0,33
1257.5,0,3061.0160827636719,0,0.06103515625,-3061.0160827636719,0,0.006763088756222585,0.1,0.0068,1,0,33
1257.625,0,3061.0084533691406,0,-0.06103515625,-3061.0084533691406,0,0.00676395919953017,0.1,0.0066,1,0,33
1257.75,0,3061.0160827636719,0,0.06103515625,-3061.0160827636719,0,0.00676309549713891,0.1,0.006,1,0,33
1257.875,0,3061.0122680664062,0,-0.030517578125,-3061.0122680664062,0,0.0067635352542453758,0.1,0.006,1,0,33
1258,0,3061.0084533691406,0,-0.030517578125,-3061.0084533691406,0,0.0067639689747643894,0.1,0.0068,1,0,33
1258.125,0,3061.0084533691406,0,0,-3061.0084533691406,0,0.00676396621087888,0.1,0.0064,1,0,33
1258.25,0,3061.0122680664062,0,0.030517578125,-3061.0122680664062,0,0.0067635329381190018,0.1,0.0064,1,0,33
1258.375,0,3061.0122680664062,0,0,-3061.0122680664062,0,0.0067635361414100093,0.1,0.0068,1,0,33
1258.5,0,3061.0122680664062,0,0,-3061.0122680664062,0,0.0067635392849386827,0.1,0.0062,1,0,33
1258.625,0,3061.004638671875,0,-0.06103515625,-3061.004638671875,0,0.006764403490697804,0.1,0.0054,1,0,33
1258.75,0,3061.004638671875,0,0,-3061.004638671875,0,0.006764394788007,0.1,0.0072,1,0,33
1258.875,0,3061.0084533691406,0,0.030517578125,-3061.0084533691406,0,0.0067639556872394063,0.1,0.0046,1,0,33
1259,0,3061.0084533691406,0,0,-3061.0084533691406,0,0.0067639531712531814,0.1,0.0058,1,0,33
1259.125,0,3061.0084533691406,0,0,-3061.0084533691406,0,0.0067639507022065615,0.1,0.0064,1,0,33
1259.25,0,3061.0084533691406,0,0,-3061.0084533691406,0,0.0067639482792238165,0.1,0.005,1,0,33
1259.375,0,3061.0084533691406,0,0,-3061.0084533691406,0,0.0067639459014455505,0.1,0.0068,1,0,33
1259.5,0,3061.004638671875,0,-0.030517578125,-3061.004638671875,0,0.0067643741284673237,0.1,0.0064,1,0,33
1259.625,0,3061.0084533691406,0,0.030517578125,-3061.0084533691406,0,0.00676393541313533,0.1,0.0052,1,0,33
1259.75,0,3061.0084533691406,0,0,-3061.0084533691406,0,0.0067639332753937909,0.1,0.0076,1,0,33
1259.875,0,3061.004638671875,0,-0.030517578125,-3061.004638671875,0,0.0067643617379740395,0.1,0.0054,1,0,33
1260,0,3061.0008239746094,0,-0.030517578125,-3061.0008239746094,0,0.0067647843746836411,0.1,0.007,1,0,33
1260.125,0,3061.004638671875,0,0.030517578125,-3061.004638671875,0,0.0067643401733354369,0.1,0.006,1,0,33
1260.25,0,3061.004638671875,0,0,-3061.004638671875,0,0.0067643326519277319,0.1,0.006,1,0,33
1260.375,0,3061.0084533691406,0,0.030517578125,-3061.0084533691406,0,0.0067638947104045888,0.1,0.0066,1,0,33
1260.5,0,3061.004638671875,0,-0.030517578125,-3061.004638671875,0,0.0067643238924742222,0.1,0.0066,1,0,33
1260.625,0,3061.004638671875,0,0,-3061.004638671875,0,0.0067643166748111161,0.1,0.0066,1,0,33
1260.75,0,3061.0084533691406,0,0.030517578125,-3061.0084533691406,0,0.00676387903136573,0.1,0.0052,1,0,33
1260.875,0,3061.0084533691406,0,0,-3061.0084533691406,0,0.0067638779455131137,0.1,0.0062,1,0,33
1261,0,3061.0084533691406,0,0,-3061.0084533691406,0,0.006763876879918751,0.1,0.0062,1,0,33
1261.125,0,3061.0084533691406,0,0,-3061.0084533691406,0,0.006763875834204694,0.1,0.0062,1,0,33
1261.25,0,3061.0122680664062,0,0.030517578125,-3061.0122680664062,0,0.0067634442475611317,0.1,0.006,1,0,33
1261.375,0,3061.0122680664062,0,0,-3061.0122680664062,0,0.0067634491055113544,0.1,0.0062,1,0,33
1261.5,0,3061.004638671875,0,-0.06103515625,-3061.004638671875,0,0.0067643149937068464,0.1,0.0066,1,0,33
1261.625,0,3061.004638671875,0,0,-3061.004638671875,0,0.0067643079420639657,0.1,0.0064,1,0,33
1261.75,0,3061.0122680664062,0,0.06103515625,-3061.0122680664062,0,0.00676343990110255,0.1,0.0062,1,0,33
1261.875,0,3061.004638671875,0,-0.06103515625,-3061.004638671875,0,0.0067643059610204975,0.1,0.0068,1,0,33
1262,0,3061.0084533691406,0,0.030517578125,-3061.0084533691406,0,0.0067638685174574165,0.1,0.0068,1,0,33
1262.125,0,3061.0084533691406,0,0,-3061.0084533691406,0,0.0067638676277579912,0.1,0.0062,1,0,33
1262.25,0,3061.004638671875,0,-0.030517578125,-3061.004638671875,0,0.0067642973150961877,0.1,0.006,1,0,33
1262.375,0,3061.0084533691406,0,0.030517578125,-3061.0084533691406,0,0.0067638600328361609,0.1,0.0066,1,0,33
1262.5,0,3061.004638671875,0,-0.030517578125,-3061.004638671875,0,0.0067642898618693464,0.1,0.0064,1,0,33
1262.625,0,3061.0122680664062,0,0.06103515625,-3061.0122680664062,0,0.0067634221582218573,0.1,0.006,1,0,33
1262.75,0,3061.0122680664062,0,0,-3061.0122680664062,0,0.0067634274282828005,0.1,0.006,1,0,33
1262.875,0,3061.0084533691406,0,-0.030517578125,-3061.0084533691406,0,0.0067638631604615279,0.1,0.0068,1,0,33
1263,0,3061.0084533691406,0,0,-3061.0084533691406,0,0.0067638623707051149,0.1,0.0066,1,0,33
1263.125,0,3061.0084533691406,0,0,-3061.0084533691406,0,0.0067638615956828324,0.1,0.0058,1,0,33
1263.25,0,3061.0084533691406,0,0,-3061.0084533691406,0,0.0067638608351197893,0.1,0.007,1,0,33
1263.375,0,3061.0122680664062,0,0.030517578125,-3061.0122680664062,0,0.006763429528307302,0.1,0.0074,1,0,33
1263.5,0,3061.0122680664062,0,0,-3061.0122680664062,0,0.0067634346608679285,0.1,0.0066,1,0,33
1263.625,0,3061.0084533691406,0,-0.030517578125,-3061.0084533691406,0,0.0067638702581116206,0.1,0.0054,1,0,33
1263.75,0,3061.0122680664062,0,0.030517578125,-3061.0122680664062,0,0.00676343877549869,0.1,0.0054,1,0,33
1263.875,0,3061.0084533691406,0,-0.030517578125,-3061.0084533691406,0,0.0067638742959775927,0.1,0.0056,1,0,33
1264,0,3061.0084533691406,0,0,-3061.0084533691406,0,0.006763873298470946,0.1,0.0058,1,0,33
1264.125,0,3061.0122680664062,0,0.030517578125,-3061.0122680664062,0,0.0067634417591354162,0.1,0.0066,1,0,33
1264.25,0,3061.0160827636719,0,0.030517578125,-3061.0160827636719,0,0.0067630161030721447,0.1,0.0062,1,0,33
1264.375,0,3061.0084533691406,0,-0.06103515625,-3061.0084533691406,0,0.0067638879018363657,0.1,0.007,1,0,33
1264.5,0,3061.0122680664062,0,0.030517578125,-3061.0122680664062,0,0.006763456090052522,0.1,0.0058,1,0,33
1264.625,0,3061.0122680664062,0,0,-3061.0122680664062,0,0.0067634607270627978,0.1,0.0054,1,0,33
1264.75,0,3061.0122680664062,0,0,-3061.0122680664062,0,0.0067634652775624832,0.1,0.0068,1,0,33
1264.875,0,3061.004638671875,0,-0.06103515625,-3061.004638671875,0,0.0067643308640434052,0.1,0.0058,1,0,33
1265,0,3061.0160827636719,0,0.091552734375,-3061.0160827636719,0,0.0067630318349981705,0.1,0.0066,1,0,33
1265.125,0,3061.0122680664062,0,-0.030517578125,-3061.0122680664062,0,0.0067634727798201177,0.1,0.0072,1,0,33
1265.25,0,3061.0160827636719,0,0.030517578125,-3061.0160827636719,0,0.0067630465450181088,0.1,0.0064,1,0,33
1265.375,0,3061.0198974609375,0,0.030517578125,-3061.0198974609375,0,0.0067626260945240491,0.1,0.0076,1,0,33
1265.5,0,3061.0122680664062,0,-0.06103515625,-3061.0122680664062,0,0.0067635030017395986,0.1,0.0064,1,0,33
1265.625,0,3061.0122680664062,0,0,-3061.0122680664062,0,0.0067635067635399559,0.1,0.0062,1,0,33
1265.75,0,3061.0122680664062,0,0,-3061.0122680664062,0,0.00676351045515812,0.1,0.0054,1,0,33
1265.875,0,3061.0122680664062,0,0,-3061.0122680664062,0,0.00676351407790346,0.1,0.006,1,0,33
1266,0,3061.0122680664062,0,0,-3061.0122680664062,0,0.006763517633060892,0.1,0.0062,1,0,33
1266.125,0,3061.0122680664062,0,0,-3061.0122680664062,0,0.0067635211218913804,0.1,0.0062,1,0,33
1266.25,0,3061.0084533691406,0,-0.030517578125,-3061.0084533691406,0,0.0067639551060712649,0.1,0.0052,1,0,33
1266.375,0,3061.0160827636719,0,0.06103515625,-3061.0160827636719,0,0.0067630914800497904,0.1,0.0064,1,0,33
1266.5,0,3061.0122680664062,0,-0.030517578125,-3061.0122680664062,0,0.0067635313121012508,0.1,0.007,1,0,33
1266.625,0,3061.0160827636719,0,0.030517578125,-3061.0160827636719,0,0.0067631039852892177,0.1,0.0054,1,0,33
1266.75,0,3061.0122680664062,0,-0.030517578125,-3061.0122680664062,0,0.00676354358403615,0.1,0.007,1,0,33
1266.875,0,3061.0122680664062,0,0,-3061.0122680664062,0,0.0067635465887111446,0.1,0.0056,1,0,33
1267,0,3061.0122680664062,0,0,-3061.0122680664062,0,0.0067635495373292859,0.1,0.0068,1,0,33
1267.125,0,3061.0122680664062,0,0,-3061.0122680664062,0,0.0067635524309364037,0.1,0.007,1,0,33
1267.25,0,3061.0084533691406,0,-0.030517578125,-3061.0084533691406,0,0.0067639858309977291,0.1,0.0062,1,0,33
1267.375,0,3061.0084533691406,0,0,-3061.0084533691406,0,0.0067639827526331658,0.1,0.0064,1,0,33
1267.5,0,3061.0122680664062,0,0.030517578125,-3061.0122680664062,0,0.0067635491712613321,0.1,0.0068,1,0,33
1267.625,0,3061.0122680664062,0,0,-3061.0122680664062,0,0.0067635520716980146,0.1,0.0062,1,0,33
1267.75,0,3061.0084533691406,0,-0.030517578125,-3061.0084533691406,0,0.0067639854784614928,0.1,0.007,1,0,33
1267.875,0,3061.0122680664062,0,0.030517578125,-3061.0122680664062,0,0.00676355184623513,0.1,0.005,1,0,33
1268,0,3061.0198974609375,0,0.06103515625,-3061.0198974609375,0,0.0067626935758881707,0.1,0.0058,1,0,33
1268.125,0,3061.0122680664062,0,-0.06103515625,-3061.0122680664062,0,0.0067635692241347356,0.1,0.0058,1,0,33
1268.25,0,3061.0084533691406,0,-0.030517578125,-3061.0084533691406,0,0.0067640023108930386,0.1,0.0058,1,0,33
1268.375,0,3061.0084533691406,0,0,-3061.0084533691406,0,0.0067639989250705967,0.1,0.0064,1,0,33
1268.5,0,3061.0084533691406,0,0,-3061.0084533691406,0,0.0067639956024159037,0.1,0.0064,1,0,33
1268.625,0,3061.0084533691406,0,0,-3061.0084533691406,0,0.0067639923417504577,0.1,0.0062,1,0,33
1268.75,0,3061.0160827636719,0,0.06103515625,-3061.0160827636719,0,0.0067631280210399269,0.1,0.0068,1,0,33
1268.875,0,3061.0122680664062,0,-0.030517578125,-3061.0122680664062,0,0.0067635671713628387,0.1,0.0074,1,0,33
1269,0,3061.0084533691406,0,-0.030517578125,-3061.0084533691406,0,0.0067640002964187707,0.1,0.006,1,0,33
1269.125,0,3061.0122680664062,0,0.030517578125,-3061.0122680664062,0,0.0067635663877405466,0.1,0.0062,1,0,33
1269.25,0,3061.0122680664062,0,0,-3061.0122680664062,0,0.0067635689669772459,0.1,0.0066,1,0,33
1269.375,0,3061.0122680664062,0,0,-3061.0122680664062,0,0.0067635714980942979,0.1,0.0066,1,0,33
1269.5,0,3061.0084533691406,0,-0.030517578125,-3061.0084533691406,0,0.00676400454242837,0.1,0.006,1,0,33
1269.625,0,3061.0122680664062,0,0.030517578125,-3061.0122680664062,0,0.00676357055453429,0.1,0.0052,1,0,33
1269.75,0,3061.0084533691406,0,-0.030517578125,-3061.0084533691406,0,0.0067640036164719336,0.1,0.006,1,0,33
1269.875,0,3061.0084533691406,0,0,-3061.0084533691406,0,0.0067640002062919063,0.1,0.0054,1,0,33
1270,0,3061.0122680664062,0,0.030517578125,-3061.0122680664062,0,0.0067635662992951429,0.1,0.0066,1,0,33
1270.125,0,3061.0122680664062,0,0,-3061.0122680664062,0,0.0067635688801819249,0.1,0.0066,1,0,33
1270.25,0,3061.0084533691406,0,-0.030517578125,-3061.0084533691406,0,0.0067640019733571921,0.1,0.0064,1,0,33
1270.375,0,3061.0122680664062,0,0.030517578125,-3061.0122680664062,0,0.0067635680333930914,0.1,0.0064,1,0,33
1270.5,0,3061.004638671875,0,-0.06103515625,-3061.004638671875,0,0.0067644317028054263,0.1,0.0064,1,0,33
1270.625,0,3061.004638671875,0,0,-3061.004638671875,0,0.00676442247377422,0.1,0.006,1,0,33
1270.75,0,3061.0122680664062,0,0.06103515625,-3061.0122680664062,0,0.0067635522960469985,0.1,0.007,1,0,33
1270.875,0,3061.0160827636719,0,0.030517578125,-3061.0160827636719,0,0.0067631245777470678,0.1,0.0072,1,0,33
1271,0,3061.0122680664062,0,-0.030517578125,-3061.0122680664062,0,0.0067635637923099123,0.1,0.0066,1,0,33
1271.125,0,3061.0122680664062,0,0,-3061.0122680664062,0,0.0067635664199683782,0.1,0.0074,1,0,33
1271.25,0,3061.0084533691406,0,-0.030517578125,-3061.0084533691406,0,0.0067639995590427354,0.1,0.0058,1,0,33
1271.375,0,3061.0122680664062,0,0.030517578125,-3061.0122680664062,0,0.0067635656641213959,0.1,0.006,1,0,33
1271.5,0,3061.0122680664062,0,0,-3061.0122680664062,0,0.0067635682568583239,0.1,0.0062,1,0,33
1271.625,0,3061.0160827636719,0,0.030517578125,-3061.0160827636719,0,0.0067631402407848373,0.1,0.0052,1,0,33
1271.75,0,3061.0084533691406,0,-0.06103515625,-3061.0084533691406,0,0.0067640097235684565,0.1,0.0064,1,0,33
1271.875,0,3061.0084533691406,0,0,-3061.0084533691406,0,0.0067640061994511252,0.1,0.0066,1,0,33
1272,0,3061.0122680664062,0,0.030517578125,-3061.0122680664062,0,0.0067635721806427185,0.1,0.0056,1,0,33
1272.125,0,3061.004638671875,0,-0.06103515625,-3061.004638671875,0,0.0067644357726817095,0.1,0.0066,1,0,33
1272.25,0,3061.0084533691406,0,0.030517578125,-3061.0084533691406,0,0.0067639959072817585,0.1,0.006,1,0,33
1272.375,0,3061.0084533691406,0,0,-3061.0084533691406,0,0.0067639926409285706,0.1,0.0062,1,0,33
1272.5,0,3061.0084533691406,0,0,-3061.0084533691406,0,0.0067639894355142477,0.1,0.0064,1,0,33
1272.625,0,3061.0122680664062,0,0.030517578125,-3061.0122680664062,0,0.0067635557294629528,0.1,0.0064,1,0,33
1272.75,0,3061.0084533691406,0,-0.030517578125,-3061.0084533691406,0,0.006763989067985185,0.1,0.0066,1,0,33
1272.875,0,3061.0084533691406,0,0,-3061.0084533691406,0,0.0067639859292296239,0.1,0.0062,1,0,33
1273,0,3061.0084533691406,0,0,-3061.0084533691406,0,0.0067639828490324017,0.1,0.0066,1,0,33
1273.125,0,3061.0084533691406,0,0,-3061.0084533691406,0,0.0067639798263010031,0.1,0.005,1,0,33
1273.25,0,3061.0084533691406,0,0,-3061.0084533691406,0,0.0067639768599633276,0.1,0.006,1,0,33
1273.375,0,3061.0122680664062,0,0.030517578125,-3061.0122680664062,0,0.0067635433885283452,0.1,0.0068,1,0,33
1273.5,0,3061.0084533691406,0,-0.030517578125,-3061.0084533691406,0,0.0067639769572897523,0.1,0.0064,1,0,33
1273.625,0,3061.004638671875,0,-0.030517578125,-3061.004638671875,0,0.0067644046049168266,0.1,0.007,1,0,33
1273.75,0,3061.0084533691406,0,0.030517578125,-3061.0084533691406,0,0.0067639653209996264,0.1,0.0068,1,0,33
1273.875,0,3061.004638671875,0,-0.030517578125,-3061.004638671875,0,0.0067643931857196415,0.1,0.0072,1,0,33
1274,0,3061.0084533691406,0,0.030517578125,-3061.0084533691406,0,0.0067639541148451915,0.1,0.0062,1,0,33
1274.125,0,3061.004638671875,0,-0.030517578125,-3061.004638671875,0,0.0067643821886333166,0.1,0.0074,1,0,33
1274.25,0,3061.0122680664062,0,0.06103515625,-3061.0122680664062,0,0.0067635127624875724,0.1,0.006,1,0,33
1274.375,0,3061.0084533691406,0,-0.030517578125,-3061.0084533691406,0,0.0067639469026250232,0.1,0.0062,1,0,33
1274.5,0,3061.004638671875,0,-0.030517578125,-3061.004638671875,0,0.0067643751109682376,0.1,0.0064,1,0,33
1274.625,0,3061.0084533691406,0,0.030517578125,-3061.0084533691406,0,0.0067639363773061706,0.1,0.0072,1,0,33
1274.75,0,3061.0122680664062,0,0.030517578125,-3061.0122680664062,0,0.0067635036611376348,0.1,0.0062,1,0,33
1274.875,0,3061.0084533691406,0,-0.030517578125,-3061.0084533691406,0,0.0067639379710748154,0.1,0.0064,1,0,33
1275,0,3061.004638671875,0,-0.030517578125,-3061.004638671875,0,0.006764366346049891,0.1,0.007,1,0,33
1275.125,0,3061.004638671875,0,0,-3061.004638671875,0,0.0067643583363498072,0.1,0.0052,1,0,33
1275.25,0,3061.0084533691406,0,0.030517578125,-3061.0084533691406,0,0.0067639199156441232,0.1,0.0058,1,0,33
1275.375,0,3061.0160827636719,0,0.06103515625,-3061.0160827636719,0,0.0067630569461543805,0.1,0.0054,1,0,33
1275.5,0,3061.004638671875,0,-0.091552734375,-3061.004638671875,0,0.00676435854336678,0.1,0.007,1,0,33
1275.625,0,3061.004638671875,0,0,-3061.004638671875,0,0.0067643506792377933,0.1,0.0068,1,0,33
1275.75,0,3061.0084533691406,0,0.030517578125,-3061.0084533691406,0,0.0067639124013873508,0.1,0.0056,1,0,33
1275.875,0,3061.0084533691406,0,0,-3061.0084533691406,0,0.0067639106929654885,0.1,0.006,1,0,33
1276,0,3061.0008239746094,0,-0.06103515625,-3061.0008239746094,0,0.0067647701372946928,0.1,0.0066,1,0,33
1276.125,0,3061.0008239746094,0,0,-3061.0008239746094,0,0.006764756762005858,0.1,0.006,1,0,33
1276.25,0,3061.004638671875,0,0.030517578125,-3061.004638671875,0,0.0067643130758147652,0.1,0.007,1,0,33
1276.375,0,3061.004638671875,0,0,-3061.004638671875,0,0.0067643060599531235,0.1,0.006,1,0,33
1276.5,0,3061.004638671875,0,0,-3061.004638671875,0,0.00676429917498321,0.1,0.0062,1,0,33
1276.625,0,3061.004638671875,0,0,-3061.004638671875,0,0.0067642924184630332,0.1,0.0068,1,0,33
1276.75,0,3061.0084533691406,0,0.030517578125,-3061.0084533691406,0,0.00676385522755725,0.1,0.0058,1,0,33
1276.875,0,3061.0084533691406,0,0,-3061.0084533691406,0,0.006763854585801421,0.1,0.0062,1,0,33
1277,0,3061.004638671875,0,-0.030517578125,-3061.004638671875,0,0.0067642845164574417,0.1,0.008,1,0,33
1277.125,0,3061.0084533691406,0,0.030517578125,-3061.0084533691406,0,0.006763847472975773,0.1,0.0064,1,0,33
1277.25,0,3061.004638671875,0,-0.030517578125,-3061.004638671875,0,0.006764277536332533,0.1,0.0058,1,0,33
1277.375,0,3061.0084533691406,0,0.030517578125,-3061.0084533691406,0,0.0067638406230758619,0.1,0.0066,1,0,33
1277.5,0,3061.0084533691406,0,0,-3061.0084533691406,0,0.0067638402537891634,0.1,0.0064,1,0,33
1277.625,0,3061.004638671875,0,-0.030517578125,-3061.004638671875,0,0.0067642704518309921,0.1,0.0078,1,0,33
1277.75,0,3060.9970092773438,0,-0.06103515625,-3060.9970092773438,0,0.0067651253520633753,0.1,0.0064,1,0,33
1277.875,0,3061.0084533691406,0,0.091552734375,-3061.0084533691406,0,0.006763815836138054,0.1,0.0054,1,0,33
1278,0,3061.004638671875,0,-0.030517578125,-3061.004638671875,0,0.0067642464897288423,0.1,0.0058,1,0,33
1278.125,0,3061.0084533691406,0,0.030517578125,-3061.0084533691406,0,0.00676381015569448,0.1,0.006,1,0,33
1278.25,0,3061.004638671875,0,-0.030517578125,-3061.004638671875,0,0.0067642409152627037,0.1,0.006,1,0,33
1278.375,0,3061.0084533691406,0,0.030517578125,-3061.0084533691406,0,0.0067638046852286082,0.1,0.0068,1,0,33
1278.5,0,3061.004638671875,0,-0.030517578125,-3061.004638671875,0,0.0067642355468568172,0.1,0.0058,1,0,33
1278.625,0,3061.0084533691406,0,0.030517578125,-3061.0084533691406,0,0.0067637994169786192,0.1,0.0062,1,0,33
1278.75,0,3061.004638671875,0,-0.030517578125,-3061.004638671875,0,0.0067642303768941647,0.1,0.0058,1,0,33
1278.875,0,3061.004638671875,0,0,-3061.004638671875,0,0.0067642249039085028,0.1,0.0062,1,0,33
1279,0,3061.0084533691406,0,0.030517578125,-3061.0084533691406,0,0.0067637889725909311,0.1,0.0054,1,0,33
1279.125,0,3061.004638671875,0,-0.030517578125,-3061.004638671875,0,0.0067642201273626495,0.1,0.0052,1,0,33
1279.25,0,3061.004638671875,0,0,-3061.004638671875,0,0.0067642148455978185,0.1,0.0062,1,0,33
1279.375,0,3061.004638671875,0,0,-3061.004638671875,0,0.0067642096623724557,0.1,0.006,1,0,33
1279.5,0,3061.004638671875,0,0,-3061.004638671875,0,0.0067642045758481706,0.1,0.0064,1,0,33
1279.625,0,3061.004638671875,0,0,-3061.004638671875,0,0.0067641995842208369,0.1,0.0048,1,0,33
1279.75,0,3061.0084533691406,0,0.030517578125,-3061.0084533691406,0,0.00676376412528111,0.1,0.0068,1,0,33
1279.875,0,3061.0084533691406,0,0,-3061.0084533691406,0,0.0067637651831788242,0.1,0.0062,1,0,33
1280,0,3061.0084533691406,0,0,-3061.0084533691406,0,0.0067637662213398259,0.1,0.006,1,0,33
1280.125,0,3061.0084533691406,0,0,-3061.0084533691406,0,0.0067637672401323207,0.1,0.0064,1,0,33
1280.25,0,3061.0084533691406,0,0,-3061.0084533691406,0,0.0067637682399176724,0.1,0.0066,1,0,33
1280.375,0,3061.004638671875,0,-0.030517578125,-3061.004638671875,0,0.0067641997814893995,0.1,0.0066,1,0,33
1280.5,0,3061.0084533691406,0,0.030517578125,-3061.0084533691406,0,0.0067637643188693114,0.1,0.0058,1,0,33
1280.625,0,3061.0084533691406,0,0,-3061.0084533691406,0,0.006763765373155331,0.1,0.0066,1,0,33
1280.75,0,3061.0084533691406,0,0,-3061.0084533691406,0,0.0067637664077720289,0.1,0.0054,1,0,33
1280.875,0,3061.0198974609375,0,0.091552734375,-3061.0198974609375,0,0.0067624757417695525,0.1,0.0062,1,0,33
1281,0,3061.0084533691406,0,-0.091552734375,-3061.0084533691406,0,0.00676378601448667,0.1,0.0056,1,0,33
1281.125,0,3061.004638671875,0,-0.030517578125,-3061.004638671875,0,0.0067642172244463811,0.1,0.0072,1,0,33
1281.25,0,3061.0122680664062,0,0.06103515625,-3061.0122680664062,0,0.00676335087596211,0.1,0.007,1,0,33
1281.375,0,3061.004638671875,0,-0.06103515625,-3061.004638671875,0,0.0067642185967814322,0.1,0.006,1,0,33
1281.5,0,3061.0084533691406,0,0.030517578125,-3061.0084533691406,0,0.0067637827831330405,0.1,0.005,1,0,33
1281.625,0,3061.0008239746094,0,-0.06103515625,-3061.0008239746094,0,0.0067646446138175526,0.1,0.0068,1,0,33
1281.75,0,3061.0122680664062,0,0.091552734375,-3061.0122680664062,0,0.0067633418990461491,0.1,0.0056,1,0,33
1281.875,0,3061.004638671875,0,-0.06103515625,-3061.004638671875,0,0.0067642097873436835,0.1,0.0062,1,0,33
1282,0,3061.0084533691406,0,0.030517578125,-3061.0084533691406,0,0.0067637741380489474,0.1,0.0068,1,0,33
1282.125,0,3061.004638671875,0,-0.030517578125,-3061.004638671875,0,0.0067642055695819325,0.1,0.0062,1,0,33
1282.25,0,3061.0084533691406,0,0.030517578125,-3061.0084533691406,0,0.0067637699989760575,0.1,0.0066,1,0,33
1282.375,0,3061.0084533691406,0,0,-3061.0084533691406,0,0.0067637709472909285,0.1,0.0058,1,0,33
1282.5,0,3061.0084533691406,0,0,-3061.0084533691406,0,0.0067637718779135214,0.1,0.0066,1,0,33
1282.625,0,3061.004638671875,0,-0.030517578125,-3061.004638671875,0,0.0067642033516128186,0.1,0.007,1,0,33
1282.75,0,3061.0084533691406,0,0.030517578125,-3061.0084533691406,0,0.0067637678223865794,0.1,0.007,1,0,33
1282.875,0,3061.0084533691406,0,0,-3061.0084533691406,0,0.0067637688113090788,0.1,0.0058,1,0,33
1283,0,3061.0122680664062,0,0.030517578125,-3061.0122680664062,0,0.0067633392213427984,0.1,0.0062,1,0,33
1283.125,0,3061.004638671875,0,-0.06103515625,-3061.004638671875,0,0.0067642071595970243,0.1,0.0062,1,0,33
1283.25,0,3061.0084533691406,0,0.030517578125,-3061.0084533691406,0,0.0067637715593269615,0.1,0.0064,1,0,33
1283.375,0,3061.0084533691406,0,0,-3061.0084533691406,0,0.0067637724785310771,0.1,0.0066,1,0,33
1283.5,0,3061.0084533691406,0,0,-3061.0084533691406,0,0.0067637733805860217,0.1,0.0066,1,0,33
1283.625,0,3061.0122680664062,0,0.030517578125,-3061.0122680664062,0,0.0067633437053728207,0.1,0.0064,1,0,33
1283.75,0,3061.0122680664062,0,0,-3061.0122680664062,0,0.0067633504390927218,0.1,0.0068,1,0,33
1283.875,0,3061.0084533691406,0,-0.030517578125,-3061.0084533691406,0,0.0067637876076235975,0.1,0.006,1,0,33
1284,0,3061.0084533691406,0,0,-3061.0084533691406,0,0.0067637882274219768,0.1,0.0064,1,0,33
1284.125,0,3061.0122680664062,0,0.030517578125,-3061.0122680664062,0,0.006763358275218137,0.1,0.0056,1,0,33
1284.25,0,3061.0122680664062,0,0,-3061.0122680664062,0,0.0067633647371150851,0.1,0.0072,1,0,33
1284.375,0,3061.0160827636719,0,0.030517578125,-3061.0160827636719,0,0.006762940518016472,0.1,0.0074,1,0,33
1284.5,0,3061.0122680664062,0,-0.030517578125,-3061.0122680664062,0,0.0067633831664976329,0.1,0.0066,1,0,33
1284.625,0,3061.0122680664062,0,0,-3061.0122680664062,0,0.0067633891640093563,0.1,0.0068,1,0,33
1284.75,0,3061.0122680664062,0,0,-3061.0122680664062,0,0.0067633950496282375,0.1,0.0066,1,0,33
1284.875,0,3061.0122680664062,0,0,-3061.0122680664062,0,0.0067634008254418149,0.1,0.0076,1,0,33
1285,0,3061.004638671875,0,-0.06103515625,-3061.004638671875,0,0.0067642676143765124,0.1,0.0054,1,0,33
1285.125,0,3061.0122680664062,0,0.06103515625,-3061.0122680664062,0,0.006763400325790328,0.1,0.0064,1,0,33
1285.25,0,3061.0084533691406,0,-0.030517578125,-3061.0084533691406,0,0.0067638365636078779,0.1,0.0068,1,0,33
1285.375,0,3061.0084533691406,0,0,-3061.0084533691406,0,0.0067638362700568194,0.1,0.0062,1,0,33
1285.5,0,3061.004638671875,0,-0.030517578125,-3061.004638671875,0,0.0067642665424213211,0.1,0.0068,1,0,33
1285.625,0,3061.0084533691406,0,0.030517578125,-3061.0084533691406,0,0.0067638298342730385,0.1,0.006,1,0,33
1285.75,0,3061.0122680664062,0,0.030517578125,-3061.0122680664062,0,0.0067633991058291959,0.1,0.0074,1,0,33
1285.875,0,3061.0084533691406,0,-0.030517578125,-3061.0084533691406,0,0.0067638353664070117,0.1,0.0054,1,0,33
1286,0,3061.0084533691406,0,0,-3061.0084533691406,0,0.0067638350951915865,0.1,0.0062,1,0,33
1286.125,0,3061.004638671875,0,-0.030517578125,-3061.004638671875,0,0.0067642653894750132,0.1,0.0062,1,0,33
1286.25,0,3061.0084533691406,0,0.030517578125,-3061.0084533691406,0,0.0067638287028367189,0.1,0.0074,1,0,33
1286.375,0,3061.0084533691406,0,0,-3061.0084533691406,0,0.0067638285559404737,0.1,0.0052,1,0,33
1286.5,0,3061.004638671875,0,-0.030517578125,-3061.004638671875,0,0.0067642589722237273,0.1,0.0072,1,0,33
1286.625,0,3061.004638671875,0,0,-3061.004638671875,0,0.0067642529657480632,0.1,0.006,1,0,33
1286.75,0,3061.0084533691406,0,0.030517578125,-3061.0084533691406,0,0.0067638165108935694,0.1,0.0052,1,0,33
1286.875,0,3061.0084533691406,0,0,-3061.0084533691406,0,0.0067638165914568338,0.1,0.0066,1,0,33
1287,0,3061.0084533691406,0,0,-3061.0084533691406,0,0.0067638166705170782,0.1,0.0064,1,0,33
1287.125,0,3061.0084533691406,0,0,-3061.0084533691406,0,0.006763816748102322,0.1,0.0064,1,0,33
1287.25,0,3061.004638671875,0,-0.030517578125,-3061.004638671875,0,0.0067642473846790119,0.1,0.0056,1,0,33
1287.375,0,3061.0084533691406,0,0.030517578125,-3061.0084533691406,0,0.006763811033947964,0.1,0.0066,1,0,33
1287.5,0,3061.0084533691406,0,0,-3061.0084533691406,0,0.0067638112166921033,0.1,0.0062,1,0,33
1287.625,0,3061.0084533691406,0,0,-3061.0084533691406,0,0.0067638113960268725,0.1,0.006,1,0,33
1287.75,0,3061.004638671875,0,-0.030517578125,-3061.004638671875,0,0.0067642421324547869,0.1,0.0064,1,0,33
1287.875,0,3061.0084533691406,0,0.030517578125,-3061.0084533691406,0,0.0067638058797120926,0.1,0.0064,1,0,33
1288,0,3061.0122680664062,0,0.030517578125,-3061.0122680664062,0,0.0067633755981775512,0.1,0.0064,1,0,33
1288.125,0,3061.0084533691406,0,-0.030517578125,-3061.0084533691406,0,0.0067638122973268794,0.1,0.0064,1,0,33
1288.25,0,3061.004638671875,0,-0.030517578125,-3061.004638671875,0,0.0067642430169396472,0.1,0.007,1,0,33
1288.375,0,3061.0084533691406,0,0.030517578125,-3061.0084533691406,0,0.0067638067476955277,0.1,0.0068,1,0,33
1288.5,0,3061.004638671875,0,-0.030517578125,-3061.004638671875,0,0.0067642375708452385,0.1,0.0056,1,0,33
1288.625,0,3061.0084533691406,0,0.030517578125,-3061.0084533691406,0,0.0067638014032064125,0.1,0.0072,1,0,33
1288.75,0,3061.004638671875,0,-0.030517578125,-3061.004638671875,0,0.0067642323260658083,0.1,0.006,1,0,33
1288.875,0,3061.004638671875,0,0,-3061.004638671875,0,0.0067642268167153463,0.1,0.0056,1,0,33
1289,0,3061.0160827636719,0,0.091552734375,-3061.0160827636719,0,0.0067629297288335777,0.1,0.006,1,0,33
1289.125,0,3061.004638671875,0,-0.091552734375,-3061.004638671875,0,0.0067642336994814117,0.1,0.0064,1,0,33
1289.25,0,3061.0084533691406,0,0.030517578125,-3061.0084533691406,0,0.0067637976040688524,0.1,0.0056,1,0,33
1289.375,0,3061.0084533691406,0,0,-3061.0084533691406,0,0.00676379803736811,0.1,0.0062,1,0,33
1289.5,0,3061.004638671875,0,-0.030517578125,-3061.004638671875,0,0.0067642290230224139,0.1,0.0058,1,0,33
1289.625,0,3061.0084533691406,0,0.030517578125,-3061.0084533691406,0,0.0067637930148564118,0.1,0.0054,1,0,33
1289.75,0,3061.004638671875,0,-0.030517578125,-3061.004638671875,0,0.006764224094213428,0.1,0.0058,1,0,33
1289.875,0,3061.0122680664062,0,0.06103515625,-3061.0122680664062,0,0.0067633576175630539,0.1,0.0062,1,0,33
1290,0,3061.0122680664062,0,0,-3061.0122680664062,0,0.0067633640917295762,0.1,0.0068,1,0,33
1290.125,0,3061.004638671875,0,-0.06103515625,-3061.004638671875,0,0.0067642315659883628,0.1,0.006,1,0,33
1290.25,0,3061.0008239746094,0,-0.030517578125,-3061.0008239746094,0,0.0067646566312572348,0.1,0.006,1,0,33
1290.375,0,3061.0084533691406,0,0.06103515625,-3061.0084533691406,0,0.006763784252720853,0.1,0.006,1,0,33
1290.5,0,3061.0084533691406,0,0,-3061.0084533691406,0,0.0067637849351101093,0.1,0.0058,1,0,33
1290.625,0,3061.0084533691406,0,0,-3061.0084533691406,0,0.0067637856047683409,0.1,0.0058,1,0,33
1290.75,0,3061.0084533691406,0,0,-3061.0084533691406,0,0.0067637862619330663,0.1,0.0054,1,0,33
1290.875,0,3061.0084533691406,0,0,-3061.0084533691406,0,0.0067637869068373768,0.1,0.0068,1,0,33
1291,0,3061.0122680664062,0,0.030517578125,-3061.0122680664062,0,0.0067633569792710929,0.1,0.0064,1,0,33
1291.125,0,3061.0084533691406,0,-0.030517578125,-3061.0084533691406,0,0.00676379402578485,0.1,0.0058,1,0,33
1291.25,0,3061.0084533691406,0,0,-3061.0084533691406,0,0.0067637945258425258,0.1,0.0066,1,0,33
1291.375,0,3061.0084533691406,0,0,-3061.0084533691406,0,0.0067637950165708449,0.1,0.0058,1,0,33
1291.5,0,3061.0122680664062,0,0.030517578125,-3061.0122680664062,0,0.0067633649377049632,0.1,0.0056,1,0,33
1291.625,0,3061.0084533691406,0,-0.030517578125,-3061.0084533691406,0,0.0067638018357418506,0.1,0.0062,1,0,33
1291.75,0,3061.004638671875,0,-0.030517578125,-3061.004638671875,0,0.0067642327505316319,0.1,0.0072,1,0,33
1291.875,0,3061.0084533691406,0,0.030517578125,-3061.0084533691406,0,0.0067637966728231885,0.1,0.0052,1,0,33
1292,0,3061.0122680664062,0,0.030517578125,-3061.0122680664062,0,0.0067633665630573575,0.1,0.0068,1,0,33
1292.125,0,3061.004638671875,0,-0.06103515625,-3061.004638671875,0,0.006764233991209706,0.1,0.0054,1,0,33
1292.25,0,3061.0084533691406,0,0.030517578125,-3061.0084533691406,0,0.0067637978903545,0.1,0.0054,1,0,33
1292.375,0,3061.0084533691406,0,0,-3061.0084533691406,0,0.0067637983183126554,0.1,0.0062,1,0,33
1292.5,0,3061.0084533691406,0,0,-3061.0084533691406,0,0.0067637987382866,0.1,0.0064,1,0,33
1292.625,0,3061.0122680664062,0,0.030517578125,-3061.0122680664062,0,0.006763368589986371,0.1,0.0064,1,0,33
1292.75,0,3061.0084533691406,0,-0.030517578125,-3061.0084533691406,0,0.0067638054198843195,0.1,0.0062,1,0,33
1292.875,0,3061.0122680664062,0,0.030517578125,-3061.0122680664062,0,0.0067633751469285686,0.1,0.0072,1,0,33
1293,0,3061.0084533691406,0,-0.030517578125,-3061.0084533691406,0,0.0067638118544966347,0.1,0.0066,1,0,33
1293.125,0,3061.0122680664062,0,0.030517578125,-3061.0122680664062,0,0.0067633814614932591,0.1,0.0066,1,0,33
1293.25,0,3061.0084533691406,0,-0.030517578125,-3061.0084533691406,0,0.0067638180512533813,0.1,0.0058,1,0,33
1293.375,0,3061.0084533691406,0,0,-3061.0084533691406,0,0.00676381810307887,0.1,0.0058,1,0,33
1293.5,0,3061.0122680664062,0,0.030517578125,-3061.0122680664062,0,0.0067633875934985516,0.1,0.0054,1,0,33
1293.625,0,3061.0084533691406,0,-0.030517578125,-3061.0084533691406,0,0.0067638240688566581,0.1,0.0062,1,0,33
1293.75,0,3061.0122680664062,0,0.030517578125,-3061.0122680664062,0,0.006763393447975552,0.1,0.0058,1,0,33
1293.875,0,3061.0084533691406,0,-0.030517578125,-3061.0084533691406,0,0.0067638298141093484,0.1,0.0076,1,0,33
1294,0,3061.0084533691406,0,0,-3061.0084533691406,0,0.0067638296464806041,0.1,0.0066,1,0,33
1294.125,0,3061.0084533691406,0,0,-3061.0084533691406,0,0.0067638294819792333,0.1,0.0058,1,0,33
1294.25,0,3061.0084533691406,0,0,-3061.0084533691406,0,0.00676382932054688,0.1,0.0064,1,0,33
1294.375,0,3061.004638671875,0,-0.030517578125,-3061.004638671875,0,0.0067642597225652107,0.1,0.0066,1,0,33
1294.5,0,3061.0122680664062,0,0.06103515625,-3061.0122680664062,0,0.0067633925812129458,0.1,0.0062,1,0,33
1294.625,0,3061.0122680664062,0,0,-3061.0122680664062,0,0.00676339840307863,0.1,0.006,1,0,33
1294.75,0,3061.004638671875,0,-0.06103515625,-3061.004638671875,0,0.0067642652372062462,0.1,0.0072,1,0,33
1294.875,0,3061.0084533691406,0,0.030517578125,-3061.0084533691406,0,0.0067638285534087628,0.1,0.0058,1,0,33
1295,0,3061.0122680664062,0,0.030517578125,-3061.0122680664062,0,0.006763397848861416,0.1,0.0054,1,0,33
1295.125,0,3061.0160827636719,0,0.030517578125,-3061.0160827636719,0,0.0067629730120120773,0.1,0.0064,1,0,33
1295.25,0,3061.0122680664062,0,-0.030517578125,-3061.0122680664062,0,0.0067634150542675991,0.1,0.0066,1,0,33
1295.375,0,3061.0084533691406,0,-0.030517578125,-3061.0084533691406,0,0.0067638510173026745,0.1,0.0058,1,0,33
1295.5,0,3061.0122680664062,0,0.030517578125,-3061.0122680664062,0,0.0067634198936567247,0.1,0.0054,1,0,33
1295.625,0,3061.0084533691406,0,-0.030517578125,-3061.0084533691406,0,0.0067638557664055354,0.1,0.006,1,0,33
1295.75,0,3061.0122680664062,0,0.030517578125,-3061.0122680664062,0,0.0067634245541577376,0.1,0.0066,1,0,33
1295.875,0,3061.0122680664062,0,0,-3061.0122680664062,0,0.0067634297795187981,0.1,0.0054,1,0,33
1296,0,3061.0122680664062,0,0,-3061.0122680664062,0,0.0067634349073926736,0.1,0.0066,1,0,33
1296.125,0,3061.0084533691406,0,-0.030517578125,-3061.0084533691406,0,0.0067638705000370725,0.1,0.0068,1,0,33
1296.25,0,3061.0084533691406,0,0,-3061.0084533691406,0,0.0067638695733495541,0.1,0.0062,1,0,33
1296.375,0,3061.0122680664062,0,0.030517578125,-3061.0122680664062,0,0.0067634381035119179,0.1,0.0064,1,0,33
1296.5,0,3061.004638671875,0,-0.06103515625,-3061.004638671875,0,0.0067643041969666917,0.1,0.0064,1,0,33
1296.625,0,3061.0122680664062,0,0.06103515625,-3061.0122680664062,0,0.0067634362258758435,0.1,0.0066,1,0,33
1296.75,0,3061.0122680664062,0,0,-3061.0122680664062,0,0.0067634412334829919,0.1,0.0068,1,0,33
1296.875,0,3061.0160827636719,0,0.030517578125,-3061.0160827636719,0,0.006763015587226584,0.1,0.0064,1,0,33
1297,0,3061.004638671875,0,-0.091552734375,-3061.004638671875,0,0.0067643179560536032,0.1,0.0062,1,0,33
1297.125,0,3061.0084533691406,0,0.030517578125,-3061.0084533691406,0,0.0067638802887046712,0.1,0.006,1,0,33
1297.25,0,3061.0122680664062,0,0.030517578125,-3061.0122680664062,0,0.0067634486189555448,0.1,0.0074,1,0,33
1297.375,0,3061.0122680664062,0,0,-3061.0122680664062,0,0.0067634533953506576,0.1,0.0064,1,0,33
1297.5,0,3061.0122680664062,0,0,-3061.0122680664062,0,0.00676345808263476,0.1,0.0058,1,0,33
1297.625,0,3061.0084533691406,0,-0.030517578125,-3061.0084533691406,0,0.0067638932429092552,0.1,0.0066,1,0,33
1297.75,0,3061.004638671875,0,-0.030517578125,-3061.004638671875,0,0.00676432245235728,0.1,0.007,1,0,33
1297.875,0,3061.0122680664062,0,0.06103515625,-3061.0122680664062,0,0.0067634541406839388,0.1,0.0064,1,0,33
1298,0,3061.0008239746094,0,-0.091552734375,-3061.0008239746094,0,0.0067647504953794318,0.1,0.0066,1,0,33
1298.125,0,3061.0122680664062,0,0.091552734375,-3061.0122680664062,0,0.0067634458052240887,0.1,0.006,1,0,33
1298.25,0,3061.0160827636719,0,0.030517578125,-3061.0160827636719,0,0.006763020073674797,0.1,0.0066,1,0,33
1298.375,0,3061.0122680664062,0,-0.030517578125,-3061.0122680664062,0,0.0067634612379223746,0.1,0.0072,1,0,33
1298.5,0,3061.0122680664062,0,0,-3061.0122680664062,0,0.0067634657788911978,0.1,0.0058,1,0,33
1298.625,0,3061.0160827636719,0,0.030517578125,-3061.0160827636719,0,0.00676303967470232,0.1,0.0068,1,0,33
1298.75,0,3061.0122680664062,0,-0.030517578125,-3061.0122680664062,0,0.006763480473262487,0.1,0.0072,1,0,33
1298.875,0,3061.0122680664062,0,0,-3061.0122680664062,0,0.0067634846553663586,0.1,0.0068,1,0,33
1299,0,3061.004638671875,0,-0.06103515625,-3061.004638671875,0,0.0067643498803244551,0.1,0.0062,1,0,33
1299.125,0,3061.0122680664062,0,0.06103515625,-3061.0122680664062,0,0.0067634810569400655,0.1,0.0052,1,0,33
1299.25,0,3061.0160827636719,0,0.030517578125,-3061.0160827636719,0,0.0067630546677156095,0.1,0.0054,1,0,33
1299.375,0,3061.0084533691406,0,-0.06103515625,-3061.0084533691406,0,0.006763925746996885,0.1,0.007,1,0,33
1299.5,0,3061.0122680664062,0,0.030517578125,-3061.0122680664062,0,0.0067634932291531641,0.1,0.0068,1,0,33
1299.625,0,3061.0122680664062,0,0,-3061.0122680664062,0,0.0067634971732762061,0.1,0.0052,1,0,33
1299.75,0,3061.0122680664062,0,0,-3061.0122680664062,0,0.00676350104381554,0.1,0.0066,1,0,33
1299.875,0,3061.0084533691406,0,-0.030517578125,-3061.0084533691406,0,0.00676393540258291,0.1,0.0066,1,0,33
1300,0,3061.0084533691406,0,0,-3061.0084533691406,0,0.006763933265038255,0.1,0.0066,1,0,33
1300.125,0,3061.0084533691406,0,0,-3061.0084533691406,0,0.0067639311673727831,0.1,0.006,1,0,33
1300.25,0,3061.0084533691406,0,0,-3061.0084533691406,0,0.0067639291088425063,0.1,0.0066,1,0,33
1300.375,0,3061.0122680664062,0,0.030517578125,-3061.0122680664062,0,0.0067634965282783732,0.1,0.0064,1,0,33
1300.5,0,3061.004638671875,0,-0.06103515625,-3061.004638671875,0,0.0067643615317289629,0.1,0.0064,1,0,33
1300.625,0,3061.0122680664062,0,0.06103515625,-3061.0122680664062,0,0.00676349249096965,0.1,0.0066,1,0,33
1300.75,0,3061.0122680664062,0,0,-3061.0122680664062,0,0.0067634964488646476,0.1,0.006,1,0,33
1300.875,0,3061.0084533691406,0,-0.030517578125,-3061.0084533691406,0,0.0067639308933579168,0.1,0.0068,1,0,33
1301,0,3061.0122680664062,0,0.030517578125,-3061.0122680664062,0,0.0067634982795008874,0.1,0.007,1,0,33
1301.125,0,3061.0084533691406,0,-0.030517578125,-3061.0084533691406,0,0.00676393268984081,0.1,0.0054,1,0,33
1301.25,0,3061.0084533691406,0,0,-3061.0084533691406,0,0.0067639306029065316,0.1,0.0054,1,0,33
1301.375,0,3061.0084533691406,0,0,-3061.0084533691406,0,0.0067639285549072337,0.1,0.0056,1,0,33
1301.5,0,3061.0122680664062,0,0.030517578125,-3061.0122680664062,0,0.0067634959846776116,0.1,0.0048,1,0,33
1301.625,0,3061.0084533691406,0,-0.030517578125,-3061.0084533691406,0,0.0067639304378310089,0.1,0.006,1,0,33
1301.75,0,3061.0084533691406,0,0,-3061.0084533691406,0,0.0067639283929114558,0.1,0.0058,1,0,33
1301.875,0,3061.0160827636719,0,0.06103515625,-3061.0160827636719,0,0.0067630652652652112,0.1,0.0054,1,0,33
1302,0,3061.0122680664062,0,-0.030517578125,-3061.0122680664062,0,0.0067635055863939364,0.1,0.0066,1,0,33
1302.125,0,3061.0084533691406,0,-0.030517578125,-3061.0084533691406,0,0.0067639398604124878,0.1,0.0064,1,0,33
1302.25,0,3061.0122680664062,0,0.030517578125,-3061.0122680664062,0,0.0067635070792612245,0.1,0.006,1,0,33
1302.375,0,3061.0122680664062,0,0,-3061.0122680664062,0,0.006763510764989128,0.1,0.0062,1,0,33
1302.5,0,3061.0122680664062,0,0,-3061.0122680664062,0,0.0067635143819540916,0.1,0.006,1,0,33
1302.625,0,3061.0084533691406,0,-0.030517578125,-3061.0084533691406,0,0.0067639484918779053,0.1,0.0076,1,0,33
1302.75,0,3061.0122680664062,0,0.030517578125,-3061.0122680664062,0,0.00676351554969333,0.1,0.0062,1,0,33
1302.875,0,3061.0122680664062,0,0,-3061.0122680664062,0,0.0067635190773922549,0.1,0.0062,1,0,33
1303,0,3061.0122680664062,0,0,-3061.0122680664062,0,0.0067635225392765064,0.1,0.006,1,0,33
1303.125,0,3061.0160827636719,0,0.030517578125,-3061.0160827636719,0,0.00676309537613505,0.1,0.0056,1,0,33
1303.25,0,3061.0198974609375,0,0.030517578125,-3061.0198974609375,0,0.0067626740146211478,0.1,0.0058,1,0,33
1303.375,0,3061.0160827636719,0,-0.030517578125,-3061.0160827636719,0,0.0067631194673744288,0.1,0.0062,1,0,33
1303.5,0,3061.0198974609375,0,0.030517578125,-3061.0198974609375,0,0.0067626976564012786,0.1,0.0082,1,0,33
1303.625,0,3061.0160827636719,0,-0.030517578125,-3061.0160827636719,0,0.0067631426680806739,0.1,0.0066,1,0,33
1303.75,0,3061.0160827636719,0,0,-3061.0160827636719,0,0.0067631509847015242,0.1,0.0062,1,0,33
1303.875,0,3061.0160827636719,0,0,-3061.0160827636719,0,0.0067631591461629753,0.1,0.0064,1,0,33
1304,0,3061.0122680664062,0,-0.030517578125,-3061.0122680664062,0,0.00676359771579868,0.1,0.0068,1,0,33
1304.125,0,3061.0122680664062,0,0,-3061.0122680664062,0,0.0067635997105621043,0.1,0.0066,1,0,33
1304.25,0,3061.0198974609375,0,0.06103515625,-3061.0198974609375,0,0.0067627405472322627,0.1,0.0064,1,0,33
1304.375,0,3061.0160827636719,0,-0.030517578125,-3061.0160827636719,0,0.0067631847587170113,0.1,0.0066,1,0,33
1304.5,0,3061.0160827636719,0,0,-3061.0160827636719,0,0.0067631922900720787,0.1,0.0058,1,0,33
1304.625,0,3061.0198974609375,0,0.030517578125,-3061.0198974609375,0,0.0067627691204791285,0.1,0.0064,1,0,33
1304.75,0,3061.0084533691406,0,-0.091552734375,-3061.0084533691406,0,0.0067640739197636912,0.1,0.0066,1,0,33
1304.875,0,3061.0122680664062,0,0.030517578125,-3061.0122680664062,0,0.0067636386375283519,0.1,0.0066,1,0,33
1305,0,3061.0122680664062,0,0,-3061.0122680664062,0,0.0067636398688337707,0.1,0.0062,1,0,33
1305.125,0,3061.0160827636719,0,0.030517578125,-3061.0160827636719,0,0.006763210516728374,0.1,0.0054,1,0,33
1305.25,0,3061.0160827636719,0,0,-3061.0160827636719,0,0.0067632175675279987,0.1,0.0062,1,0,33
1305.375,0,3061.0084533691406,0,-0.06103515625,-3061.0084533691406,0,0.006764085607661896,0.1,0.0066,1,0,33
1305.5,0,3061.0122680664062,0,0.030517578125,-3061.0122680664062,0,0.0067636501073707889,0.1,0.007,1,0,33
1305.625,0,3061.0122680664062,0,0,-3061.0122680664062,0,0.0067636511246885883,0.1,0.0058,1,0,33
1305.75,0,3061.0122680664062,0,0,-3061.0122680664062,0,0.0067636521230267643,0.1,0.007,1,0,33
1305.875,0,3061.0122680664062,0,0,-3061.0122680664062,0,0.0067636531027393948,0.1,0.0062,1,0,33
1306,0,3061.0160827636719,0,0.030517578125,-3061.0160827636719,0,0.0067632235037350663,0.1,0.0076,1,0,33
1306.125,0,3061.0160827636719,0,0,-3061.0160827636719,0,0.0067632303122420329,0.1,0.0064,1,0,33
1306.25,0,3061.0160827636719,0,0,-3061.0160827636719,0,0.0067632369937258019,0.1,0.0064,1,0,33
1306.375,0,3061.0122680664062,0,-0.030517578125,-3061.0122680664062,0,0.0067636741109950854,0.1,0.006,1,0,33
1306.5,0,3061.0160827636719,0,0.030517578125,-3061.0160827636719,0,0.0067632441200493193,0.1,0.006,1,0,33
1306.625,0,3061.0198974609375,0,0.030517578125,-3061.0198974609375,0,0.0067628199834881692,0.1,0.0064,1,0,33
1306.75,0,3061.0084533691406,0,-0.091552734375,-3061.0084533691406,0,0.0067641238338448095,0.1,0.0058,1,0,33
1306.875,0,3061.0160827636719,0,0.06103515625,-3061.0160827636719,0,0.0067632570599463482,0.1,0.0056,1,0,33
1307,0,3061.0160827636719,0,0,-3061.0160827636719,0,0.0067632632424104167,0.1,0.0064,1,0,33
1307.125,0,3061.0122680664062,0,-0.030517578125,-3061.0122680664062,0,0.006763699869969983,0.1,0.0068,1,0,33
1307.25,0,3061.0122680664062,0,0,-3061.0122680664062,0,0.0067636999588897018,0.1,0.007,1,0,33
1307.375,0,3061.0160827636719,0,0.030517578125,-3061.0160827636719,0,0.0067632694857115844,0.1,0.0064,1,0,33
1307.5,0,3061.0160827636719,0,0,-3061.0160827636719,0,0.0067632754363538272,0.1,0.0058,1,0,33
1307.625,0,3061.0122680664062,0,-0.030517578125,-3061.0122680664062,0,0.0067637118364165666,0.1,0.0064,1,0,33
1307.75,0,3061.0160827636719,0,0.030517578125,-3061.0160827636719,0,0.0067632811416448446,0.1,0.0066,1,0,33
1307.875,0,3061.0122680664062,0,-0.030517578125,-3061.0122680664062,0,0.0067637174352665752,0.1,0.0068,1,0,33
1308,0,3061.0160827636719,0,0.030517578125,-3061.0160827636719,0,0.0067632866360396726,0.1,0.006,1,0,33
1308.125,0,3061.0122680664062,0,-0.030517578125,-3061.0122680664062,0,0.0067637228271549971,0.1,0.0054,1,0,33
1308.25,0,3061.0122680664062,0,0,-3061.0122680664062,0,0.0067637224877730023,0.1,0.0066,1,0,33
1308.375,0,3061.0084533691406,0,-0.030517578125,-3061.0084533691406,0,0.00676415271516162,0.1,0.006,1,0,33
1308.5,0,3061.0084533691406,0,0,-3061.0084533691406,0,0.0067641465233154591,0.1,0.0054,1,0,33
1308.625,0,3061.0122680664062,0,0.030517578125,-3061.0122680664062,0,0.0067637098865488271,0.1,0.0062,1,0,33
1308.75,0,3061.0122680664062,0,0,-3061.0122680664062,0,0.0067637097885938219,0.1,0.0066,1,0,33
1308.875,0,3061.0084533691406,0,-0.030517578125,-3061.0084533691406,0,0.0067641402529052264,0.1,0.006,1,0,33
1309,0,3061.0084533691406,0,0,-3061.0084533691406,0,0.00676413429356168,0.1,0.0062,1,0,33
1309.125,0,3061.0084533691406,0,0,-3061.0084533691406,0,0.0067641284453988926,0.1,0.0062,1,0,33
1309.25,0,3061.0122680664062,0,0.030517578125,-3061.0122680664062,0,0.0067636921459036936,0.1,0.0068,1,0,33
1309.375,0,3061.0122680664062,0,0,-3061.0122680664062,0,0.0067636923789277936,0.1,0.006,1,0,33
1309.5,0,3061.0160827636719,0,0.030517578125,-3061.0160827636719,0,0.0067632620471655552,0.1,0.0064,1,0,33
1309.625,0,3061.0084533691406,0,-0.06103515625,-3061.0084533691406,0,0.0067641292574631834,0.1,0.0066,1,0,33
1309.75,0,3061.0160827636719,0,0.06103515625,-3061.0160827636719,0,0.00676326238237876,0.1,0.0062,1,0,33
1309.875,0,3061.0122680664062,0,-0.030517578125,-3061.0122680664062,0,0.0067636990259835467,0.1,0.0062,1,0,33
1310,0,3061.0122680664062,0,0,-3061.0122680664062,0,0.0067636991306491423,0.1,0.0062,1,0,33
1310.125,0,3061.0084533691406,0,-0.030517578125,-3061.0084533691406,0,0.0067641297938009493,0.1,0.007,1,0,33
1310.25,0,3061.0122680664062,0,0.030517578125,-3061.0122680664062,0,0.0067636934691492206,0.1,0.0066,1,0,33
1310.375,0,3061.004638671875,0,-0.06103515625,-3061.004638671875,0,0.0067645547983639642,0.1,0.0078,1,0,33
1310.5,0,3061.0122680664062,0,0.06103515625,-3061.0122680664062,0,0.0067636821519173329,0.1,0.0062,1,0,33
1310.625,0,3061.0122680664062,0,0,-3061.0122680664062,0,0.0067636825713946747,0.1,0.0058,1,0,33
1310.75,0,3061.0084533691406,0,-0.030517578125,-3061.0084533691406,0,0.0067641135434849259,0.1,0.0074,1,0,33
1310.875,0,3061.0122680664062,0,0.030517578125,-3061.0122680664062,0,0.0067636775220079187,0.1,0.0068,1,0,33
1311,0,3061.0160827636719,0,0.030517578125,-3061.0160827636719,0,0.0067632474674244464,0.1,0.0072,1,0,33
1311.125,0,3061.004638671875,0,-0.091552734375,-3061.004638671875,0,0.006764545510168557,0.1,0.0072,1,0,33
1311.25,0,3061.0084533691406,0,0.030517578125,-3061.0084533691406,0,0.006764103597446447,0.1,0.007,1,0,33
1311.375,0,3061.0084533691406,0,0,-3061.0084533691406,0,0.00676409832196706,0.1,0.0064,1,0,33
1311.5,0,3061.0122680664062,0,0.030517578125,-3061.0122680664062,0,0.0067636625844709614,0.1,0.0076,1,0,33
1311.625,0,3061.0084533691406,0,-0.030517578125,-3061.0084533691406,0,0.0067640939294481145,0.1,0.006,1,0,33
1311.75,0,3061.004638671875,0,-0.030517578125,-3061.004638671875,0,0.0067645193947790672,0.1,0.0058,1,0,33
1311.875,0,3061.0084533691406,0,0.030517578125,-3061.0084533691406,0,0.006764077969279858,0.1,0.0066,1,0,33
1312,0,3061.0122680664062,0,0.030517578125,-3061.0122680664062,0,0.00676364261149455,0.1,0.006,1,0,33
1312.125,0,3061.004638671875,0,-0.06103515625,-3061.004638671875,0,0.0067645048895373233,0.1,0.0056,1,0,33
1312.25,0,3061.004638671875,0,0,-3061.004638671875,0,0.0067644942950946946,0.1,0.006,1,0,33
1312.375,0,3061.0084533691406,0,0.030517578125,-3061.0084533691406,0,0.0067640533378688222,0.1,0.0058,1,0,33
1312.5,0,3061.0084533691406,0,0,-3061.0084533691406,0,0.006764049000059405,0.1,0.0062,1,0,33
1312.625,0,3061.0084533691406,0,0,-3061.0084533691406,0,0.0067640447431785156,0.1,0.0058,1,0,33
1312.75,0,3061.0084533691406,0,0,-3061.0084533691406,0,0.00676404056571632,0.1,0.0052,1,0,33
1312.875,0,3061.004638671875,0,-0.030517578125,-3061.004638671875,0,0.0067644670266300277,0.1,0.0068,1,0,33
1313,0,3061.0084533691406,0,0.030517578125,-3061.0084533691406,0,0.0067640265781394454,0.1,0.0068,1,0,33
1313.125,0,3061.004638671875,0,-0.030517578125,-3061.004638671875,0,0.00676445330001299,0.1,0.0052,1,0,33
1313.25,0,3061.0084533691406,0,0.030517578125,-3061.0084533691406,0,0.0067640131076136395,0.1,0.0054,1,0,33
1313.375,0,3061.0084533691406,0,0,-3061.0084533691406,0,0.0067640095203617134,0.1,0.006,1,0,33
1313.5,0,3061.004638671875,0,-0.030517578125,-3061.004638671875,0,0.0067644365604744294,0.1,0.006,1,0,33
1313.625,0,3061.0084533691406,0,0.030517578125,-3061.0084533691406,0,0.0067639966803769991,0.1,0.0066,1,0,33
1313.75,0,3061.0084533691406,0,0,-3061.0084533691406,0,0.0067639933996005291,0.1,0.0062,1,0,33
1313.875,0,3061.004638671875,0,-0.030517578125,-3061.004638671875,0,0.0067644207404709139,0.1,0.0064,1,0,33
1314,0,3061.004638671875,0,0,-3061.004638671875,0,0.0067644117159589706,0.1,0.0064,1,0,33
1314.125,0,3061.004638671875,0,0,-3061.004638671875,0,0.0067644028598132233,0.1,0.0068,1,0,33
1314.25,0,3061.0122680664062,0,0.06103515625,-3061.0122680664062,0,0.0067635330480147193,0.1,0.0064,1,0,33
1314.375,0,3061.004638671875,0,-0.06103515625,-3061.004638671875,0,0.0067643973701332766,0.1,0.006,1,0,33
1314.5,0,3061.0084533691406,0,0.030517578125,-3061.0084533691406,0,0.0067639582211921345,0.1,0.0074,1,0,33
1314.625,0,3061.0084533691406,0,0,-3061.0084533691406,0,0.0067639556579311005,0.1,0.006,1,0,33
1314.75,0,3061.004638671875,0,-0.030517578125,-3061.004638671875,0,0.0067643837029305737,0.1,0.0062,1,0,33
1314.875,0,3061.004638671875,0,0,-3061.004638671875,0,0.006764375369411102,0.1,0.0064,1,0,33
1315,0,3061.004638671875,0,0,-3061.004638671875,0,0.0067643671913662912,0.1,0.0066,1,0,33
1315.125,0,3061.0084533691406,0,0.030517578125,-3061.0084533691406,0,0.0067639286054566178,0.1,0.006,1,0,33
1315.25,0,3061.004638671875,0,-0.030517578125,-3061.004638671875,0,0.0067643571551617432,0.1,0.0072,1,0,33
1315.375,0,3061.004638671875,0,0,-3061.004638671875,0,0.0067643493169318586,0.1,0.0056,1,0,33
1315.5,0,3061.0008239746094,0,-0.030517578125,-3061.0008239746094,0,0.0067647721853751619,0.1,0.0068,1,0,33
1315.625,0,3061.0084533691406,0,0.06103515625,-3061.0084533691406,0,0.0067638976509983989,0.1,0.0062,1,0,33
1315.75,0,3061.004638671875,0,-0.030517578125,-3061.004638671875,0,0.0067643267782067223,0.1,0.0064,1,0,33
1315.875,0,3061.004638671875,0,0,-3061.004638671875,0,0.0067643195067058209,0.1,0.0054,1,0,33
1316,0,3061.0008239746094,0,-0.030517578125,-3061.0008239746094,0,0.0067647429313048985,0.1,0.007,1,0,33
1316.125,0,3061.004638671875,0,0.030517578125,-3061.004638671875,0,0.0067642995031468728,0.1,0.006,1,0,33
1316.25,0,3061.004638671875,0,0,-3061.004638671875,0,0.0067642927405043018,0.1,0.0062,1,0,33
1316.375,0,3061.0084533691406,0,0.030517578125,-3061.0084533691406,0,0.0067638555435903525,0.1,0.0066,1,0,33
1316.5,0,3061.004638671875,0,-0.030517578125,-3061.004638671875,0,0.0067642854563773475,0.1,0.0066,1,0,33
1316.625,0,3061.004638671875,0,0,-3061.004638671875,0,0.0067642789557989386,0.1,0.0062,1,0,33
1316.75,0,3061.004638671875,0,0,-3061.004638671875,0,0.00676427257649885,0.1,0.0062,1,0,33
1316.875,0,3061.0084533691406,0,0.030517578125,-3061.0084533691406,0,0.0067638357557755352,0.1,0.0072,1,0,33
1317,0,3061.0084533691406,0,0,-3061.0084533691406,0,0.0067638354772958376,0.1,0.0068,1,0,33
1317.125,0,3061.0084533691406,0,0,-3061.0084533691406,0,0.006763835204011609,0.1,0.0074,1,0,33
1317.25,0,3061.004638671875,0,-0.030517578125,-3061.004638671875,0,0.0067642654962648263,0.1,0.006,1,0,33
1317.375,0,3061.0084533691406,0,0.030517578125,-3061.0084533691406,0,0.0067638288076341951,0.1,0.006,1,0,33
1317.5,0,3061.0084533691406,0,0,-3061.0084533691406,0,0.0067638286587827917,0.1,0.006,1,0,33
1317.625,0,3061.0122680664062,0,0.030517578125,-3061.0122680664062,0,0.0067633979522695314,0.1,0.0062,1,0,33
1317.75,0,3061.004638671875,0,-0.06103515625,-3061.004638671875,0,0.0067642647948076839,0.1,0.0072,1,0,33
1317.875,0,3061.0122680664062,0,0.06103515625,-3061.0122680664062,0,0.0067633975588249073,0.1,0.0066,1,0,33
1318,0,3061.0122680664062,0,0,-3061.0122680664062,0,0.0067634032878255562,0.1,0.0062,1,0,33
1318.125,0,3061.0122680664062,0,0,-3061.0122680664062,0,0.0067634089099428557,0.1,0.0068,1,0,33
1318.25,0,3061.0084533691406,0,-0.030517578125,-3061.0084533691406,0,0.0067638449876097906,0.1,0.006,1,0,33
1318.375,0,3061.0122680664062,0,0.030517578125,-3061.0122680664062,0,0.0067634139764570639,0.1,0.007,1,0,33
1318.5,0,3061.0084533691406,0,-0.030517578125,-3061.0084533691406,0,0.00676384995960036,0.1,0.0062,1,0,33
1318.625,0,3061.004638671875,0,-0.030517578125,-3061.004638671875,0,0.0067642799765652989,0.1,0.0064,1,0,33
1318.75,0,3061.0084533691406,0,0.030517578125,-3061.0084533691406,0,0.0067638430177823228,0.1,0.0072,1,0,33
1318.875,0,3061.0084533691406,0,0,-3061.0084533691406,0,0.0067638426038186816,0.1,0.0068,1,0,33
1319,0,3061.0084533691406,0,0,-3061.0084533691406,0,0.0067638421975781682,0.1,0.0072,1,0,33
1319.125,0,3061.0160827636719,0,0.06103515625,-3061.0160827636719,0,0.0067629806780388768,0.1,0.0064,1,0,33
1319.25,0,3061.0084533691406,0,-0.06103515625,-3061.0084533691406,0,0.0067638531377117589,0.1,0.0054,1,0,33
1319.375,0,3061.0084533691406,0,0,-3061.0084533691406,0,0.0067638525349452139,0.1,0.0074,1,0,33
1319.5,0,3061.0122680664062,0,0.030517578125,-3061.0122680664062,0,0.0067634213829853018,0.1,0.0064,1,0,33
1319.625,0,3061.004638671875,0,-0.06103515625,-3061.004638671875,0,0.0067642877883872937,0.1,0.0068,1,0,33
1319.75,0,3061.0084533691406,0,0.030517578125,-3061.0084533691406,0,0.0067638506838627183,0.1,0.0058,1,0,33
1319.875,0,3061.004638671875,0,-0.030517578125,-3061.004638671875,0,0.0067642806873154243,0.1,0.0062,1,0,33
1320,0,3061.0160827636719,0,0.091552734375,-3061.0160827636719,0,0.0067629825943944788,0.1,0.007,1,0,33
1320.125,0,3061.0122680664062,0,-0.030517578125,-3061.0122680664062,0,0.0067634244578758662,0.1,0.0056,1,0,33
1320.25,0,3061.0084533691406,0,-0.030517578125,-3061.0084533691406,0,0.0067638602454721253,0.1,0.0062,1,0,33
1320.375,0,3061.0084533691406,0,0,-3061.0084533691406,0,0.0067638595100993487,0.1,0.0066,1,0,33
1320.5,0,3061.0084533691406,0,0,-3061.0084533691406,0,0.0067638587884460838,0.1,0.0056,1,0,33
1320.625,0,3061.0084533691406,0,0,-3061.0084533691406,0,0.0067638580802563686,0.1,0.0068,1,0,33
1320.75,0,3061.0084533691406,0,0,-3061.0084533691406,0,0.006763857385279029,0.1,0.0072,1,0,33
1320.875,0,3061.0122680664062,0,0.030517578125,-3061.0122680664062,0,0.0067634261428286546,0.1,0.0062,1,0,33
1321,0,3061.0084533691406,0,-0.030517578125,-3061.0084533691406,0,0.0067638618989895177,0.1,0.0058,1,0,33
1321.125,0,3061.0084533691406,0,0,-3061.0084533691406,0,0.0067638611327678205,0.1,0.007,1,0,33
1321.25,0,3061.0122680664062,0,0.030517578125,-3061.0122680664062,0,0.0067634298204022614,0.1,0.0062,1,0,33
1321.375,0,3061.004638671875,0,-0.06103515625,-3061.004638671875,0,0.0067642960683912262,0.1,0.0066,1,0,33
1321.5,0,3061.0084533691406,0,0.030517578125,-3061.0084533691406,0,0.0067638588093903995,0.1,0.0066,1,0,33
1321.625,0,3061.0160827636719,0,0.06103515625,-3061.0160827636719,0,0.0067629969799321149,0.1,0.0064,1,0,33
1321.75,0,3061.0122680664062,0,-0.030517578125,-3061.0122680664062,0,0.0067634385750291043,0.1,0.0068,1,0,33
1321.875,0,3061.0084533691406,0,-0.030517578125,-3061.0084533691406,0,0.006763874099248085,0.1,0.006,1,0,33
1322,0,3061.0084533691406,0,0,-3061.0084533691406,0,0.0067638731054117385,0.1,0.0068,1,0,33
1322.125,0,3061.004638671875,0,-0.030517578125,-3061.004638671875,0,0.0067643026905558484,0.1,0.0066,1,0,33
1322.25,0,3061.0122680664062,0,0.06103515625,-3061.0122680664062,0,0.0067634347475694079,0.1,0.0062,1,0,33
1322.375,0,3061.0084533691406,0,-0.030517578125,-3061.0084533691406,0,0.0067638703431955466,0.1,0.0048,1,0,33
1322.5,0,3061.004638671875,0,-0.030517578125,-3061.004638671875,0,0.0067642999798730591,0.1,0.0068,1,0,33
1322.625,0,3061.004638671875,0,0,-3061.004638671875,0,0.0067642932083364221,0.1,0.0062,1,0,33
1322.75,0,3061.0084533691406,0,0.030517578125,-3061.0084533691406,0,0.0067638560026943434,0.1,0.0064,1,0,33
1322.875,0,3061.0122680664062,0,0.030517578125,-3061.0122680664062,0,0.0067634247860382107,0.1,0.0068,1,0,33
1323,0,3061.004638671875,0,-0.06103515625,-3061.004638671875,0,0.0067642911279510026,0.1,0.006,1,0,33
1323.125,0,3061.0084533691406,0,0.030517578125,-3061.0084533691406,0,0.0067638539611217241,0.1,0.0058,1,0,33
1323.25,0,3061.0084533691406,0,0,-3061.0084533691406,0,0.0067638533429932035,0.1,0.0064,1,0,33
1323.375,0,3061.0084533691406,0,0,-3061.0084533691406,0,0.0067638527363968193,0.1,0.0062,1,0,33
1323.5,0,3061.0084533691406,0,0,-3061.0084533691406,0,0.0067638521411174241,0.1,0.006,1,0,33
1323.625,0,3061.004638671875,0,-0.030517578125,-3061.004638671875,0,0.0067642821173827944,0.1,0.0068,1,0,33
1323.75,0,3061.0160827636719,0,0.091552734375,-3061.0160827636719,0,0.0067629839977817324,0.1,0.0066,1,0,33
1323.875,0,3061.0084533691406,0,-0.06103515625,-3061.0084533691406,0,0.0067638563955196851,0.1,0.0068,1,0,33
1324,0,3061.004638671875,0,-0.030517578125,-3061.004638671875,0,0.0067642862924126163,0.1,0.0058,1,0,33
1324.125,0,3061.0122680664062,0,0.06103515625,-3061.0122680664062,0,0.0067634186553588438,0.1,0.0064,1,0,33
1324.25,0,3061.0122680664062,0,0,-3061.0122680664062,0,0.0067634239907710947,0.1,0.0058,1,0,33
1324.375,0,3061.004638671875,0,-0.06103515625,-3061.004638671875,0,0.0067642903475208238,0.1,0.0066,1,0,33
1324.5,0,3061.0084533691406,0,0.030517578125,-3061.0084533691406,0,0.0067638531952516623,0.1,0.0064,1,0,33
1324.625,0,3061.0084533691406,0,0,-3061.0084533691406,0,0.0067638525914116288,0.1,0.0056,1,0,33
1324.75,0,3061.004638671875,0,-0.030517578125,-3061.004638671875,0,0.0067642825592760664,0.1,0.0062,1,0,33
1324.875,0,3061.0122680664062,0,0.06103515625,-3061.0122680664062,0,0.0067634149918697206,0.1,0.0062,1,0,33
1325,0,3061.0084533691406,0,-0.030517578125,-3061.0084533691406,0,0.0067638509560689342,0.1,0.0066,1,0,33
1325.125,0,3061.0122680664062,0,0.030517578125,-3061.0122680664062,0,0.00676341983356539,0.1,0.0068,1,0,33
1325.25,0,3061.0084533691406,0,-0.030517578125,-3061.0084533691406,0,0.00676385570743529,0.1,0.0064,1,0,33
1325.375,0,3061.0084533691406,0,0,-3061.0084533691406,0,0.0067638550567265948,0.1,0.0056,1,0,33
1325.5,0,3061.0122680664062,0,0.030517578125,-3061.0122680664062,0,0.0067634238577189559,0.1,0.0072,1,0,33
1325.625,0,3061.0084533691406,0,-0.030517578125,-3061.0084533691406,0,0.006763859656512064,0.1,0.006,1,0,33
1325.75,0,3061.004638671875,0,-0.030517578125,-3061.004638671875,0,0.0067642894925661612,0.1,0.0056,1,0,33
1325.875,0,3061.0084533691406,0,0.030517578125,-3061.0084533691406,0,0.0067638523562475045,0.1,0.0052,1,0,33
1326,0,3061.0122680664062,0,0.030517578125,-3061.0122680664062,0,0.0067634212076214673,0.1,0.0062,1,0,33
1326.125,0,3061.004638671875,0,-0.06103515625,-3061.004638671875,0,0.0067642876162951476,0.1,0.006,1,0,33
1326.25,0,3061.004638671875,0,0,-3061.004638671875,0,0.0067642810754201393,0.1,0.007,1,0,33
1326.375,0,3061.0084533691406,0,0.030517578125,-3061.0084533691406,0,0.0067638440961363261,0.1,0.0068,1,0,33
1326.5,0,3061.0084533691406,0,0,-3061.0084533691406,0,0.00676384366205432,0.1,0.0056,1,0,33
1326.625,0,3061.0084533691406,0,0,-3061.0084533691406,0,0.0067638432360707934,0.1,0.007,1,0,33
1326.75,0,3061.004638671875,0,-0.030517578125,-3061.004638671875,0,0.0067642733784735593,0.1,0.0064,1,0,33
1326.875,0,3061.0122680664062,0,0.06103515625,-3061.0122680664062,0,0.0067634059823492576,0.1,0.0072,1,0,33
1327,0,3061.0084533691406,0,-0.030517578125,-3061.0084533691406,0,0.0067638421146349742,0.1,0.0062,1,0,33
1327.125,0,3061.004638671875,0,-0.030517578125,-3061.004638671875,0,0.0067642722779598513,0.1,0.0074,1,0,33
1327.25,0,3061.0084533691406,0,0.030517578125,-3061.0084533691406,0,0.0067638354628062336,0.1,0.0058,1,0,33
1327.375,0,3061.0084533691406,0,0,-3061.0084533691406,0,0.0067638351897923304,0.1,0.0064,1,0,33
1327.5,0,3061.0084533691406,0,0,-3061.0084533691406,0,0.0067638349218719224,0.1,0.0062,1,0,33
1327.625,0,3061.0122680664062,0,0.030517578125,-3061.0122680664062,0,0.0067634040985110611,0.1,0.0062,1,0,33
1327.75,0,3061.0084533691406,0,-0.030517578125,-3061.0084533691406,0,0.0067638402659426916,0.1,0.0064,1,0,33
1327.875,0,3061.0084533691406,0,0,-3061.0084533691406,0,0.0067638399033188579,0.1,0.0058,1,0,33
1328,0,3061.0084533691406,0,0,-3061.0084533691406,0,0.0067638395474603347,0.1,0.0058,1,0,33
1328.125,0,3061.0122680664062,0,0.030517578125,-3061.0122680664062,0,0.00676340863780199,0.1,0.0058,1,0,33
1328.25,0,3061.0084533691406,0,-0.030517578125,-3061.0084533691406,0,0.0067638447205461416,0.1,0.0058,1,0,33
1328.375,0,3061.0084533691406,0,0,-3061.0084533691406,0,0.0067638442748148148,0.1,0.0066,1,0,33
1328.5,0,3061.0084533691406,0,0,-3061.0084533691406,0,0.0067638438373992943,0.1,0.008,1,0,33
1328.625,0,3061.0084533691406,0,0,-3061.0084533691406,0,0.0067638434081444265,0.1,0.0072,1,0,33
1328.75,0,3061.004638671875,0,-0.030517578125,-3061.004638671875,0,0.0067642735473368854,0.1,0.007,1,0,33
1328.875,0,3061.0160827636719,0,0.091552734375,-3061.0160827636719,0,0.00676297558762326,0.1,0.0066,1,0,33
1329,0,3061.0084533691406,0,-0.06103515625,-3061.0084533691406,0,0.0067638481422657021,0.1,0.007,1,0,33
1329.125,0,3061.0084533691406,0,0,-3061.0084533691406,0,0.0067638476326969121,0.1,0.0076,1,0,33
1329.25,0,3061.0084533691406,0,0,-3061.0084533691406,0,0.00676384713263492,0.1,0.0066,1,0,33
1329.375,0,3061.0122680664062,0,0.030517578125,-3061.0122680664062,0,0.0067634160814634414,0.1,0.0062,1,0,33
1329.5,0,3061.0084533691406,0,-0.030517578125,-3061.0084533691406,0,0.0067638520253345963,0.1,0.006,1,0,33
1329.625,0,3061.004638671875,0,-0.030517578125,-3061.004638671875,0,0.006764282003760072,0.1,0.0058,1,0,33
1329.75,0,3061.0084533691406,0,0.030517578125,-3061.0084533691406,0,0.0067638450071566547,0.1,0.0056,1,0,33
1329.875,0,3061.0084533691406,0,0,-3061.0084533691406,0,0.0067638445560781607,0.1,0.0064,1,0,33
1330,0,3061.0084533691406,0,0,-3061.0084533691406,0,0.0067638441134152405,0.1,0.0062,1,0,33
1330.125,0,3061.0122680664062,0,0.030517578125,-3061.0122680664062,0,0.0067634131185719676,0.1,0.0068,1,0,33
1330.25,0,3061.0084533691406,0,-0.030517578125,-3061.0084533691406,0,0.006763849117720433,0.1,0.0072,1,0,33
1330.375,0,3061.0122680664062,0,0.030517578125,-3061.0122680664062,0,0.0067634180295141205,0.1,0.0064,1,0,33
1330.5,0,3061.0084533691406,0,-0.030517578125,-3061.0084533691406,0,0.0067638539370413892,0.1,0.0058,1,0,33
1330.625,0,3061.004638671875,0,-0.030517578125,-3061.004638671875,0,0.0067642838798010335,0.1,0.0062,1,0,33
1330.75,0,3061.004638671875,0,0,-3061.004638671875,0,0.0067642774086360824,0.1,0.0068,1,0,33
1330.875,0,3061.0160827636719,0,0.091552734375,-3061.0160827636719,0,0.0067629793768839569,0.1,0.0072,1,0,33
1331,0,3061.0122680664062,0,-0.030517578125,-3061.0122680664062,0,0.00676342130039298,0.1,0.0058,1,0,33
1331.125,0,3061.0084533691406,0,-0.030517578125,-3061.0084533691406,0,0.0067638571468969511,0.1,0.0068,1,0,33
1331.25,0,3061.004638671875,0,-0.030517578125,-3061.004638671875,0,0.00676428702977179,0.1,0.0066,1,0,33
1331.375,0,3061.0084533691406,0,0.030517578125,-3061.0084533691406,0,0.0067638499394003654,0.1,0.0062,1,0,33
1331.5,0,3061.0122680664062,0,0.030517578125,-3061.0122680664062,0,0.0067634188358643432,0.1,0.0062,1,0,33
1331.625,0,3061.0084533691406,0,-0.030517578125,-3061.0084533691406,0,0.0067638547283478956,0.1,0.006,1,0,33
1331.75,0,3061.0122680664062,0,0.030517578125,-3061.0122680664062,0,0.0067634235354666616,0.1,0.0076,1,0,33
1331.875,0,3061.0122680664062,0,0,-3061.0122680664062,0,0.0067634287798329779,0.1,0.007,1,0,33
1332,0,3061.0160827636719,0,0.030517578125,-3061.0160827636719,0,0.0067630033659186323,0.1,0.0064,1,0,33
1332.125,0,3061.0122680664062,0,-0.030517578125,-3061.0122680664062,0,0.006763444841875188,0.1,0.007,1,0,33
1332.25,0,3061.0160827636719,0,0.030517578125,-3061.0160827636719,0,0.0067630191282986585,0.1,0.0072,1,0,33
1332.375,0,3061.0084533691406,0,-0.06103515625,-3061.0084533691406,0,0.00676389087062261,0.1,0.006,1,0,33
1332.5,0,3061.0122680664062,0,0.030517578125,-3061.0122680664062,0,0.0067634590034514747,0.1,0.0068,1,0,33
1332.625,0,3061.0122680664062,0,0,-3061.0122680664062,0,0.0067634635861077985,0.1,0.0056,1,0,33
1332.75,0,3061.0122680664062,0,0,-3061.0122680664062,0,0.0067634680832675959,0.1,0.0066,1,0,33
1332.875,0,3061.0122680664062,0,0,-3061.0122680664062,0,0.006763472496525938,0.1,0.0062,1,0,33
1333,0,3061.0084533691406,0,-0.030517578125,-3061.0084533691406,0,0.0067639073878870415,0.1,0.0064,1,0,33
1333.125,0,3061.0084533691406,0,0,-3061.0084533691406,0,0.006763905772999762,0.1,0.007,1,0,33
1333.25,0,3061.0084533691406,0,0,-3061.0084533691406,0,0.0067639041882407019,0.1,0.0064,1,0,33
1333.375,0,3061.0084533691406,0,0,-3061.0084533691406,0,0.0067639026330477692,0.1,0.0058,1,0,33
1333.5,0,3061.0008239746094,0,-0.06103515625,-3061.0008239746094,0,0.0067647622277471758,0.1,0.0072,1,0,33
1333.625,0,3061.0084533691406,0,0.06103515625,-3061.0084533691406,0,0.0067638878791453222,0.1,0.0066,1,0,33
1333.75,0,3061.0084533691406,0,0,-3061.0084533691406,0,0.00676388662822372,0.1,0.0058,1,0,33
1333.875,0,3061.0122680664062,0,0.030517578125,-3061.0122680664062,0,0.0067634548402010775,0.1,0.006,1,0,33
1334,0,3061.0084533691406,0,-0.030517578125,-3061.0084533691406,0,0.00676389006096817,0.1,0.0054,1,0,33
1334.125,0,3061.0084533691406,0,0,-3061.0084533691406,0,0.0067638887693412947,0.1,0.0062,1,0,33
1334.25,0,3061.0008239746094,0,-0.06103515625,-3061.0008239746094,0,0.00676474862268954,0.1,0.0058,1,0,33
1334.375,0,3061.0084533691406,0,0.06103515625,-3061.0084533691406,0,0.0067638745279110374,0.1,0.0048,1,0,33
1334.5,0,3061.004638671875,0,-0.030517578125,-3061.004638671875,0,0.0067643040865162374,0.1,0.0062,1,0,33
1334.625,0,3061.0122680664062,0,0.06103515625,-3061.0122680664062,0,0.0067634361174860047,0.1,0.0072,1,0,33
1334.75,0,3061.0122680664062,0,0,-3061.0122680664062,0,0.0067634411271153272,0.1,0.0072,1,0,33
1334.875,0,3061.0084533691406,0,-0.030517578125,-3061.0084533691406,0,0.0067638766037212,0.1,0.0068,1,0,33
1335,0,3061.0008239746094,0,-0.06103515625,-3061.0008239746094,0,0.0067647366840378614,0.1,0.0068,1,0,33
1335.125,0,3061.004638671875,0,0.030517578125,-3061.004638671875,0,0.0067642933724322424,0.1,0.0068,1,0,33
1335.25,0,3061.0122680664062,0,0.06103515625,-3061.0122680664062,0,0.0067634256032897827,0.1,0.0056,1,0,33
1335.375,0,3061.004638671875,0,-0.06103515625,-3061.004638671875,0,0.0067642919299554932,0.1,0.0062,1,0,33
1335.5,0,3061.0084533691406,0,0.030517578125,-3061.0084533691406,0,0.0067638547481635725,0.1,0.0064,1,0,33
1335.625,0,3061.0160827636719,0,0.06103515625,-3061.0160827636719,0,0.0067629929944737349,0.1,0.0074,1,0,33
1335.75,0,3061.0122680664062,0,-0.030517578125,-3061.0122680664062,0,0.0067634346639256077,0.1,0.007,1,0,33
1335.875,0,3061.0084533691406,0,-0.030517578125,-3061.0084533691406,0,0.006763870261112262,0.1,0.0054,1,0,33
1336,0,3061.0084533691406,0,0,-3061.0084533691406,0,0.0067638693388822613,0.1,0.0068,1,0,33
1336.125,0,3061.0122680664062,0,0.030517578125,-3061.0122680664062,0,0.0067634378734189732,0.1,0.0066,1,0,33
1336.25,0,3061.0084533691406,0,-0.030517578125,-3061.0084533691406,0,0.0067638734107275666,0.1,0.0068,1,0,33
1336.375,0,3061.0084533691406,0,0,-3061.0084533691406,0,0.0067638724297366254,0.1,0.0052,1,0,33
1336.5,0,3061.0084533691406,0,0,-3061.0084533691406,0,0.0067638714670475858,0.1,0.0064,1,0,33
1336.625,0,3061.0122680664062,0,0.030517578125,-3061.0122680664062,0,0.0067634399618800856,0.1,0.0058,1,0,33
1336.75,0,3061.004638671875,0,-0.06103515625,-3061.004638671875,0,0.0067643060206641348,0.1,0.0062,1,0,33
1336.875,0,3061.0084533691406,0,0.030517578125,-3061.0084533691406,0,0.0067638685759883049,0.1,0.0056,1,0,33
1337,0,3061.0084533691406,0,0,-3061.0084533691406,0,0.0067638676851968921,0.1,0.007,1,0,33
1337.125,0,3061.0084533691406,0,0,-3061.0084533691406,0,0.00676386681102456,0.1,0.0054,1,0,33
1337.25,0,3061.0084533691406,0,0,-3061.0084533691406,0,0.006763865953161266,0.1,0.006,1,0,33
1337.375,0,3061.0084533691406,0,0,-3061.0084533691406,0,0.0067638651113027387,0.1,0.0064,1,0,33
1337.5,0,3061.004638671875,0,-0.030517578125,-3061.004638671875,0,0.0067642948455892971,0.1,0.0058,1,0,33
1337.625,0,3061.0084533691406,0,0.030517578125,-3061.0084533691406,0,0.0067638576094017355,0.1,0.0058,1,0,33
1337.75,0,3061.0122680664062,0,0.030517578125,-3061.0122680664062,0,0.0067634263627699975,0.1,0.007,1,0,33
1337.875,0,3061.0084533691406,0,-0.030517578125,-3061.0084533691406,0,0.006763862114827518,0.1,0.0068,1,0,33
1338,0,3061.0084533691406,0,0,-3061.0084533691406,0,0.006763861344579028,0.1,0.0062,1,0,33
1338.125,0,3061.0122680664062,0,0.030517578125,-3061.0122680664062,0,0.0067634300282617965,0.1,0.0056,1,0,33
1338.25,0,3061.0122680664062,0,0,-3061.0122680664062,0,0.0067634351514949953,0.1,0.0066,1,0,33
1338.375,0,3061.0084533691406,0,-0.030517578125,-3061.0084533691406,0,0.0067638707395852871,0.1,0.0062,1,0,33
1338.5,0,3061.004638671875,0,-0.030517578125,-3061.004638671875,0,0.0067643003688675485,0.1,0.0068,1,0,33
1338.625,0,3061.004638671875,0,0,-3061.004638671875,0,0.0067642935900736195,0.1,0.005,1,0,33
1338.75,0,3061.0084533691406,0,0.030517578125,-3061.0084533691406,0,0.0067638563773096405,0.1,0.006,1,0,33
1338.875,0,3061.004638671875,0,-0.030517578125,-3061.004638671875,0,0.0067642862745423138,0.1,0.007,1,0,33
1339,0,3061.0122680664062,0,0.06103515625,-3061.0122680664062,0,0.0067634186378219413,0.1,0.0068,1,0,33
1339.125,0,3061.0084533691406,0,-0.030517578125,-3061.0084533691406,0,0.0067638545340002881,0.1,0.0068,1,0,33
1339.25,0,3061.0122680664062,0,0.030517578125,-3061.0122680664062,0,0.0067634233447449177,0.1,0.0064,1,0,33
1339.375,0,3061.0122680664062,0,0,-3061.0122680664062,0,0.0067634285926694432,0.1,0.0056,1,0,33
1339.5,0,3061.0084533691406,0,-0.030517578125,-3061.0084533691406,0,0.006763864303124742,0.1,0.0066,1,0,33
1339.625,0,3061.0084533691406,0,0,-3061.0084533691406,0,0.0067638634920501872,0.1,0.0058,1,0,33
1339.75,0,3061.0160827636719,0,0.06103515625,-3061.0160827636719,0,0.00676300157522966,0.1,0.0072,1,0,33
1339.875,0,3061.0084533691406,0,-0.06103515625,-3061.0084533691406,0,0.0067638736450331971,0.1,0.0072,1,0,33
1340,0,3061.0122680664062,0,0.030517578125,-3061.0122680664062,0,0.00676344209923202,0.1,0.0066,1,0,33
1340.125,0,3061.0160827636719,0,0.030517578125,-3061.0160827636719,0,0.0067630164368237267,0.1,0.0056,1,0,33
1340.25,0,3061.0160827636719,0,0,-3061.0160827636719,0,0.0067630271084834631,0.1,0.0062,1,0,33
1340.375,0,3061.0084533691406,0,-0.06103515625,-3061.0084533691406,0,0.0067638987019247448,0.1,0.0064,1,0,33
1340.5,0,3061.0122680664062,0,0.030517578125,-3061.0122680664062,0,0.0067634666886485784,0.1,0.0058,1,0,33
1340.625,0,3061.0084533691406,0,-0.030517578125,-3061.0084533691406,0,0.0067639016883646041,0.1,0.006,1,0,33
1340.75,0,3061.0122680664062,0,0.030517578125,-3061.0122680664062,0,0.006763469619371798,0.1,0.0074,1,0,33
1340.875,0,3061.0122680664062,0,0,-3061.0122680664062,0,0.006763474003971745,0.1,0.007,1,0,33
1341,0,3061.0160827636719,0,0.030517578125,-3061.0160827636719,0,0.0067630477463312966,0.1,0.0064,1,0,33
1341.125,0,3061.0198974609375,0,0.030517578125,-3061.0198974609375,0,0.0067626272734248871,0.1,0.0062,1,0,33
1341.25,0,3061.0122680664062,0,-0.06103515625,-3061.0122680664062,0,0.0067635041586462247,0.1,0.007,1,0,33
1341.375,0,3061.0122680664062,0,0,-3061.0122680664062,0,0.0067635078988627084,0.1,0.0064,1,0,33
1341.5,0,3061.0122680664062,0,0,-3061.0122680664062,0,0.0067635115692996767,0.1,0.007,1,0,33
1341.625,0,3061.0122680664062,0,0,-3061.0122680664062,0,0.0067635151712589769,0.1,0.0062,1,0,33
1341.75,0,3061.0122680664062,0,0,-3061.0122680664062,0,0.0067635187060181706,0.1,0.0056,1,0,33
1341.875,0,3061.004638671875,0,-0.06103515625,-3061.004638671875,0,0.0067643832957088035,0.1,0.0068,1,0,33
1342,0,3061.004638671875,0,0,-3061.004638671875,0,0.0067643749697866851,0.1,0.0054,1,0,33
1342.125,0,3061.0122680664062,0,0.06103515625,-3061.0122680664062,0,0.0067635056783196673,0.1,0.007,1,0,33
1342.25,0,3061.0084533691406,0,-0.030517578125,-3061.0084533691406,0,0.0067639399506232156,0.1,0.0074,1,0,33
1342.375,0,3061.0084533691406,0,0,-3061.0084533691406,0,0.0067639377282278368,0.1,0.0064,1,0,33
1342.5,0,3061.004638671875,0,-0.030517578125,-3061.004638671875,0,0.0067643661077335937,0.1,0.0064,1,0,33
1342.625,0,3061.0084533691406,0,0.030517578125,-3061.0084533691406,0,0.0067639275420407624,0.1,0.0064,1,0,33
1342.75,0,3061.0122680664062,0,0.030517578125,-3061.0122680664062,0,0.006763494990707733,0.1,0.0064,1,0,33
1342.875,0,3061.0084533691406,0,-0.030517578125,-3061.0084533691406,0,0.0067639294624051716,0.1,0.0068,1,0,33
1343,0,3061.0122680664062,0,0.030517578125,-3061.0122680664062,0,0.0067634968752447733,0.1,0.0072,1,0,33
1343.125,0,3061.0122680664062,0,0,-3061.0122680664062,0,0.0067635007513443535,0.1,0.0056,1,0,33
1343.25,0,3061.0160827636719,0,0.030517578125,-3061.0160827636719,0,0.0067630739946903939,0.1,0.0064,1,0,33
1343.375,0,3061.0122680664062,0,-0.030517578125,-3061.0122680664062,0,0.0067635141529582277,0.1,0.0072,1,0,33
1343.5,0,3061.0122680664062,0,0,-3061.0122680664062,0,0.0067635177067153912,0.1,0.005,1,0,33
1343.625,0,3061.0122680664062,0,0,-3061.0122680664062,0,0.0067635211941717288,0.1,0.0054,1,0,33
1343.75,0,3061.0084533691406,0,-0.030517578125,-3061.0084533691406,0,0.0067639551770031087,0.1,0.0058,1,0,33
1343.875,0,3061.0122680664062,0,0.030517578125,-3061.0122680664062,0,0.0067635221100972032,0.1,0.007,1,0,33
1344,0,3061.0122680664062,0,0,-3061.0122680664062,0,0.0067635255154016582,0.1,0.0058,1,0,33
1344.125,0,3061.0122680664062,0,0,-3061.0122680664062,0,0.0067635288571749053,0.1,0.0066,1,0,33
1344.25,0,3061.0122680664062,0,0,-3061.0122680664062,0,0.0067635321366022183,0.1,0.0058,1,0,33
1344.375,0,3061.0084533691406,0,-0.030517578125,-3061.0084533691406,0,0.0067639659152856635,0.1,0.0064,1,0,33
1344.5,0,3061.0122680664062,0,0.030517578125,-3061.0122680664062,0,0.0067635326480405267,0.1,0.0068,1,0,33
1344.625,0,3061.0084533691406,0,-0.030517578125,-3061.0084533691406,0,0.0067639664171823127,0.1,0.006,1,0,33
1344.75,0,3061.0084533691406,0,0,-3061.0084533691406,0,0.00676396370101244,0.1,0.0062,1,0,33
1344.875,0,3061.0084533691406,0,0,-3061.0084533691406,0,0.0067639610355169077,0.1,0.0066,1,0,33
1345,0,3061.0122680664062,0,0.030517578125,-3061.0122680664062,0,0.0067635278593113912,0.1,0.0066,1,0,33
1345.125,0,3061.0084533691406,0,-0.030517578125,-3061.0084533691406,0,0.006763961717794309,0.1,0.0066,1,0,33
1345.25,0,3061.0084533691406,0,0,-3061.0084533691406,0,0.0067639590892987766,0.1,0.0064,1,0,33
1345.375,0,3061.0122680664062,0,0.030517578125,-3061.0122680664062,0,0.0067635259494029654,0.1,0.0062,1,0,33
1345.5,0,3061.0084533691406,0,-0.030517578125,-3061.0084533691406,0,0.0067639598435181719,0.1,0.0064,1,0,33
1345.625,0,3061.0084533691406,0,0,-3061.0084533691406,0,0.0067639572499901407,0.1,0.006,1,0,33
1345.75,0,3061.0122680664062,0,0.030517578125,-3061.0122680664062,0,0.0067635241444094635,0.1,0.0066,1,0,33
1345.875,0,3061.0122680664062,0,0,-3061.0122680664062,0,0.0067635275117606947,0.1,0.0062,1,0,33
1346,0,3061.0084533691406,0,-0.030517578125,-3061.0084533691406,0,0.0067639613767277035,0.1,0.0064,1,0,33
1346.125,0,3061.0084533691406,0,0,-3061.0084533691406,0,0.0067639587545952895,0.1,0.007,1,0,33
1346.25,0,3061.0084533691406,0,0,-3061.0084533691406,0,0.0067639561813827992,0.1,0.005,1,0,33
1346.375,0,3061.0084533691406,0,0,-3061.0084533691406,0,0.00676395365617756,0.1,0.0054,1,0,33
1346.5,0,3061.0122680664062,0,0.030517578125,-3061.0122680664062,0,0.0067635206176450136,0.1,0.0068,1,0,33
1346.625,0,3061.0084533691406,0,-0.030517578125,-3061.0084533691406,0,0.0067639546112323867,0.1,0.0062,1,0,33
1346.75,0,3061.0084533691406,0,0,-3061.0084533691406,0,0.0067639521153207288,0.1,0.0068,1,0,33
1346.875,0,3061.0084533691406,0,0,-3061.0084533691406,0,0.006763949665974156,0.1,0.0058,1,0,33
1347,0,3061.0084533691406,0,0,-3061.0084533691406,0,0.0067639472623239189,0.1,0.0068,1,0,33
1347.125,0,3061.004638671875,0,-0.030517578125,-3061.004638671875,0,0.0067643754639564041,0.1,0.0052,1,0,33
1347.25,0,3061.004638671875,0,0,-3061.004638671875,0,0.0067643672841477126,0.1,0.0056,1,0,33
1347.375,0,3061.0084533691406,0,0.030517578125,-3061.0084533691406,0,0.0067639286965070627,0.1,0.0066,1,0,33
1347.5,0,3061.004638671875,0,-0.030517578125,-3061.004638671875,0,0.0067643572445135053,0.1,0.0072,1,0,33
1347.625,0,3061.0084533691406,0,0.030517578125,-3061.0084533691406,0,0.0067639188441777215,0.1,0.0058,1,0,33
1347.75,0,3061.004638671875,0,-0.030517578125,-3061.004638671875,0,0.0067643475759945754,0.1,0.0056,1,0,33
1347.875,0,3061.0084533691406,0,0.030517578125,-3061.0084533691406,0,0.0067639093560399322,0.1,0.0058,1,0,33
1348,0,3061.004638671875,0,-0.030517578125,-3061.004638671875,0,0.0067643382648726325,0.1,0.0062,1,0,33
1348.125,0,3061.0008239746094,0,-0.030517578125,-3061.0008239746094,0,0.0067647613395091649,0.1,0.0062,1,0,33
1348.25,0,3061.0160827636719,0,0.1220703125,-3061.0160827636719,0,0.0067630258866009374,0.1,0.0062,1,0,33
1348.375,0,3061.0084533691406,0,-0.06103515625,-3061.0084533691406,0,0.0067638975028383314,0.1,0.0068,1,0,33
1348.5,0,3061.0084533691406,0,0,-3061.0084533691406,0,0.0067638960723718916,0.1,0.0062,1,0,33
1348.625,0,3061.0084533691406,0,0,-3061.0084533691406,0,0.0067638946685930068,0.1,0.006,1,0,33
1348.75,0,3061.004638671875,0,-0.030517578125,-3061.004638671875,0,0.0067643238514426968,0.1,0.0062,1,0,33
1348.875,0,3061.0122680664062,0,0.06103515625,-3061.0122680664062,0,0.0067634555136672631,0.1,0.0064,1,0,33
1349,0,3061.0084533691406,0,-0.030517578125,-3061.0084533691406,0,0.0067638907218698086,0.1,0.0054,1,0,33
1349.125,0,3061.0008239746094,0,-0.06103515625,-3061.0008239746094,0,0.0067647505387906232,0.1,0.006,1,0,33
1349.25,0,3061.0084533691406,0,0.06103515625,-3061.0084533691406,0,0.0067638764082642994,0.1,0.0064,1,0,33
1349.375,0,3061.0084533691406,0,0,-3061.0084533691406,0,0.00676387537134969,0.1,0.0064,1,0,33
1349.5,0,3061.0084533691406,0,0,-3061.0084533691406,0,0.0067638743537803275,0.1,0.0068,1,0,33
1349.625,0,3061.0084533691406,0,0,-3061.0084533691406,0,0.0067638733551952795,0.1,0.0062,1,0,33
1349.75,0,3061.0160827636719,0,0.06103515625,-3061.0160827636719,0,0.0067630112543625581,0.1,0.0056,1,0,33
1349.875,0,3061.0084533691406,0,-0.06103515625,-3061.0084533691406,0,0.0067638831435869323,0.1,0.0064,1,0,33
1350,0,3061.0084533691406,0,0,-3061.0084533691406,0,0.0067638819810144774,0.1,0.0064,1,0,33
1350.125,0,3061.004638671875,0,-0.030517578125,-3061.004638671875,0,0.00676431140057053,0.1,0.0058,1,0,33
1350.25,0,3061.0122680664062,0,0.06103515625,-3061.0122680664062,0,0.0067634432950853252,0.1,0.0064,1,0,33
1350.375,0,3061.004638671875,0,-0.06103515625,-3061.004638671875,0,0.0067643092916832848,0.1,0.0072,1,0,33
1350.5,0,3061.004638671875,0,0,-3061.004638671875,0,0.0067643023464204616,0.1,0.0052,1,0,33
1350.625,0,3061.0084533691406,0,0.030517578125,-3061.0084533691406,0,0.0067638649702933124,0.1,0.006,1,0,33
1350.75,0,3061.0084533691406,0,0,-3061.0084533691406,0,0.0067638641467717,0.1,0.0078,1,0,33
1350.875,0,3061.0160827636719,0,0.06103515625,-3061.0160827636719,0,0.006763002217736333,0.1,0.0066,1,0,33
1351,0,3061.0122680664062,0,-0.030517578125,-3061.0122680664062,0,0.0067634437151140037,0.1,0.0064,1,0,33
1351.125,0,3061.0084533691406,0,-0.030517578125,-3061.0084533691406,0,0.0067638791434367629,0.1,0.0052,1,0,33
1351.25,0,3061.0122680664062,0,0.030517578125,-3061.0122680664062,0,0.0067634474950543783,0.1,0.0066,1,0,33
1351.375,0,3061.0084533691406,0,-0.030517578125,-3061.0084533691406,0,0.00676388285285652,0.1,0.0062,1,0,33
1351.5,0,3061.0084533691406,0,0,-3061.0084533691406,0,0.0067638816957081016,0.1,0.006,1,0,33
1351.625,0,3061.0084533691406,0,0,-3061.0084533691406,0,0.0067638805601480667,0.1,0.006,1,0,33
1351.75,0,3061.004638671875,0,-0.030517578125,-3061.004638671875,0,0.0067643100062125677,0.1,0.0068,1,0,33
1351.875,0,3061.0084533691406,0,0.030517578125,-3061.0084533691406,0,0.0067638724871801753,0.1,0.0056,1,0,33
1352,0,3061.0122680664062,0,0.030517578125,-3061.0122680664062,0,0.0067634409629805242,0.1,0.0064,1,0,33
1352.125,0,3061.0084533691406,0,-0.030517578125,-3061.0084533691406,0,0.0067638764426485865,0.1,0.007,1,0,33
1352.25,0,3061.0084533691406,0,0,-3061.0084533691406,0,0.00676387540509249,0.1,0.0064,1,0,33
1352.375,0,3061.0122680664062,0,0.030517578125,-3061.0122680664062,0,0.00676344382645469,0.1,0.0074,1,0,33
1352.5,0,3061.0122680664062,0,0,-3061.0122680664062,0,0.0067634486922613091,0.1,0.0056,1,0,33
1352.625,0,3061.0084533691406,0,-0.030517578125,-3061.0084533691406,0,0.0067638840277277068,0.1,0.0056,1,0,33
1352.75,0,3061.004638671875,0,-0.030517578125,-3061.004638671875,0,0.0067643134090991652,0.1,0.0052,1,0,33
1352.875,0,3061.0160827636719,0,0.091552734375,-3061.0160827636719,0,0.006763014705702855,0.1,0.006,1,0,33
1353,0,3061.0122680664062,0,-0.030517578125,-3061.0122680664062,0,0.0067634559700982394,0.1,0.0064,1,0,33
1353.125,0,3061.0084533691406,0,-0.030517578125,-3061.0084533691406,0,0.00676389116978536,0.1,0.0068,1,0,33
1353.25,0,3061.004638671875,0,-0.030517578125,-3061.004638671875,0,0.00676432041791071,0.1,0.0064,1,0,33
1353.375,0,3061.004638671875,0,0,-3061.004638671875,0,0.0067643132650709453,0.1,0.0064,1,0,33
1353.5,0,3061.0122680664062,0,0.06103515625,-3061.0122680664062,0,0.0067634451248006072,0.1,0.007,1,0,33
1353.625,0,3061.0160827636719,0,0.030517578125,-3061.0160827636719,0,0.0067630194059456611,0.1,0.006,1,0,33
1353.75,0,3061.004638671875,0,-0.091552734375,-3061.004638671875,0,0.0067643217035285863,0.1,0.0066,1,0,33
1353.875,0,3061.0084533691406,0,0.030517578125,-3061.0084533691406,0,0.0067638839662647193,0.1,0.0058,1,0,33
1354,0,3061.004638671875,0,-0.030517578125,-3061.004638671875,0,0.0067643133487828577,0.1,0.0062,1,0,33
1354.125,0,3061.0160827636719,0,0.091552734375,-3061.0160827636719,0,0.0067630146465118418,0.1,0.0062,1,0,33
1354.25,0,3061.0122680664062,0,-0.030517578125,-3061.0122680664062,0,0.0067634559120115234,0.1,0.0068,1,0,33
1354.375,0,3061.0084533691406,0,-0.030517578125,-3061.0084533691406,0,0.006763891112782347,0.1,0.006,1,0,33
1354.5,0,3061.0122680664062,0,0.030517578125,-3061.0122680664062,0,0.0067634592410933531,0.1,0.006,1,0,33
1354.625,0,3061.0084533691406,0,-0.030517578125,-3061.0084533691406,0,0.0067638943797550116,0.1,0.0062,1,0,33
1354.75,0,3061.0122680664062,0,0.030517578125,-3061.0122680664062,0,0.0067634624471155924,0.1,0.0072,1,0,33
1354.875,0,3061.0084533691406,0,-0.030517578125,-3061.0084533691406,0,0.0067638975259639578,0.1,0.006,1,0,33
1355,0,3061.0122680664062,0,0.030517578125,-3061.0122680664062,0,0.0067634655346271583,0.1,0.0076,1,0,33
1355.125,0,3061.0122680664062,0,0,-3061.0122680664062,0,0.0067634699954343125,0.1,0.0064,1,0,33
1355.25,0,3061.0084533691406,0,-0.030517578125,-3061.0084533691406,0,0.0067639049334571461,0.1,0.0054,1,0,33
1355.375,0,3061.004638671875,0,-0.030517578125,-3061.004638671875,0,0.0067643339247999562,0.1,0.0062,1,0,33
1355.5,0,3061.0122680664062,0,0.06103515625,-3061.0122680664062,0,0.006763465399090493,0.1,0.0062,1,0,33
1355.625,0,3061.004638671875,0,-0.06103515625,-3061.004638671875,0,0.0067643309833041315,0.1,0.0056,1,0,33
1355.75,0,3061.0084533691406,0,0.030517578125,-3061.0084533691406,0,0.0067638930729117253,0.1,0.006,1,0,33
1355.875,0,3061.0122680664062,0,0.030517578125,-3061.0122680664062,0,0.0067634611646534837,0.1,0.0054,1,0,33
1356,0,3061.004638671875,0,-0.06103515625,-3061.004638671875,0,0.0067643268278670676,0.1,0.0052,1,0,33
1356.125,0,3061.0084533691406,0,0.030517578125,-3061.0084533691406,0,0.006763888995000758,0.1,0.0072,1,0,33
1356.25,0,3061.004638671875,0,-0.030517578125,-3061.004638671875,0,0.0067643182837000687,0.1,0.006,1,0,33
1356.375,0,3061.004638671875,0,0,-3061.004638671875,0,0.0067643111706772868,0.1,0.0062,1,0,33
1356.5,0,3061.0084533691406,0,0.030517578125,-3061.0084533691406,0,0.0067638736299200086,0.1,0.0062,1,0,33
1356.625,0,3061.004638671875,0,-0.030517578125,-3061.004638671875,0,0.0067643032052786128,0.1,0.0056,1,0,33
1356.75,0,3061.0122680664062,0,0.06103515625,-3061.0122680664062,0,0.0067634352526892288,0.1,0.0068,1,0,33
1356.875,0,3061.0084533691406,0,-0.030517578125,-3061.0084533691406,0,0.0067638708388915864,0.1,0.0072,1,0,33
1357,0,3061.004638671875,0,-0.030517578125,-3061.004638671875,0,0.0067643004663211354,0.1,0.0048,1,0,33
1357.125,0,3061.0122680664062,0,0.06103515625,-3061.0122680664062,0,0.0067634325648312371,0.1,0.0062,1,0,33
1357.25,0,3061.004638671875,0,-0.06103515625,-3061.004638671875,0,0.0067642987616186451,0.1,0.006,1,0,33
1357.375,0,3061.0122680664062,0,0.06103515625,-3061.0122680664062,0,0.0067634308919325981,0.1,0.0064,1,0,33
1357.5,0,3061.004638671875,0,-0.06103515625,-3061.004638671875,0,0.0067642971199305124,0.1,0.006,1,0,33
1357.625,0,3061.0122680664062,0,0.06103515625,-3061.0122680664062,0,0.0067634292808726876,0.1,0.0072,1,0,33
1357.75,0,3061.0084533691406,0,-0.030517578125,-3061.0084533691406,0,0.006763864978488493,0.1,0.0058,1,0,33
1357.875,0,3061.0084533691406,0,0,-3061.0084533691406,0,0.0067638641548139894,0.1,0.006,1,0,33
1358,0,3061.0084533691406,0,0,-3061.0084533691406,0,0.0067638633465064019,0.1,0.005,1,0,33
1358.125,0,3061.0122680664062,0,0.030517578125,-3061.0122680664062,0,0.00676343199284013,0.1,0.0066,1,0,33
1358.25,0,3061.0084533691406,0,-0.030517578125,-3061.0084533691406,0,0.0067638676398600051,0.1,0.006,1,0,33
1358.375,0,3061.0084533691406,0,0,-3061.0084533691406,0,0.0067638667665335106,0.1,0.0068,1,0,33
1358.5,0,3061.0084533691406,0,0,-3061.0084533691406,0,0.0067638659095002607,0.1,0.0062,1,0,33
1358.625,0,3061.004638671875,0,-0.030517578125,-3061.004638671875,0,0.0067642956288952033,0.1,0.0062,1,0,33
1358.75,0,3061.0084533691406,0,0.030517578125,-3061.0084533691406,0,0.0067638583780938594,0.1,0.0062,1,0,33
1358.875,0,3061.004638671875,0,-0.030517578125,-3061.004638671875,0,0.0067642882379988084,0.1,0.0048,1,0,33
1359,0,3061.0084533691406,0,0.030517578125,-3061.0084533691406,0,0.00676385112508604,0.1,0.0058,1,0,33
1359.125,0,3061.0122680664062,0,0.030517578125,-3061.0122680664062,0,0.0067634199994292266,0.1,0.007,1,0,33
1359.25,0,3061.004638671875,0,-0.06103515625,-3061.004638671875,0,0.0067642864306435985,0.1,0.0064,1,0,33
1359.375,0,3061.0122680664062,0,0.06103515625,-3061.0122680664062,0,0.0067634187910109167,0.1,0.0068,1,0,33
1359.5,0,3061.0084533691406,0,-0.030517578125,-3061.0084533691406,0,0.0067638546843312858,0.1,0.0048,1,0,33
1359.625,0,3061.004638671875,0,-0.030517578125,-3061.004638671875,0,0.0067642846131490825,0.1,0.006,1,0,33
1359.75,0,3061.004638671875,0,0,-3061.004638671875,0,0.0067642781283023951,0.1,0.006,1,0,33
1359.875,0,3061.004638671875,0,0,-3061.004638671875,0,0.006764271764440527,0.1,0.0056,1,0,33
1360,0,3061.0122680664062,0,0.06103515625,-3061.0122680664062,0,0.0067634043984284992,0.1,0.0068,1,0,33
1360.125,0,3061.0084533691406,0,-0.030517578125,-3061.0084533691406,0,0.0067638405602647028,0.1,0.0066,1,0,33
1360.25,0,3061.0122680664062,0,0.030517578125,-3061.0122680664062,0,0.0067634096317109316,0.1,0.0074,1,0,33
1360.375,0,3061.0084533691406,0,-0.030517578125,-3061.0084533691406,0,0.0067638456959121795,0.1,0.0054,1,0,33
1360.5,0,3061.004638671875,0,-0.030517578125,-3061.004638671875,0,0.0067642757924228081,0.1,0.007,1,0,33
1360.625,0,3061.004638671875,0,0,-3061.004638671875,0,0.0067642694721403857,0.1,0.0062,1,0,33
1360.75,0,3061.0084533691406,0,0.030517578125,-3061.0084533691406,0,0.0067638327093336725,0.1,0.0062,1,0,33
1360.875,0,3061.0084533691406,0,0,-3061.0084533691406,0,0.0067638324876900524,0.1,0.0056,1,0,33
1361,0,3061.0122680664062,0,0.030517578125,-3061.0122680664062,0,0.0067634017097426141,0.1,0.0062,1,0,33
1361.125,0,3061.0084533691406,0,-0.030517578125,-3061.0084533691406,0,0.006763837921740401,0.1,0.0062,1,0,33
1361.25,0,3061.0084533691406,0,0,-3061.0084533691406,0,0.0067638376028512776,0.1,0.0066,1,0,33
1361.375,0,3061.0084533691406,0,0,-3061.0084533691406,0,0.006763837289911534,0.1,0.007,1,0,33
1361.5,0,3061.004638671875,0,-0.030517578125,-3061.004638671875,0,0.0067642675432490751,0.1,0.0064,1,0,33
1361.625,0,3061.0122680664062,0,0.06103515625,-3061.0122680664062,0,0.0067634002559898848,0.1,0.007,1,0,33
1361.75,0,3061.0122680664062,0,0,-3061.0122680664062,0,0.0067634059346707576,0.1,0.0074,1,0,33
1361.875,0,3061.0122680664062,0,0,-3061.0122680664062,0,0.0067634115074070716,0.1,0.0066,1,0,33
1362,0,3061.0084533691406,0,-0.030517578125,-3061.0084533691406,0,0.0067638475366143119,0.1,0.0056,1,0,33
1362.125,0,3061.004638671875,0,-0.030517578125,-3061.004638671875,0,0.0067642775987837994,0.1,0.006,1,0,33
1362.25,0,3061.0084533691406,0,0.030517578125,-3061.0084533691406,0,0.0067638406843620047,0.1,0.006,1,0,33
1362.375,0,3061.0084533691406,0,0,-3061.0084533691406,0,0.0067638403139319153,0.1,0.0064,1,0,33
1362.5,0,3061.0084533691406,0,0,-3061.0084533691406,0,0.00676383995041277,0.1,0.006,1,0,33
1362.625,0,3061.0084533691406,0,0,-3061.0084533691406,0,0.006763839593675644,0.1,0.006,1,0,33
1362.75,0,3061.0084533691406,0,0,-3061.0084533691406,0,0.006763839243594,0.1,0.0066,1,0,33
1362.875,0,3061.0122680664062,0,0.030517578125,-3061.0122680664062,0,0.0067634083396047456,0.1,0.0068,1,0,33
1363,0,3061.0008239746094,0,-0.091552734375,-3061.0008239746094,0,0.0067647055487900509,0.1,0.0068,1,0,33
1363.125,0,3061.0084533691406,0,0.06103515625,-3061.0084533691406,0,0.0067638322576216159,0.1,0.0068,1,0,33
1363.25,0,3061.004638671875,0,-0.030517578125,-3061.004638671875,0,0.0067642626048442928,0.1,0.007,1,0,33
1363.375,0,3061.0122680664062,0,0.06103515625,-3061.0122680664062,0,0.0067633954097186672,0.1,0.0058,1,0,33
1363.5,0,3061.0084533691406,0,-0.030517578125,-3061.0084533691406,0,0.006763831739253115,0.1,0.0066,1,0,33
1363.625,0,3061.0122680664062,0,0.030517578125,-3061.0122680664062,0,0.0067634009752689239,0.1,0.0054,1,0,33
1363.75,0,3061.0084533691406,0,-0.030517578125,-3061.0084533691406,0,0.0067638372009694442,0.1,0.0076,1,0,33
1363.875,0,3061.0122680664062,0,0.030517578125,-3061.0122680664062,0,0.0067634063350885121,0.1,0.0052,1,0,33
1364,0,3061.0122680664062,0,0,-3061.0122680664062,0,0.006763411900354413,0.1,0.0062,1,0,33
1364.125,0,3061.0084533691406,0,-0.030517578125,-3061.0084533691406,0,0.0067638479222306147,0.1,0.0066,1,0,33
1364.25,0,3061.0084533691406,0,0,-3061.0084533691406,0,0.006763847416766916,0.1,0.0062,1,0,33
1364.375,0,3061.0122680664062,0,0.030517578125,-3061.0122680664062,0,0.0067634163602945108,0.1,0.0072,1,0,33
1364.5,0,3061.0160827636719,0,0.030517578125,-3061.0160827636719,0,0.00676299117808582,0.1,0.0068,1,0,33
1364.625,0,3061.0122680664062,0,-0.030517578125,-3061.0122680664062,0,0.00676343288142521,0.1,0.0076,1,0,33
1364.75,0,3061.0160827636719,0,0.030517578125,-3061.0160827636719,0,0.0067630073909893257,0.1,0.007,1,0,33
1364.875,0,3061.0122680664062,0,-0.030517578125,-3061.0122680664062,0,0.0067634487918519781,0.1,0.0054,1,0,33
1365,0,3061.0084533691406,0,-0.030517578125,-3061.0084533691406,0,0.0067638841254603621,0.1,0.006,1,0,33
1365.125,0,3061.0122680664062,0,0.030517578125,-3061.0122680664062,0,0.0067634523841306332,0.1,0.0052,1,0,33
1365.25,0,3061.0160827636719,0,0.030517578125,-3061.0160827636719,0,0.00676302652984169,0.1,0.005,1,0,33
1365.375,0,3061.0084533691406,0,-0.06103515625,-3061.0084533691406,0,0.0067638981340784332,0.1,0.0066,1,0,33
1365.5,0,3061.0084533691406,0,0,-3061.0084533691406,0,0.0067638966918352333,0.1,0.0064,1,0,33
1365.625,0,3061.0160827636719,0,0.06103515625,-3061.0160827636719,0,0.0067630341556214751,0.1,0.0064,1,0,33
1365.75,0,3061.0084533691406,0,-0.06103515625,-3061.0084533691406,0,0.0067639056175875234,0.1,0.0066,1,0,33
1365.875,0,3061.0122680664062,0,0.030517578125,-3061.0122680664062,0,0.0067634734752889947,0.1,0.0054,1,0,33
1366,0,3061.0122680664062,0,0,-3061.0122680664062,0,0.0067634777879508612,0.1,0.005,1,0,33
1366.125,0,3061.0122680664062,0,0,-3061.0122680664062,0,0.0067634820201533524,0.1,0.006,1,0,33
1366.25,0,3061.0122680664062,0,0,-3061.0122680664062,0,0.0067634861733975871,0.1,0.0062,1,0,33
1366.375,0,3061.0084533691406,0,-0.030517578125,-3061.0084533691406,0,0.00676392080959555,0.1,0.006,1,0,33
1366.5,0,3061.0084533691406,0,0,-3061.0084533691406,0,0.0067639189443055858,0.1,0.0072,1,0,33
1366.625,0,3061.0122680664062,0,0.030517578125,-3061.0122680664062,0,0.0067634865533765659,0.1,0.007,1,0,33
1366.75,0,3061.0084533691406,0,-0.030517578125,-3061.0084533691406,0,0.0067639211824854356,0.1,0.007,1,0,33
1366.875,0,3061.0084533691406,0,0,-3061.0084533691406,0,0.0067639193102386336,0.1,0.0066,1,0,33
1367,0,3061.0084533691406,0,0,-3061.0084533691406,0,0.0067639174729214879,0.1,0.007,1,0,33
1367.125,0,3061.0122680664062,0,0.030517578125,-3061.0122680664062,0,0.0067634851094434123,0.1,0.0066,1,0,33
1367.25,0,3061.0122680664062,0,0,-3061.0122680664062,0,0.0067634892050521672,0.1,0.0064,1,0,33
1367.375,0,3061.0084533691406,0,-0.030517578125,-3061.0084533691406,0,0.0067639237846899292,0.1,0.007,1,0,33
1367.5,0,3061.0122680664062,0,0.030517578125,-3061.0122680664062,0,0.0067634913034560762,0.1,0.0068,1,0,33
1367.625,0,3061.0122680664062,0,0,-3061.0122680664062,0,0.0067634952835059631,0.1,0.0062,1,0,33
1367.75,0,3061.0122680664062,0,0,-3061.0122680664062,0,0.0067634991893018859,0.1,0.0058,1,0,33
1367.875,0,3061.0122680664062,0,0,-3061.0122680664062,0,0.0067635030222291531,0.1,0.0062,1,0,33
1368,0,3061.0084533691406,0,-0.030517578125,-3061.0084533691406,0,0.00676393734408616,0.1,0.0064,1,0,33
1368.125,0,3061.0122680664062,0,0.030517578125,-3061.0122680664062,0,0.0067635046098808438,0.1,0.0074,1,0,33
1368.25,0,3061.0122680664062,0,0,-3061.0122680664062,0,0.0067635083416788533,0.1,0.0062,1,0,33
1368.375,0,3061.0122680664062,0,0,-3061.0122680664062,0,0.0067635120038544022,0.1,0.0056,1,0,33
1368.5,0,3061.0084533691406,0,-0.030517578125,-3061.0084533691406,0,0.006763946158145337,0.1,0.0062,1,0,33
1368.625,0,3061.0160827636719,0,0.06103515625,-3061.0160827636719,0,0.0067630826990612292,0.1,0.0068,1,0,33
1368.75,0,3061.0160827636719,0,0,-3061.0160827636719,0,0.006763092134496676,0.1,0.0066,1,0,33
1368.875,0,3061.0084533691406,0,-0.06103515625,-3061.0084533691406,0,0.0067639625147773441,0.1,0.0058,1,0,33
1369,0,3061.0122680664062,0,0.030517578125,-3061.0122680664062,0,0.0067635293109739453,0.1,0.0064,1,0,33
1369.125,0,3061.0084533691406,0,-0.030517578125,-3061.0084533691406,0,0.0067639631423738467,0.1,0.0056,1,0,33
1369.25,0,3061.0084533691406,0,0,-3061.0084533691406,0,0.0067639604873005743,0.1,0.0058,1,0,33
1369.375,0,3061.0084533691406,0,0,-3061.0084533691406,0,0.00676395788176179,0.1,0.0064,1,0,33
1369.5,0,3061.0084533691406,0,0,-3061.0084533691406,0,0.0067639553248333567,0.1,0.0074,1,0,33
1369.625,0,3061.0122680664062,0,0.030517578125,-3061.0122680664062,0,0.0067635222551694629,0.1,0.0062,1,0,33
1369.75,0,3061.0084533691406,0,-0.030517578125,-3061.0084533691406,0,0.0067639562182062879,0.1,0.006,1,0,33
1369.875,0,3061.0084533691406,0,0,-3061.0084533691406,0,0.0067639536923140564,0.1,0.0066,1,0,33
1370,0,3061.0084533691406,0,0,-3061.0084533691406,0,0.00676395121354624,0.1,0.0058,1,0,33
1370.125,0,3061.0160827636719,0,0.06103515625,-3061.0160827636719,0,0.0067630876601458279,0.1,0.0062,1,0,33
1370.25,0,3061.0122680664062,0,-0.030517578125,-3061.0122680664062,0,0.0067635275634635034,0.1,0.0056,1,0,33
1370.375,0,3061.0122680664062,0,0,-3061.0122680664062,0,0.0067635308670269956,0.1,0.0066,1,0,33
1370.5,0,3061.0084533691406,0,-0.030517578125,-3061.0084533691406,0,0.0067639646693963273,0.1,0.0058,1,0,33
1370.625,0,3061.0084533691406,0,0,-3061.0084533691406,0,0.0067639619858340938,0.1,0.0064,1,0,33
1370.75,0,3061.0122680664062,0,0.030517578125,-3061.0122680664062,0,0.00676352879189894,0.1,0.0066,1,0,33
1370.875,0,3061.004638671875,0,-0.06103515625,-3061.004638671875,0,0.0067643931934219109,0.1,0.006,1,0,33
1371,0,3061.0122680664062,0,0.06103515625,-3061.0122680664062,0,0.006763523561964857,0.1,0.0054,1,0,33
1371.125,0,3061.0160827636719,0,0.030517578125,-3061.0160827636719,0,0.00676309637974358,0.1,0.0058,1,0,33
1371.25,0,3061.0160827636719,0,0,-3061.0160827636719,0,0.00676310555994479,0.1,0.0068,1,0,33
1371.375,0,3061.0122680664062,0,-0.030517578125,-3061.0122680664062,0,0.006763545129314083,0.1,0.0056,1,0,33
1371.5,0,3061.0084533691406,0,-0.030517578125,-3061.0084533691406,0,0.0067639786655984413,0.1,0.0054,1,0,33
1371.625,0,3061.0084533691406,0,0,-3061.0084533691406,0,0.0067639757209154577,0.1,0.007,1,0,33
1371.75,0,3061.0160827636719,0,0.06103515625,-3061.0160827636719,0,0.0067631117102922578,0.1,0.007,1,0,33
1371.875,0,3061.0084533691406,0,-0.06103515625,-3061.0084533691406,0,0.0067639817253562495,0.1,0.0068,1,0,33
1372,0,3061.004638671875,0,-0.030517578125,-3061.004638671875,0,0.0067644092840276754,0.1,0.0064,1,0,33
1372.125,0,3061.0084533691406,0,0.030517578125,-3061.0084533691406,0,0.0067639699128144437,0.1,0.0062,1,0,33
1372.25,0,3061.0084533691406,0,0,-3061.0084533691406,0,0.0067639671314281558,0.1,0.006,1,0,33
1372.375,0,3061.0122680664062,0,0.030517578125,-3061.0122680664062,0,0.0067635338414940155,0.1,0.0064,1,0,33
1372.5,0,3061.0160827636719,0,0.030517578125,-3061.0160827636719,0,0.0067631064674922581,0.1,0.0054,1,0,33
1372.625,0,3061.0122680664062,0,-0.030517578125,-3061.0122680664062,0,0.0067635460199298586,0.1,0.0066,1,0,33
1372.75,0,3061.0122680664062,0,0,-3061.0122680664062,0,0.0067635489791594977,0.1,0.0062,1,0,33
1372.875,0,3061.0084533691406,0,-0.030517578125,-3061.0084533691406,0,0.006763982443619046,0.1,0.0072,1,0,33
1373,0,3061.0122680664062,0,0.030517578125,-3061.0122680664062,0,0.0067635488680123507,0.1,0.0062,1,0,33
1373.125,0,3061.0084533691406,0,-0.030517578125,-3061.0084533691406,0,0.0067639823345455319,0.1,0.0052,1,0,33
1373.25,0,3061.0122680664062,0,0.030517578125,-3061.0122680664062,0,0.0067635487609737643,0.1,0.0054,1,0,33
1373.375,0,3061.0084533691406,0,-0.030517578125,-3061.0084533691406,0,0.0067639822295039037,0.1,0.0074,1,0,33
1373.5,0,3061.0084533691406,0,0,-3061.0084533691406,0,0.0067639792183307734,0.1,0.0056,1,0,33
1373.625,0,3061.0084533691406,0,0,-3061.0084533691406,0,0.0067639762633357192,0.1,0.0062,1,0,33
1373.75,0,3061.0084533691406,0,0,-3061.0084533691406,0,0.0067639733634706628,0.1,0.007,1,0,33
1373.875,0,3061.0122680664062,0,0.030517578125,-3061.0122680664062,0,0.0067635399572681526,0.1,0.007,1,0,33
1374,0,3061.0122680664062,0,0,-3061.0122680664062,0,0.0067635430296060922,0.1,0.0056,1,0,33
1374.125,0,3061.0122680664062,0,0,-3061.0122680664062,0,0.0067635460446248269,0.1,0.0058,1,0,33
1374.25,0,3061.0160827636719,0,0.030517578125,-3061.0160827636719,0,0.0067631184429548241,0.1,0.0064,1,0,33
1374.375,0,3061.0084533691406,0,-0.06103515625,-3061.0084533691406,0,0.0067639883324105976,0.1,0.0058,1,0,33
1374.5,0,3061.004638671875,0,-0.030517578125,-3061.004638671875,0,0.0067644157678172362,0.1,0.0072,1,0,33
1374.625,0,3061.0084533691406,0,0.030517578125,-3061.0084533691406,0,0.0067639762756389055,0.1,0.006,1,0,33
1374.75,0,3061.0160827636719,0,0.06103515625,-3061.0160827636719,0,0.006763112254666484,0.1,0.0062,1,0,33
1374.875,0,3061.0160827636719,0,0,-3061.0160827636719,0,0.0067631211386965095,0.1,0.0068,1,0,33
1375,0,3061.0084533691406,0,-0.06103515625,-3061.0084533691406,0,0.006763990977859069,0.1,0.0054,1,0,33
1375.125,0,3061.0122680664062,0,0.030517578125,-3061.0122680664062,0,0.0067635572430329582,0.1,0.0062,1,0,33
1375.25,0,3061.0122680664062,0,0,-3061.0122680664062,0,0.0067635599928782819,0.1,0.0054,1,0,33
1375.375,0,3061.0122680664062,0,0,-3061.0122680664062,0,0.0067635626914210045,0.1,0.007,1,0,33
1375.5,0,3061.0122680664062,0,0,-3061.0122680664062,0,0.0067635653396182494,0.1,0.0082,1,0,33
1375.625,0,3061.0122680664062,0,0,-3061.0122680664062,0,0.0067635679384092928,0.1,0.0066,1,0,33
1375.75,0,3061.0084533691406,0,-0.030517578125,-3061.0084533691406,0,0.0067640010491547831,0.1,0.0058,1,0,33
1375.875,0,3061.0122680664062,0,0.030517578125,-3061.0122680664062,0,0.0067635671264331121,0.1,0.0068,1,0,33
1376,0,3061.0084533691406,0,-0.030517578125,-3061.0084533691406,0,0.0067640002523272763,0.1,0.007,1,0,33
1376.125,0,3061.0122680664062,0,0.030517578125,-3061.0122680664062,0,0.0067635663444716443,0.1,0.0072,1,0,33
1376.25,0,3061.0084533691406,0,-0.030517578125,-3061.0084533691406,0,0.0067639994849545,0.1,0.0064,1,0,33
1376.375,0,3061.0122680664062,0,0.030517578125,-3061.0122680664062,0,0.006763565591415388,0.1,0.0062,1,0,33
1376.5,0,3061.0084533691406,0,-0.030517578125,-3061.0084533691406,0,0.0067639987459476719,0.1,0.006,1,0,33
1376.625,0,3061.0122680664062,0,0.030517578125,-3061.0122680664062,0,0.0067635648661958786,0.1,0.0076,1,0,33
1376.75,0,3061.0122680664062,0,0,-3061.0122680664062,0,0.006763567473819343,0.1,0.0064,1,0,33
1376.875,0,3061.0160827636719,0,0.030517578125,-3061.0160827636719,0,0.0067631394723546567,0.1,0.0054,1,0,33
1377,0,3061.0084533691406,0,-0.06103515625,-3061.0084533691406,0,0.00676400896947453,0.1,0.0076,1,0,33
1377.125,0,3061.0122680664062,0,0.030517578125,-3061.0122680664062,0,0.0067635748989870736,0.1,0.006,1,0,33
1377.25,0,3061.0084533691406,0,-0.030517578125,-3061.0084533691406,0,0.0067640078798722469,0.1,0.0072,1,0,33
1377.375,0,3061.0084533691406,0,0,-3061.0084533691406,0,0.0067640043901519148,0.1,0.0062,1,0,33
1377.5,0,3061.0084533691406,0,0,-3061.0084533691406,0,0.0067640009655376976,0.1,0.0052,1,0,33
1377.625,0,3061.0084533691406,0,0,-3061.0084533691406,0,0.0067639976048149419,0.1,0.006,1,0,33
1377.75,0,3061.0084533691406,0,0,-3061.0084533691406,0,0.0067639943067916569,0.1,0.0068,1,0,33
1377.875,0,3061.0084533691406,0,0,-3061.0084533691406,0,0.0067639910702980838,0.1,0.0062,1,0,33
1378,0,3061.004638671875,0,-0.030517578125,-3061.004638671875,0,0.0067644184546252067,0.1,0.0064,1,0,33
1378.125,0,3061.0160827636719,0,0.091552734375,-3061.0160827636719,0,0.0067631177914425078,0.1,0.0068,1,0,33
1378.25,0,3061.0084533691406,0,-0.06103515625,-3061.0084533691406,0,0.0067639876930532528,0.1,0.0058,1,0,33
1378.375,0,3061.0160827636719,0,0.06103515625,-3061.0160827636719,0,0.0067631234590713463,0.1,0.0064,1,0,33
1378.5,0,3061.0122680664062,0,-0.030517578125,-3061.0122680664062,0,0.0067635626945048155,0.1,0.0068,1,0,33
1378.625,0,3061.0160827636719,0,0.030517578125,-3061.0160827636719,0,0.00676313478220561,0.1,0.0068,1,0,33
1378.75,0,3061.0122680664062,0,-0.030517578125,-3061.0122680664062,0,0.0067635738063885342,0.1,0.006,1,0,33
1378.875,0,3061.0160827636719,0,0.030517578125,-3061.0160827636719,0,0.0067631456867799922,0.1,0.006,1,0,33
1379,0,3061.0084533691406,0,-0.06103515625,-3061.0084533691406,0,0.0067640150679601774,0.1,0.0062,1,0,33
1379.125,0,3061.0084533691406,0,0,-3061.0084533691406,0,0.0067640114441349652,0.1,0.0062,1,0,33
1379.25,0,3061.0084533691406,0,0,-3061.0084533691406,0,0.0067640078879178112,0.1,0.006,1,0,33
1379.375,0,3061.0122680664062,0,0.030517578125,-3061.0122680664062,0,0.0067635738376084636,0.1,0.005,1,0,33
1379.5,0,3061.0160827636719,0,0.030517578125,-3061.0160827636719,0,0.0067631457174174708,0.1,0.0076,1,0,33
1379.625,0,3061.0122680664062,0,-0.030517578125,-3061.0122680664062,0,0.0067635845375871445,0.1,0.0076,1,0,33
1379.75,0,3061.0122680664062,0,0,-3061.0122680664062,0,0.0067635867782104425,0.1,0.0064,1,0,33
1379.875,0,3061.0122680664062,0,0,-3061.0122680664062,0,0.0067635889770314567,0.1,0.0064,1,0,33
1380,0,3061.0160827636719,0,0.030517578125,-3061.0160827636719,0,0.0067631605743911638,0.1,0.0066,1,0,33
1380.125,0,3061.0122680664062,0,-0.030517578125,-3061.0122680664062,0,0.0067635991173810722,0.1,0.007,1,0,33
1380.25,0,3061.0122680664062,0,0,-3061.0122680664062,0,0.0067636010859958157,0.1,0.0058,1,0,33
1380.375,0,3061.0122680664062,0,0,-3061.0122680664062,0,0.0067636030178830214,0.1,0.0068,1,0,33
1380.5,0,3061.0160827636719,0,0.030517578125,-3061.0160827636719,0,0.0067631743532889782,0.1,0.0062,1,0,33
1380.625,0,3061.0160827636719,0,0,-3061.0160827636719,0,0.0067631820787733693,0.1,0.006,1,0,33
1380.75,0,3061.0084533691406,0,-0.06103515625,-3061.0084533691406,0,0.0067640507810047545,0.1,0.0062,1,0,33
1380.875,0,3061.0160827636719,0,0.06103515625,-3061.0160827636719,0,0.0067631853700197558,0.1,0.005,1,0,33
1381,0,3061.0122680664062,0,-0.030517578125,-3061.0122680664062,0,0.0067636234504089426,0.1,0.0068,1,0,33
1381.125,0,3061.0084533691406,0,-0.030517578125,-3061.0084533691406,0,0.0067640555254924184,0.1,0.0074,1,0,33
1381.25,0,3061.0084533691406,0,0,-3061.0084533691406,0,0.00676405114686951,0.1,0.0052,1,0,33
1381.375,0,3061.0084533691406,0,0,-3061.0084533691406,0,0.0067640468499365752,0.1,0.0062,1,0,33
1381.5,0,3061.0160827636719,0,0.06103515625,-3061.0160827636719,0,0.00676318151229173,0.1,0.0058,1,0,33
1381.625,0,3061.0084533691406,0,-0.06103515625,-3061.0084533691406,0,0.0067640502250917028,0.1,0.0066,1,0,33
1381.75,0,3061.004638671875,0,-0.030517578125,-3061.004638671875,0,0.00676447650579487,0.1,0.0054,1,0,33
1381.875,0,3061.004638671875,0,0,-3061.004638671875,0,0.006764466440894748,0.1,0.0068,1,0,33
1382,0,3061.0084533691406,0,0.030517578125,-3061.0084533691406,0,0.006764026003331966,0.1,0.006,1,0,33
1382.125,0,3061.0160827636719,0,0.06103515625,-3061.0160827636719,0,0.006763161054612693,0.1,0.0068,1,0,33
1382.25,0,3061.0122680664062,0,-0.030517578125,-3061.0122680664062,0,0.0067635995886433237,0.1,0.0064,1,0,33
1382.375,0,3061.0122680664062,0,0,-3061.0122680664062,0,0.0067636015484659473,0.1,0.0068,1,0,33
1382.5,0,3061.0122680664062,0,0,-3061.0122680664062,0,0.0067636034717250548,0.1,0.0068,1,0,33
1382.625,0,3061.0084533691406,0,-0.030517578125,-3061.0084533691406,0,0.0067640359195417082,0.1,0.006,1,0,33
1382.75,0,3061.004638671875,0,-0.030517578125,-3061.004638671875,0,0.0067644624671369807,0.1,0.0062,1,0,33
1382.875,0,3061.004638671875,0,0,-3061.004638671875,0,0.0067644526641496977,0.1,0.0062,1,0,33
1383,0,3061.0122680664062,0,0.06103515625,-3061.0122680664062,0,0.0067635819231744443,0.1,0.0066,1,0,33
1383.125,0,3061.004638671875,0,-0.06103515625,-3061.004638671875,0,0.0067644453334514687,0.1,0.0054,1,0,33
1383.25,0,3061.0122680664062,0,0.06103515625,-3061.0122680664062,0,0.0067635747292417031,0.1,0.0078,1,0,33
1383.375,0,3061.0122680664062,0,0,-3061.0122680664062,0,0.0067635771528548189,0.1,0.0064,1,0,33
1383.5,0,3061.004638671875,0,-0.06103515625,-3061.004638671875,0,0.0067644406521295275,0.1,0.0052,1,0,33
1383.625,0,3061.0160827636719,0,0.091552734375,-3061.0160827636719,0,0.006763139574818125,0.1,0.0062,1,0,33
1383.75,0,3061.0122680664062,0,-0.030517578125,-3061.0122680664062,0,0.0067635785095874756,0.1,0.006,1,0,33
1383.875,0,3061.0122680664062,0,0,-3061.0122680664062,0,0.0067635808626724109,0.1,0.0066,1,0,33
1384,0,3061.0084533691406,0,-0.030517578125,-3061.0084533691406,0,0.0067640137322958344,0.1,0.0058,1,0,33
1384.125,0,3061.0122680664062,0,0.030517578125,-3061.0122680664062,0,0.0067635795729505954,0.1,0.0064,1,0,33
1384.25,0,3061.0084533691406,0,-0.030517578125,-3061.0084533691406,0,0.0067640124666357715,0.1,0.0068,1,0,33
1384.375,0,3061.0084533691406,0,0,-3061.0084533691406,0,0.00676400889134228,0.1,0.0062,1,0,33
1384.5,0,3061.004638671875,0,-0.030517578125,-3061.004638671875,0,0.0067644359431903167,0.1,0.0068,1,0,33
1384.625,0,3061.0122680664062,0,0.06103515625,-3061.0122680664062,0,0.0067635655141703582,0.1,0.0062,1,0,33
1384.75,0,3061.0084533691406,0,-0.030517578125,-3061.0084533691406,0,0.0067639986701437671,0.1,0.0056,1,0,33
1384.875,0,3061.0084533691406,0,0,-3061.0084533691406,0,0.0067639953522451307,0.1,0.0062,1,0,33
1385,0,3061.0122680664062,0,0.030517578125,-3061.0122680664062,0,0.0067635615358080936,0.1,0.0064,1,0,33
1385.125,0,3061.0084533691406,0,-0.030517578125,-3061.0084533691406,0,0.0067639947660039917,0.1,0.0074,1,0,33
1385.25,0,3061.0122680664062,0,0.030517578125,-3061.0122680664062,0,0.0067635609605041919,0.1,0.0058,1,0,33
1385.375,0,3061.0122680664062,0,0,-3061.0122680664062,0,0.006763563640994355,0.1,0.0064,1,0,33
1385.5,0,3061.0122680664062,0,0,-3061.0122680664062,0,0.0067635662714758404,0.1,0.0076,1,0,33
1385.625,0,3061.0160827636719,0,0.030517578125,-3061.0160827636719,0,0.0067631382924427247,0.1,0.007,1,0,33
1385.75,0,3061.004638671875,0,-0.091552734375,-3061.004638671875,0,0.0067644383720145834,0.1,0.0062,1,0,33
1385.875,0,3061.0084533691406,0,0.030517578125,-3061.0084533691406,0,0.0067639984581200768,0.1,0.0058,1,0,33
1386,0,3061.0122680664062,0,0.030517578125,-3061.0122680664062,0,0.0067635645837381547,0.1,0.006,1,0,33
1386.125,0,3061.0198974609375,0,0.06103515625,-3061.0198974609375,0,0.0067627060757534246,0.1,0.0066,1,0,33
1386.25,0,3061.0122680664062,0,-0.06103515625,-3061.0122680664062,0,0.0067635814907957142,0.1,0.0064,1,0,33
1386.375,0,3061.0122680664062,0,0,-3061.0122680664062,0,0.0067635837882616123,0.1,0.006,1,0,33
1386.5,0,3061.0122680664062,0,0,-3061.0122680664062,0,0.0067635860428647415,0.1,0.0072,1,0,33
1386.625,0,3061.0122680664062,0,0,-3061.0122680664062,0,0.0067635882554047677,0.1,0.0068,1,0,33
1386.75,0,3061.0084533691406,0,-0.030517578125,-3061.0084533691406,0,0.0067640209871053514,0.1,0.0062,1,0,33
1386.875,0,3061.0122680664062,0,0.030517578125,-3061.0122680664062,0,0.0067635866924104365,0.1,0.0052,1,0,33
1387,0,3061.0160827636719,0,0.030517578125,-3061.0160827636719,0,0.0067631583323932709,0.1,0.0072,1,0,33
1387.125,0,3061.004638671875,0,-0.091552734375,-3061.004638671875,0,0.0067644580380889358,0.1,0.007,1,0,33
1387.25,0,3061.0084533691406,0,0.030517578125,-3061.0084533691406,0,0.0067640177572934612,0.1,0.0062,1,0,33
1387.375,0,3061.0122680664062,0,0.030517578125,-3061.0122680664062,0,0.006763583522855679,0.1,0.0056,1,0,33
1387.5,0,3061.0084533691406,0,-0.030517578125,-3061.0084533691406,0,0.0067640163428492744,0.1,0.007,1,0,33
1387.625,0,3061.0084533691406,0,0,-3061.0084533691406,0,0.0067640126952390467,0.1,0.007,1,0,33
1387.75,0,3061.0084533691406,0,0,-3061.0084533691406,0,0.0067640091156806054,0.1,0.006,1,0,33
1387.875,0,3061.004638671875,0,-0.030517578125,-3061.004638671875,0,0.0067644361633432681,0.1,0.0062,1,0,33
1388,0,3061.0122680664062,0,0.06103515625,-3061.0122680664062,0,0.0067635657302160118,0.1,0.006,1,0,33
1388.125,0,3061.0122680664062,0,0,-3061.0122680664062,0,0.0067635683217198428,0.1,0.0056,1,0,33
1388.25,0,3061.0122680664062,0,0,-3061.0122680664062,0,0.006763570864875168,0.1,0.0062,1,0,33
1388.375,0,3061.0084533691406,0,-0.030517578125,-3061.0084533691406,0,0.0067640039210229291,0.1,0.0058,1,0,33
1388.5,0,3061.0122680664062,0,0.030517578125,-3061.0122680664062,0,0.006763569944722117,0.1,0.0068,1,0,33
1388.625,0,3061.004638671875,0,-0.06103515625,-3061.004638671875,0,0.0067644335784756565,0.1,0.0064,1,0,33
1388.75,0,3061.004638671875,0,0,-3061.004638671875,0,0.0067644243144509286,0.1,0.005,1,0,33
1388.875,0,3061.0084533691406,0,0.030517578125,-3061.0084533691406,0,0.0067639846628219646,0.1,0.0058,1,0,33
1389,0,3061.0122680664062,0,0.030517578125,-3061.0122680664062,0,0.00676355104581261,0.1,0.0062,1,0,33
1389.125,0,3061.004638671875,0,-0.06103515625,-3061.004638671875,0,0.0067644150321544694,0.1,0.0058,1,0,33
1389.25,0,3061.0084533691406,0,0.030517578125,-3061.0084533691406,0,0.0067639755537010626,0.1,0.006,1,0,33
1389.375,0,3061.004638671875,0,-0.030517578125,-3061.004638671875,0,0.0067644032275142457,0.1,0.0072,1,0,33
1389.5,0,3061.0084533691406,0,0.030517578125,-3061.0084533691406,0,0.0067639639692946285,0.1,0.0064,1,0,33
1389.625,0,3061.0084533691406,0,0,-3061.0084533691406,0,0.0067639612987938774,0.1,0.0064,1,0,33
1389.75,0,3061.0122680664062,0,0.030517578125,-3061.0122680664062,0,0.0067635281176765261,0.1,0.006,1,0,33
1389.875,0,3061.0084533691406,0,-0.030517578125,-3061.0084533691406,0,0.006763961971339244,0.1,0.0048,1,0,33
1390,0,3061.0084533691406,0,0,-3061.0084533691406,0,0.0067639593381134261,0.1,0.006,1,0,33
1390.125,0,3061.0122680664062,0,0.030517578125,-3061.0122680664062,0,0.0067635261935755919,0.1,0.0064,1,0,33
1390.25,0,3061.0084533691406,0,-0.030517578125,-3061.0084533691406,0,0.006763960083135373,0.1,0.006,1,0,33
1390.375,0,3061.004638671875,0,-0.030517578125,-3061.004638671875,0,0.006764388045575831,0.1,0.0058,1,0,33
1390.5,0,3061.0084533691406,0,0.030517578125,-3061.0084533691406,0,0.0067639490705986988,0.1,0.0064,1,0,33
1390.625,0,3061.0084533691406,0,0,-3061.0084533691406,0,0.0067639466780561042,0.1,0.0062,1,0,33
1390.75,0,3061.0122680664062,0,0.030517578125,-3061.0122680664062,0,0.0067635137697111825,0.1,0.0056,1,0,33
1390.875,0,3061.0122680664062,0,0,-3061.0122680664062,0,0.0067635173306184182,0.1,0.005,1,0,33
1391,0,3061.0122680664062,0,0,-3061.0122680664062,0,0.0067635208250914347,0.1,0.0068,1,0,33
1391.125,0,3061.0122680664062,0,0,-3061.0122680664062,0,0.0067635242543696572,0.1,0.007,1,0,33
1391.25,0,3061.004638671875,0,-0.06103515625,-3061.004638671875,0,0.0067643887405472308,0.1,0.006,1,0,33
1391.375,0,3061.0084533691406,0,0.030517578125,-3061.0084533691406,0,0.0067639497526043313,0.1,0.0068,1,0,33
1391.5,0,3061.0122680664062,0,0.030517578125,-3061.0122680664062,0,0.00676351678689896,0.1,0.0062,1,0,33
1391.625,0,3061.0084533691406,0,-0.030517578125,-3061.0084533691406,0,0.0067639508519548169,0.1,0.0054,1,0,33
1391.75,0,3061.0084533691406,0,0,-3061.0084533691406,0,0.006763948426178279,0.1,0.0058,1,0,33
1391.875,0,3061.004638671875,0,-0.030517578125,-3061.004638671875,0,0.0067643766060972582,0.1,0.0066,1,0,33
1392,0,3061.0122680664062,0,0.06103515625,-3061.0122680664062,0,0.0067635072841023408,0.1,0.0058,1,0,33
1392.125,0,3061.004638671875,0,-0.06103515625,-3061.004638671875,0,0.0067643720868864471,0.1,0.0062,1,0,33
1392.25,0,3061.0008239746094,0,-0.030517578125,-3061.0008239746094,0,0.0067647945305211177,0.1,0.006,1,0,33
1392.375,0,3061.0084533691406,0,0.06103515625,-3061.0084533691406,0,0.0067639195792611739,0.1,0.0056,1,0,33
1392.5,0,3061.0084533691406,0,0,-3061.0084533691406,0,0.0067639177369250014,0.1,0.0064,1,0,33
1392.625,0,3061.004638671875,0,-0.030517578125,-3061.004638671875,0,0.0067643464893993588,0.1,0.0064,1,0,33
1392.75,0,3061.004638671875,0,0,-3061.004638671875,0,0.0067643388501557322,0.1,0.0062,1,0,33
1392.875,0,3061.0122680664062,0,0.06103515625,-3061.0122680664062,0,0.0067634702325561624,0.1,0.0064,1,0,33
1393,0,3061.0084533691406,0,-0.030517578125,-3061.0084533691406,0,0.0067639051661551181,0.1,0.0058,1,0,33
1393.125,0,3061.0122680664062,0,0.030517578125,-3061.0122680664062,0,0.0067634730322787689,0.1,0.0062,1,0,33
1393.25,0,3061.0084533691406,0,-0.030517578125,-3061.0084533691406,0,0.0067639079136445762,0.1,0.006,1,0,33
1393.375,0,3061.0122680664062,0,0.030517578125,-3061.0122680664062,0,0.0067634757285095631,0.1,0.0054,1,0,33
1393.5,0,3061.0122680664062,0,0,-3061.0122680664062,0,0.0067634799991341116,0.1,0.007,1,0,33
1393.625,0,3061.0122680664062,0,0,-3061.0122680664062,0,0.006763484190083574,0.1,0.0054,1,0,33
1393.75,0,3061.0084533691406,0,-0.030517578125,-3061.0084533691406,0,0.0067639188632833136,0.1,0.0072,1,0,33
1393.875,0,3061.0122680664062,0,0.030517578125,-3061.0122680664062,0,0.00676348647386589,0.1,0.0054,1,0,33
1394,0,3061.0008239746094,0,-0.091552734375,-3061.0008239746094,0,0.0067647822253359829,0.1,0.0068,1,0,33
1394.125,0,3061.0122680664062,0,0.091552734375,-3061.0122680664062,0,0.0067634769432093483,0.1,0.0058,1,0,33
1394.25,0,3061.0122680664062,0,0,-3061.0122680664062,0,0.0067634811911718024,0.1,0.0064,1,0,33
1394.375,0,3061.0122680664062,0,0,-3061.0122680664062,0,0.0067634853598819572,0.1,0.0054,1,0,33
1394.5,0,3061.004638671875,0,-0.06103515625,-3061.004638671875,0,0.0067643505716962204,0.1,0.0068,1,0,33
1394.625,0,3061.0160827636719,0,0.091552734375,-3061.0160827636719,0,0.006763051174974305,0.1,0.0068,1,0,33
1394.75,0,3061.0084533691406,0,-0.06103515625,-3061.0084533691406,0,0.006763922319418067,0.1,0.0062,1,0,33
1394.875,0,3061.0122680664062,0,0.030517578125,-3061.0122680664062,0,0.0067634898655211245,0.1,0.0054,1,0,33
1395,0,3061.0084533691406,0,-0.030517578125,-3061.0084533691406,0,0.0067639244328368264,0.1,0.0056,1,0,33
1395.125,0,3061.0122680664062,0,0.030517578125,-3061.0122680664062,0,0.006763491939510799,0.1,0.0058,1,0,33
1395.25,0,3061.004638671875,0,-0.06103515625,-3061.004638671875,0,0.0067643570285719351,0.1,0.0058,1,0,33
1395.375,0,3061.0084533691406,0,0.030517578125,-3061.0084533691406,0,0.0067639186322648731,0.1,0.0062,1,0,33
1395.5,0,3061.0084533691406,0,0,-3061.0084533691406,0,0.0067639168075963735,0.1,0.007,1,0,33
1395.625,0,3061.0122680664062,0,0.030517578125,-3061.0122680664062,0,0.006763484456530966,0.1,0.0064,1,0,33
1395.75,0,3061.0160827636719,0,0.030517578125,-3061.0160827636719,0,0.0067630580038818972,0.1,0.0058,1,0,33
1395.875,0,3061.0122680664062,0,-0.030517578125,-3061.0122680664062,0,0.0067634984604829362,0.1,0.007,1,0,33
1396,0,3061.0122680664062,0,0,-3061.0122680664062,0,0.0067635023070074518,0.1,0.0062,1,0,33
1396.125,0,3061.0122680664062,0,0,-3061.0122680664062,0,0.0067635060817691078,0.1,0.0054,1,0,33
1396.25,0,3061.0084533691406,0,-0.030517578125,-3061.0084533691406,0,0.0067639403465456771,0.1,0.0064,1,0,33
1396.375,0,3061.0122680664062,0,0.030517578125,-3061.0122680664062,0,0.0067635075563248492,0.1,0.007,1,0,33
1396.5,0,3061.0160827636719,0,0.030517578125,-3061.0160827636719,0,0.0067630806727134729,0.1,0.0064,1,0,33
1396.625,0,3061.0084533691406,0,-0.06103515625,-3061.0084533691406,0,0.0067639512668313945,0.1,0.0058,1,0,33
1396.75,0,3061.0084533691406,0,0,-3061.0084533691406,0,0.0067639488333147008,0.1,0.007,1,0,33
1396.875,0,3061.0122680664062,0,0.030517578125,-3061.0122680664062,0,0.0067635158847600962,0.1,0.0058,1,0,33
1397,0,3061.0122680664062,0,0,-3061.0122680664062,0,0.0067635194062078269,0.1,0.0054,1,0,33
1397.125,0,3061.0122680664062,0,0,-3061.0122680664062,0,0.0067635228619575133,0.1,0.0068,1,0,33
1397.25,0,3061.0122680664062,0,0,-3061.0122680664062,0,0.0067635262532348556,0.1,0.006,1,0,33
1397.375,0,3061.0122680664062,0,0,-3061.0122680664062,0,0.0067635295812426971,0.1,0.005,1,0,33
1397.5,0,3061.0122680664062,0,0,-3061.0122680664062,0,0.0067635328471614131,0.1,0.0062,1,0,33
1397.625,0,3061.004638671875,0,-0.06103515625,-3061.004638671875,0,0.0067643971730271951,0.1,0.0058,1,0,33
1397.75,0,3061.0122680664062,0,0.06103515625,-3061.0122680664062,0,0.0067635274673244622,0.1,0.0066,1,0,33
1397.875,0,3061.0084533691406,0,-0.030517578125,-3061.0084533691406,0,0.0067639613331205023,0.1,0.0068,1,0,33
1398,0,3061.0160827636719,0,0.06103515625,-3061.0160827636719,0,0.0067630975909238195,0.1,0.006,1,0,33
1398.125,0,3061.0084533691406,0,-0.06103515625,-3061.0084533691406,0,0.0067639678694064176,0.1,0.0068,1,0,33
1398.25,0,3061.0084533691406,0,0,-3061.0084533691406,0,0.006763965126143065,0.1,0.0068,1,0,33
1398.375,0,3061.0122680664062,0,0.030517578125,-3061.0122680664062,0,0.00676353187362061,0.1,0.0068,1,0,33
1398.5,0,3061.004638671875,0,-0.06103515625,-3061.004638671875,0,0.0067643962176493072,0.1,0.006,1,0,33
1398.625,0,3061.0084533691406,0,0.030517578125,-3061.0084533691406,0,0.0067639570902095353,0.1,0.0052,1,0,33
1398.75,0,3061.0084533691406,0,0,-3061.0084533691406,0,0.006763954548048734,0.1,0.007,1,0,33
1398.875,0,3061.004638671875,0,-0.030517578125,-3061.004638671875,0,0.0067643826137547824,0.1,0.0068,1,0,33
1399,0,3061.0084533691406,0,0.030517578125,-3061.0084533691406,0,0.0067639437401166569,0.1,0.0064,1,0,33
1399.125,0,3061.004638671875,0,-0.030517578125,-3061.004638671875,0,0.0067643720074613556,0.1,0.0066,1,0,33
1399.25,0,3061.0122680664062,0,0.06103515625,-3061.0122680664062,0,0.0067635027712610873,0.1,0.0074,1,0,33
1399.375,0,3061.0122680664062,0,0,-3061.0122680664062,0,0.00676350653736138,0.1,0.006,1,0,33
1399.5,0,3061.0008239746094,0,-0.091552734375,-3061.0008239746094,0,0.0067648019145160054,0.1,0.006,1,0,33
1399.625,0,3061.0084533691406,0,0.06103515625,-3061.0084533691406,0,0.0067639268254962442,0.1,0.0058,1,0,33
1399.75,0,3061.0160827636719,0,0.06103515625,-3061.0160827636719,0,0.0067630637270925387,0.1,0.0062,1,0,33
1399.875,0,3061.0084533691406,0,-0.06103515625,-3061.0084533691406,0,0.0067639346373571663,0.1,0.0066,1,0,33
1400,0,3061.0084533691406,0,0,-3061.0084533691406,0,0.0067639325140889661,0.1,0.007,1,0,33
1400.125,0,3061.0122680664062,0,0.030517578125,-3061.0122680664062,0,0.0067634998699947074,0.1,0.007,1,0,33
1400.25,0,3061.0198974609375,0,0.06103515625,-3061.0198974609375,0,0.0067626425693447234,0.1,0.0064,1,0,33
1400.375,0,3061.0160827636719,0,-0.030517578125,-3061.0160827636719,0,0.0067630886087581554,0.1,0.0064,1,0,33
1400.5,0,3061.0122680664062,0,-0.030517578125,-3061.0122680664062,0,0.0067635284943780016,0.1,0.0066,1,0,33
1400.625,0,3061.004638671875,0,-0.06103515625,-3061.004638671875,0,0.0067643929014516851,0.1,0.0062,1,0,33
1400.75,0,3061.0084533691406,0,0.030517578125,-3061.0084533691406,0,0.0067639538358806872,0.1,0.006,1,0,33
1400.875,0,3061.0122680664062,0,0.030517578125,-3061.0122680664062,0,0.0067635207939955033,0.1,0.007,1,0,33
1401,0,3061.0160827636719,0,0.030517578125,-3061.0160827636719,0,0.00676309366341496,0.1,0.007,1,0,33
1401.125,0,3061.0084533691406,0,-0.06103515625,-3061.0084533691406,0,0.0067639640151712921,0.1,0.006,1,0,33
1401.25,0,3061.0122680664062,0,0.030517578125,-3061.0122680664062,0,0.0067635307833757291,0.1,0.0064,1,0,33
1401.375,0,3061.0122680664062,0,0,-3061.0122680664062,0,0.0067635340268668021,0.1,0.006,1,0,33
1401.5,0,3061.0160827636719,0,0.030517578125,-3061.0160827636719,0,0.0067631066494066305,0.1,0.0066,1,0,33
1401.625,0,3061.0084533691406,0,-0.06103515625,-3061.0084533691406,0,0.006763976758889248,0.1,0.0064,1,0,33
1401.75,0,3061.0084533691406,0,0,-3061.0084533691406,0,0.0067639738497788787,0.1,0.0062,1,0,33
1401.875,0,3061.0122680664062,0,0.030517578125,-3061.0122680664062,0,0.0067635404345035288,0.1,0.006,1,0,33
1402,0,3061.0160827636719,0,0.030517578125,-3061.0160827636719,0,0.0067631129374989968,0.1,0.0066,1,0,33
1402.125,0,3061.0084533691406,0,-0.06103515625,-3061.0084533691406,0,0.006763982929667553,0.1,0.0052,1,0,33
1402.25,0,3061.004638671875,0,-0.030517578125,-3061.004638671875,0,0.0067644104658707016,0.1,0.0064,1,0,33
1402.375,0,3061.0122680664062,0,0.06103515625,-3061.0122680664062,0,0.0067635405121694581,0.1,0.0066,1,0,33
1402.5,0,3061.0122680664062,0,0,-3061.0122680664062,0,0.0067635435741548594,0.1,0.0058,1,0,33
1402.625,0,3061.0084533691406,0,-0.030517578125,-3061.0084533691406,0,0.00676397713945312,0.1,0.0078,1,0,33
1402.75,0,3061.0122680664062,0,0.030517578125,-3061.0122680664062,0,0.0067635436628038226,0.1,0.0058,1,0,33
1402.875,0,3061.0122680664062,0,0,-3061.0122680664062,0,0.0067635466660092847,0.1,0.007,1,0,33
1403,0,3061.0084533691406,0,-0.030517578125,-3061.0084533691406,0,0.0067639801736242289,0.1,0.0064,1,0,33
1403.125,0,3061.0084533691406,0,0,-3061.0084533691406,0,0.0067639772008067089,0.1,0.006,1,0,33
1403.25,0,3061.0084533691406,0,0,-3061.0084533691406,0,0.0067639742834516847,0.1,0.0062,1,0,33
1403.375,0,3061.0084533691406,0,0,-3061.0084533691406,0,0.0067639714205244145,0.1,0.007,1,0,33
1403.5,0,3061.0084533691406,0,0,-3061.0084533691406,0,0.0067639686110094743,0.1,0.0058,1,0,33
1403.625,0,3061.004638671875,0,-0.030517578125,-3061.004638671875,0,0.006764396414349283,0.1,0.0056,1,0,33
1403.75,0,3061.004638671875,0,0,-3061.004638671875,0,0.0067643878436786792,0.1,0.0068,1,0,33
1403.875,0,3061.0084533691406,0,0.030517578125,-3061.0084533691406,0,0.0067639488724682423,0.1,0.0062,1,0,33
1404,0,3061.004638671875,0,-0.030517578125,-3061.004638671875,0,0.0067643770440609929,0.1,0.006,1,0,33
1404.125,0,3061.0084533691406,0,0.030517578125,-3061.0084533691406,0,0.0067639382743340942,0.1,0.0072,1,0,33
1404.25,0,3061.0084533691406,0,0,-3061.0084533691406,0,0.0067639360832124767,0.1,0.0062,1,0,33
1404.375,0,3061.0084533691406,0,0,-3061.0084533691406,0,0.006763933932969618,0.1,0.0066,1,0,33
1404.5,0,3061.0084533691406,0,0,-3061.0084533691406,0,0.0067639318228428641,0.1,0.0056,1,0,33
1404.625,0,3061.0084533691406,0,0,-3061.0084533691406,0,0.0067639297520837721,0.1,0.006,1,0,33
1404.75,0,3061.004638671875,0,-0.030517578125,-3061.004638671875,0,0.0067643582803968011,0.1,0.0062,1,0,33
1404.875,0,3061.0122680664062,0,0.06103515625,-3061.0122680664062,0,0.006763489300296105,0.1,0.0062,1,0,33
1405,0,3061.0122680664062,0,0,-3061.0122680664062,0,0.0067634933177180417,0.1,0.0062,1,0,33
1405.125,0,3061.0122680664062,0,0,-3061.0122680664062,0,0.0067634972601887666,0.1,0.0076,1,0,33
1405.25,0,3061.0084533691406,0,-0.030517578125,-3061.0084533691406,0,0.0067639316895455326,0.1,0.0066,1,0,33
1405.375,0,3061.0122680664062,0,0.030517578125,-3061.0122680664062,0,0.0067634990608343992,0.1,0.0076,1,0,33
1405.5,0,3061.0160827636719,0,0.030517578125,-3061.0160827636719,0,0.0067630723357195166,0.1,0.0066,1,0,33
1405.625,0,3061.004638671875,0,-0.091552734375,-3061.004638671875,0,0.0067643736458158354,0.1,0.007,1,0,33
1405.75,0,3061.0122680664062,0,0.06103515625,-3061.0122680664062,0,0.0067635043790495314,0.1,0.0068,1,0,33
1405.875,0,3061.0160827636719,0,0.030517578125,-3061.0160827636719,0,0.0067630775547151412,0.1,0.0072,1,0,33
1406,0,3061.0160827636719,0,0,-3061.0160827636719,0,0.0067630870861263015,0.1,0.0064,1,0,33
1406.125,0,3061.0122680664062,0,-0.030517578125,-3061.0122680664062,0,0.0067635270001531883,0.1,0.0062,1,0,33
1406.25,0,3061.0084533691406,0,-0.030517578125,-3061.0084533691406,0,0.00676396087466502,0.1,0.0072,1,0,33
1406.375,0,3061.0084533691406,0,0,-3061.0084533691406,0,0.0067639582618993638,0.1,0.006,1,0,33
1406.5,0,3061.0084533691406,0,0,-3061.0084533691406,0,0.0067639556978788817,0.1,0.006,1,0,33
1406.625,0,3061.0160827636719,0,0.06103515625,-3061.0160827636719,0,0.0067630920608163225,0.1,0.007,1,0,33
1406.75,0,3061.0122680664062,0,-0.030517578125,-3061.0122680664062,0,0.0067635318820326862,0.1,0.0064,1,0,33
1406.875,0,3061.0084533691406,0,-0.030517578125,-3061.0084533691406,0,0.0067639656654655267,0.1,0.006,1,0,33
1407,0,3061.0122680664062,0,0.030517578125,-3061.0122680664062,0,0.0067635324028811755,0.1,0.0062,1,0,33
1407.125,0,3061.004638671875,0,-0.06103515625,-3061.004638671875,0,0.0067643967370356883,0.1,0.007,1,0,33
1407.25,0,3061.0122680664062,0,0.06103515625,-3061.0122680664062,0,0.006763527039467046,0.1,0.0064,1,0,33
1407.375,0,3061.0122680664062,0,0,-3061.0122680664062,0,0.00676353035280651,0.1,0.0054,1,0,33
1407.5,0,3061.0122680664062,0,0,-3061.0122680664062,0,0.0067635336043305044,0.1,0.0058,1,0,33
1407.625,0,3061.004638671875,0,-0.06103515625,-3061.004638671875,0,0.0067643979160701279,0.1,0.0068,1,0,33
1407.75,0,3061.004638671875,0,0,-3061.004638671875,0,0.006764389317382602,0.1,0.0064,1,0,33
1407.875,0,3061.0122680664062,0,0.06103515625,-3061.0122680664062,0,0.0067635197582390366,0.1,0.0066,1,0,33
1408,0,3061.004638671875,0,-0.06103515625,-3061.004638671875,0,0.0067643843282988725,0.1,0.007,1,0,33
1408.125,0,3061.0122680664062,0,0.06103515625,-3061.0122680664062,0,0.0067635148622343655,0.1,0.0064,1,0,33
1408.25,0,3061.0084533691406,0,-0.030517578125,-3061.0084533691406,0,0.006763948963197805,0.1,0.0056,1,0,33
1408.375,0,3061.0122680664062,0,0.030517578125,-3061.0122680664062,0,0.0067635160122200277,0.1,0.006,1,0,33
1408.5,0,3061.0122680664062,0,0,-3061.0122680664062,0,0.0067635195312897994,0.1,0.0062,1,0,33
1408.625,0,3061.0198974609375,0,0.06103515625,-3061.0198974609375,0,0.0067626618638280123,0.1,0.0068,1,0,33
1408.75,0,3061.0122680664062,0,-0.06103515625,-3061.0122680664062,0,0.0067635381037119968,0.1,0.0058,1,0,33
1408.875,0,3061.0160827636719,0,0.030517578125,-3061.0160827636719,0,0.0067631106501919863,0.1,0.0062,1,0,33
1409,0,3061.0122680664062,0,-0.030517578125,-3061.0122680664062,0,0.0067635501245948693,0.1,0.006,1,0,33
1409.125,0,3061.0122680664062,0,0,-3061.0122680664062,0,0.00676355300724564,0.1,0.0066,1,0,33
1409.25,0,3061.0122680664062,0,0,-3061.0122680664062,0,0.0067635558361161252,0.1,0.0054,1,0,33
1409.375,0,3061.0122680664062,0,0,-3061.0122680664062,0,0.0067635586122096608,0.1,0.0066,1,0,33
1409.5,0,3061.0122680664062,0,0,-3061.0122680664062,0,0.00676356133651089,0.1,0.0066,1,0,33
1409.625,0,3061.0084533691406,0,-0.030517578125,-3061.0084533691406,0,0.00676399457042498,0.1,0.0054,1,0,33
1409.75,0,3061.0122680664062,0,0.030517578125,-3061.0122680664062,0,0.0067635607685740118,0.1,0.0054,1,0,33
1409.875,0,3061.0122680664062,0,0,-3061.0122680664062,0,0.0067635634526449356,0.1,0.0062,1,0,33
1410,0,3061.0122680664062,0,0,-3061.0122680664062,0,0.0067635660866403741,0.1,0.0062,1,0,33
1410.125,0,3061.0122680664062,0,0,-3061.0122680664062,0,0.0067635686714945659,0.1,0.0068,1,0,33
1410.25,0,3061.0084533691406,0,-0.030517578125,-3061.0084533691406,0,0.0067640017685632187,0.1,0.0066,1,0,33
1410.375,0,3061.004638671875,0,-0.030517578125,-3061.004638671875,0,0.0067644289532976937,0.1,0.0066,1,0,33
1410.5,0,3061.0122680664062,0,0.06103515625,-3061.0122680664062,0,0.0067635586546849619,0.1,0.0062,1,0,33
1410.625,0,3061.0122680664062,0,0,-3061.0122680664062,0,0.0067635613781937415,0.1,0.0064,1,0,33
1410.75,0,3061.0084533691406,0,-0.030517578125,-3061.0084533691406,0,0.0067639946113301763,0.1,0.0068,1,0,33
1410.875,0,3061.0122680664062,0,0.030517578125,-3061.0122680664062,0,0.0067635608087160543,0.1,0.0064,1,0,33
1411,0,3061.0122680664062,0,0,-3061.0122680664062,0,0.0067635634920380633,0.1,0.0074,1,0,33
1411.125,0,3061.0122680664062,0,0,-3061.0122680664062,0,0.0067635661252985618,0.1,0.0064,1,0,33
1411.25,0,3061.0122680664062,0,0,-3061.0122680664062,0,0.006763568709431525,0.1,0.006,1,0,33
1411.375,0,3061.004638671875,0,-0.06103515625,-3061.004638671875,0,0.0067644323662313238,0.1,0.006,1,0,33
1411.5,0,3061.0084533691406,0,0.030517578125,-3061.0084533691406,0,0.0067639925643839666,0.1,0.0074,1,0,33
1411.625,0,3061.0084533691406,0,0,-3061.0084533691406,0,0.0067639893603976958,0.1,0.006,1,0,33
1411.75,0,3061.0122680664062,0,0.030517578125,-3061.0122680664062,0,0.0067635556557478216,0.1,0.0058,1,0,33
1411.875,0,3061.0084533691406,0,-0.030517578125,-3061.0084533691406,0,0.0067639889956453148,0.1,0.0066,1,0,33
1412,0,3061.0122680664062,0,0.030517578125,-3061.0122680664062,0,0.0067635552978004554,0.1,0.0062,1,0,33
1412.125,0,3061.0084533691406,0,-0.030517578125,-3061.0084533691406,0,0.0067639886443760094,0.1,0.0068,1,0,33
1412.25,0,3061.0084533691406,0,0,-3061.0084533691406,0,0.0067639855135235433,0.1,0.0062,1,0,33
1412.375,0,3061.0122680664062,0,0.030517578125,-3061.0122680664062,0,0.0067635518806430373,0.1,0.0058,1,0,33
1412.5,0,3061.0122680664062,0,0,-3061.0122680664062,0,0.0067635547305320287,0.1,0.0066,1,0,33
1412.625,0,3061.0122680664062,0,0,-3061.0122680664062,0,0.00676355752725194,0.1,0.0064,1,0,33
1412.75,0,3061.004638671875,0,-0.06103515625,-3061.004638671875,0,0.0067644213926725538,0.1,0.006,1,0,33
1412.875,0,3061.004638671875,0,0,-3061.004638671875,0,0.0067644123559927882,0.1,0.005,1,0,33
1413,0,3061.0008239746094,0,-0.030517578125,-3061.0008239746094,0,0.0067648340483451308,0.1,0.0052,1,0,33
1413.125,0,3061.0122680664062,0,0.091552734375,-3061.0122680664062,0,0.0067635277993802895,0.1,0.0074,1,0,33
1413.25,0,3061.0122680664062,0,0,-3061.0122680664062,0,0.0067635310985424,0.1,0.0068,1,0,33
1413.375,0,3061.0160827636719,0,0.030517578125,-3061.0160827636719,0,0.0067631037757146378,0.1,0.0066,1,0,33
1413.5,0,3061.0122680664062,0,-0.030517578125,-3061.0122680664062,0,0.0067635433783714977,0.1,0.007,1,0,33
1413.625,0,3061.0084533691406,0,-0.030517578125,-3061.0084533691406,0,0.0067639769473223921,0.1,0.0062,1,0,33
1413.75,0,3061.0160827636719,0,0.06103515625,-3061.0160827636719,0,0.0067631129138186752,0.1,0.0066,1,0,33
1413.875,0,3061.0198974609375,0,0.030517578125,-3061.0198974609375,0,0.0067626912251122218,0.1,0.0056,1,0,33
1414,0,3061.0122680664062,0,-0.06103515625,-3061.0122680664062,0,0.0067635669172161489,0.1,0.0072,1,0,33
1414.125,0,3061.0160827636719,0,0.030517578125,-3061.0160827636719,0,0.0067631389261357533,0.1,0.0068,1,0,33
1414.25,0,3061.0122680664062,0,-0.030517578125,-3061.0122680664062,0,0.00676357787300727,0.1,0.0064,1,0,33
1414.375,0,3061.0198974609375,0,0.06103515625,-3061.0198974609375,0,0.0067627191170907125,0.1,0.006,1,0,33
1414.5,0,3061.0122680664062,0,-0.06103515625,-3061.0122680664062,0,0.0067635942888267381,0.1,0.0066,1,0,33
1414.625,0,3061.0122680664062,0,0,-3061.0122680664062,0,0.0067635963475256161,0.1,0.0064,1,0,33
1414.75,0,3061.0084533691406,0,-0.030517578125,-3061.0084533691406,0,0.0067640289282552,0.1,0.0054,1,0,33
1414.875,0,3061.0160827636719,0,0.06103515625,-3061.0160827636719,0,0.0067631639249669667,0.1,0.0068,1,0,33
1415,0,3061.0122680664062,0,-0.030517578125,-3061.0122680664062,0,0.0067636024054467114,0.1,0.0064,1,0,33
1415.125,0,3061.0122680664062,0,0,-3061.0122680664062,0,0.0067636043127175249,0.1,0.0072,1,0,33
1415.25,0,3061.0122680664062,0,0,-3061.0122680664062,0,0.0067636061844052464,0.1,0.0068,1,0,33
1415.375,0,3061.0122680664062,0,0,-3061.0122680664062,0,0.0067636080211737476,0.1,0.0064,1,0,33
1415.5,0,3061.0122680664062,0,0,-3061.0122680664062,0,0.0067636098236745074,0.1,0.0072,1,0,33
1415.625,0,3061.0122680664062,0,0,-3061.0122680664062,0,0.0067636115925468338,0.1,0.0082,1,0,33
1415.75,0,3061.0122680664062,0,0,-3061.0122680664062,0,0.0067636133284181138,0.1,0.0058,1,0,33
1415.875,0,3061.0160827636719,0,0.030517578125,-3061.0160827636719,0,0.0067631844714651224,0.1,0.0064,1,0,33
1416,0,3061.0160827636719,0,0,-3061.0160827636719,0,0.0067631920081793195,0.1,0.0062,1,0,33
1416.125,0,3061.0122680664062,0,-0.030517578125,-3061.0122680664062,0,0.0067636299647234055,0.1,0.0066,1,0,33
1416.25,0,3061.0084533691406,0,-0.030517578125,-3061.0084533691406,0,0.0067640619182722933,0.1,0.0062,1,0,33
1416.375,0,3061.0122680664062,0,0.030517578125,-3061.0122680664062,0,0.0067636268599433058,0.1,0.006,1,0,33
1416.5,0,3061.0084533691406,0,-0.030517578125,-3061.0084533691406,0,0.0067640588714166505,0.1,0.0066,1,0,33
1416.625,0,3061.0084533691406,0,0,-3061.0084533691406,0,0.00676405443037037,0.1,0.007,1,0,33
1416.75,0,3061.0122680664062,0,0.030517578125,-3061.0122680664062,0,0.0067636195117397463,0.1,0.0066,1,0,33
1416.875,0,3061.0084533691406,0,-0.030517578125,-3061.0084533691406,0,0.0067640516603051787,0.1,0.0054,1,0,33
1417,0,3061.0084533691406,0,0,-3061.0084533691406,0,0.0067640473537933093,0.1,0.006,1,0,33
1417.125,0,3061.004638671875,0,-0.030517578125,-3061.004638671875,0,0.0067644736880649731,0.1,0.0066,1,0,33
1417.25,0,3061.004638671875,0,0,-3061.004638671875,0,0.0067644636757339532,0.1,0.007,1,0,33
1417.375,0,3061.0122680664062,0,0.06103515625,-3061.0122680664062,0,0.0067635927293206027,0.1,0.0066,1,0,33
1417.5,0,3061.0122680664062,0,0,-3061.0122680664062,0,0.0067635948171144711,0.1,0.0068,1,0,33
1417.625,0,3061.0084533691406,0,-0.030517578125,-3061.0084533691406,0,0.0067640274263962435,0.1,0.0064,1,0,33
1417.75,0,3061.0084533691406,0,0,-3061.0084533691406,0,0.00676402357200534,0.1,0.0072,1,0,33
1417.875,0,3061.0084533691406,0,0,-3061.0084533691406,0,0.0067640197895240395,0.1,0.0066,1,0,33
1418,0,3061.0122680664062,0,0.030517578125,-3061.0122680664062,0,0.0067635855171718495,0.1,0.0064,1,0,33
1418.125,0,3061.0084533691406,0,-0.030517578125,-3061.0084533691406,0,0.006764018299958402,0.1,0.006,1,0,33
1418.25,0,3061.0084533691406,0,0,-3061.0084533691406,0,0.00676401461583527,0.1,0.0066,1,0,33
1418.375,0,3061.0084533691406,0,0,-3061.0084533691406,0,0.0067640110004451443,0.1,0.0062,1,0,33
1418.5,0,3061.0122680664062,0,0.030517578125,-3061.0122680664062,0,0.0067635768920667888,0.1,0.0072,1,0,33
1418.625,0,3061.0160827636719,0,0.030517578125,-3061.0160827636719,0,0.0067631487148901576,0.1,0.007,1,0,33
1418.75,0,3061.0084533691406,0,-0.06103515625,-3061.0084533691406,0,0.0067640180395762695,0.1,0.0066,1,0,33
1418.875,0,3061.0122680664062,0,0.030517578125,-3061.0122680664062,0,0.006763583799872061,0.1,0.0056,1,0,33
1419,0,3061.0084533691406,0,-0.030517578125,-3061.0084533691406,0,0.0067640166146974851,0.1,0.007,1,0,33
1419.125,0,3061.0084533691406,0,0,-3061.0084533691406,0,0.0067640129620155087,0.1,0.0066,1,0,33
1419.25,0,3061.004638671875,0,-0.030517578125,-3061.004638671875,0,0.0067644399379188647,0.1,0.0046,1,0,33
1419.375,0,3061.0122680664062,0,0.06103515625,-3061.0122680664062,0,0.0067635694343710778,0.1,0.0072,1,0,33
1419.5,0,3061.0084533691406,0,-0.030517578125,-3061.0084533691406,0,0.0067640025172071017,0.1,0.0062,1,0,33
1419.625,0,3061.0084533691406,0,0,-3061.0084533691406,0,0.0067639991275355582,0.1,0.0052,1,0,33
1419.75,0,3061.0084533691406,0,0,-3061.0084533691406,0,0.0067639958011035672,0.1,0.0058,1,0,33
1419.875,0,3061.0122680664062,0,0.030517578125,-3061.0122680664062,0,0.0067635619762923815,0.1,0.0058,1,0,33
1420,0,3061.0084533691406,0,-0.030517578125,-3061.0084533691406,0,0.0067639951982703672,0.1,0.0068,1,0,33
1420.125,0,3061.0084533691406,0,0,-3061.0084533691406,0,0.006763991945144876,0.1,0.0058,1,0,33
1420.25,0,3061.004638671875,0,-0.030517578125,-3061.004638671875,0,0.0067644193131503744,0.1,0.0058,1,0,33
1420.375,0,3061.0084533691406,0,0.030517578125,-3061.0084533691406,0,0.0067639797548283837,0.1,0.0062,1,0,33
1420.5,0,3061.0122680664062,0,0.030517578125,-3061.0122680664062,0,0.0067635462293852283,0.1,0.0066,1,0,33
1420.625,0,3061.0160827636719,0,0.030517578125,-3061.0160827636719,0,0.0067631186242682328,0.1,0.007,1,0,33
1420.75,0,3061.0084533691406,0,-0.06103515625,-3061.0084533691406,0,0.0067639885103413233,0.1,0.0066,1,0,33
1420.875,0,3061.0160827636719,0,0.06103515625,-3061.0160827636719,0,0.0067631242611116416,0.1,0.0062,1,0,33
1421,0,3061.0160827636719,0,0,-3061.0160827636719,0,0.0067631329211429031,0.1,0.0062,1,0,33
1421.125,0,3061.0122680664062,0,-0.030517578125,-3061.0122680664062,0,0.0067635719800468314,0.1,0.0064,1,0,33
1421.25,0,3061.0084533691406,0,-0.030517578125,-3061.0084533691406,0,0.0067640050153893322,0.1,0.0066,1,0,33
1421.375,0,3061.0122680664062,0,0.030517578125,-3061.0122680664062,0,0.0067635710186714354,0.1,0.0062,1,0,33
1421.5,0,3061.0084533691406,0,-0.030517578125,-3061.0084533691406,0,0.0067640040719498806,0.1,0.006,1,0,33
1421.625,0,3061.0122680664062,0,0.030517578125,-3061.0122680664062,0,0.0067635700928332931,0.1,0.0066,1,0,33
1421.75,0,3061.0160827636719,0,0.030517578125,-3061.0160827636719,0,0.0067631420425068589,0.1,0.0068,1,0,33
1421.875,0,3061.0122680664062,0,-0.030517578125,-3061.0122680664062,0,0.0067635809312376616,0.1,0.0066,1,0,33
1422,0,3061.0122680664062,0,0,-3061.0122680664062,0,0.0067635832391429729,0.1,0.0066,1,0,33
1422.125,0,3061.0122680664062,0,0,-3061.0122680664062,0,0.0067635855039907544,0.1,0.0078,1,0,33
1422.25,0,3061.0122680664062,0,0,-3061.0122680664062,0,0.0067635877265843081,0.1,0.0058,1,0,33
1422.375,0,3061.0122680664062,0,0,-3061.0122680664062,0,0.0067635899077119477,0.1,0.006,1,0,33
1422.5,0,3061.0122680664062,0,0,-3061.0122680664062,0,0.0067635920481472905,0.1,0.0058,1,0,33
1422.625,0,3061.0122680664062,0,0,-3061.0122680664062,0,0.0067635941486495071,0.1,0.0066,1,0,33
1422.75,0,3061.0160827636719,0,0.030517578125,-3061.0160827636719,0,0.0067631656495246995,0.1,0.006,1,0,33
1422.875,0,3061.0084533691406,0,-0.06103515625,-3061.0084533691406,0,0.0067640346582690664,0.1,0.0058,1,0,33
1423,0,3061.0122680664062,0,0.030517578125,-3061.0122680664062,0,0.0067636001085174952,0.1,0.007,1,0,33
1423.125,0,3061.0122680664062,0,0,-3061.0122680664062,0,0.0067636020586410578,0.1,0.0066,1,0,33
1423.25,0,3061.0160827636719,0,0.030517578125,-3061.0160827636719,0,0.0067631734119431436,0.1,0.007,1,0,33
1423.375,0,3061.0160827636719,0,0,-3061.0160827636719,0,0.0067631811549897919,0.1,0.0054,1,0,33
1423.5,0,3061.0160827636719,0,0,-3061.0160827636719,0,0.0067631887535779533,0.1,0.006,1,0,33
1423.625,0,3061.0122680664062,0,-0.030517578125,-3061.0122680664062,0,0.0067636267708416492,0.1,0.0064,1,0,33
1423.75,0,3061.0122680664062,0,0,-3061.0122680664062,0,0.0067636282235384176,0.1,0.0058,1,0,33
1423.875,0,3061.0122680664062,0,0,-3061.0122680664062,0,0.0067636296491328796,0.1,0.0054,1,0,33
1424,0,3061.0084533691406,0,-0.030517578125,-3061.0084533691406,0,0.0067640616085695993,0.1,0.007,1,0,33
1424.125,0,3061.0122680664062,0,0.030517578125,-3061.0122680664062,0,0.0067636265560185871,0.1,0.006,1,0,33
1424.25,0,3061.0084533691406,0,-0.030517578125,-3061.0084533691406,0,0.0067640585731621183,0.1,0.0064,1,0,33
1424.375,0,3061.0122680664062,0,0.030517578125,-3061.0122680664062,0,0.0067636235772413206,0.1,0.0054,1,0,33
1424.5,0,3061.004638671875,0,-0.06103515625,-3061.004638671875,0,0.00676448621039745,0.1,0.008,1,0,33
1424.625,0,3061.0084533691406,0,0.030517578125,-3061.0084533691406,0,0.00676404540400409,0.1,0.006,1,0,33
1424.75,0,3061.0122680664062,0,0.030517578125,-3061.0122680664062,0,0.00676361065377426,0.1,0.007,1,0,33
1424.875,0,3061.004638671875,0,-0.06103515625,-3061.004638671875,0,0.0067644735280376206,0.1,0.0064,1,0,33
1425,0,3061.0122680664062,0,0.06103515625,-3061.0122680664062,0,0.0067636023978143306,0.1,0.0072,1,0,33
1425.125,0,3061.0122680664062,0,0,-3061.0122680664062,0,0.00676360430522753,0.1,0.0064,1,0,33
1425.25,0,3061.0122680664062,0,0,-3061.0122680664062,0,0.006763606177055001,0.1,0.006,1,0,33
1425.375,0,3061.004638671875,0,-0.06103515625,-3061.004638671875,0,0.0067644691348384689,0.1,0.0064,1,0,33
1425.5,0,3061.0122680664062,0,0.06103515625,-3061.0122680664062,0,0.0067635980865770884,0.1,0.0066,1,0,33
1425.625,0,3061.0122680664062,0,0,-3061.0122680664062,0,0.0067636000744230734,0.1,0.0064,1,0,33
1425.75,0,3061.0122680664062,0,0,-3061.0122680664062,0,0.0067636020251827245,0.1,0.006,1,0,33
1425.875,0,3061.0084533691406,0,-0.030517578125,-3061.0084533691406,0,0.00676403449998686,0.1,0.0066,1,0,33
1426,0,3061.0084533691406,0,0,-3061.0084533691406,0,0.0067640305136272005,0.1,0.0056,1,0,33
1426.125,0,3061.0122680664062,0,0.030517578125,-3061.0122680664062,0,0.0067635960412003177,0.1,0.0062,1,0,33
1426.25,0,3061.0122680664062,0,0,-3061.0122680664062,0,0.0067635980672059587,0.1,0.0066,1,0,33
1426.375,0,3061.004638671875,0,-0.06103515625,-3061.004638671875,0,0.0067644611762911755,0.1,0.007,1,0,33
1426.5,0,3061.0122680664062,0,0.06103515625,-3061.0122680664062,0,0.0067635902765087741,0.1,0.0064,1,0,33
1426.625,0,3061.0084533691406,0,-0.030517578125,-3061.0084533691406,0,0.0067640229705025479,0.1,0.0056,1,0,33
1426.75,0,3061.0122680664062,0,0.030517578125,-3061.0122680664062,0,0.0067635886388043021,0.1,0.0062,1,0,33
1426.875,0,3061.0122680664062,0,0,-3061.0122680664062,0,0.0067635908029130692,0.1,0.0066,1,0,33
1427,0,3061.0122680664062,0,0,-3061.0122680664062,0,0.00676359292664705,0.1,0.0054,1,0,33
1427.125,0,3061.0122680664062,0,0,-3061.0122680664062,0,0.0067635950107594878,0.1,0.0058,1,0,33
1427.25,0,3061.004638671875,0,-0.06103515625,-3061.004638671875,0,0.0067644581768674245,0.1,0.006,1,0,33
1427.375,0,3061.004638671875,0,0,-3061.004638671875,0,0.00676444845392174,0.1,0.0066,1,0,33
1427.5,0,3061.0084533691406,0,0.030517578125,-3061.0084533691406,0,0.0067640083519336924,0.1,0.0064,1,0,33
1427.625,0,3061.0122680664062,0,0.030517578125,-3061.0122680664062,0,0.0067635742929674086,0.1,0.0066,1,0,33
1427.75,0,3061.0084533691406,0,-0.030517578125,-3061.0084533691406,0,0.0067640072851588157,0.1,0.0078,1,0,33
1427.875,0,3061.0084533691406,0,0,-3061.0084533691406,0,0.0067640038065337749,0.1,0.0062,1,0,33
1428,0,3061.0122680664062,0,0.030517578125,-3061.0122680664062,0,0.0067635698323689347,0.1,0.0074,1,0,33
1428.125,0,3061.0122680664062,0,0,-3061.0122680664062,0,0.0067635723473407766,0.1,0.0064,1,0,33
1428.25,0,3061.004638671875,0,-0.06103515625,-3061.004638671875,0,0.0067644359362697554,0.1,0.0072,1,0,33
1428.375,0,3061.0084533691406,0,0.030517578125,-3061.0084533691406,0,0.006763996067817829,0.1,0.0068,1,0,33
1428.5,0,3061.0122680664062,0,0.030517578125,-3061.0122680664062,0,0.0067635622380306792,0.1,0.0058,1,0,33
1428.625,0,3061.0084533691406,0,-0.030517578125,-3061.0084533691406,0,0.0067639954551255294,0.1,0.0064,1,0,33
1428.75,0,3061.0122680664062,0,0.030517578125,-3061.0122680664062,0,0.0067635616367690971,0.1,0.0064,1,0,33
1428.875,0,3061.004638671875,0,-0.06103515625,-3061.004638671875,0,0.0067644254255203318,0.1,0.0064,1,0,33
1429,0,3061.004638671875,0,0,-3061.004638671875,0,0.0067644163136015567,0.1,0.0062,1,0,33
1429.125,0,3061.0160827636719,0,0.091552734375,-3061.0160827636719,0,0.0067631156903629475,0.1,0.0052,1,0,33
1429.25,0,3061.0122680664062,0,-0.030517578125,-3061.0122680664062,0,0.0067635550707336595,0.1,0.006,1,0,33
1429.375,0,3061.0122680664062,0,0,-3061.0122680664062,0,0.0067635578611065783,0.1,0.007,1,0,33
1429.5,0,3061.0122680664062,0,0,-3061.0122680664062,0,0.0067635605994207926,0.1,0.005,1,0,33
1429.625,0,3061.0122680664062,0,0,-3061.0122680664062,0,0.0067635632866475254,0.1,0.0072,1,0,33
1429.75,0,3061.0084533691406,0,-0.030517578125,-3061.0084533691406,0,0.0067639964841788164,0.1,0.006,1,0,33
1429.875,0,3061.0084533691406,0,0,-3061.0084533691406,0,0.006763993207062724,0.1,0.0062,1,0,33
1430,0,3061.004638671875,0,-0.030517578125,-3061.004638671875,0,0.0067644205515252076,0.1,0.0064,1,0,33
1430.125,0,3061.0084533691406,0,0.030517578125,-3061.0084533691406,0,0.00676398097009942,0.1,0.0076,1,0,33
1430.25,0,3061.0084533691406,0,0,-3061.0084533691406,0,0.0067639779824224255,0.1,0.0052,1,0,33
1430.375,0,3061.0122680664062,0,0.030517578125,-3061.0122680664062,0,0.006763544490046236,0.1,0.0066,1,0,33
1430.5,0,3061.0122680664062,0,0,-3061.0122680664062,0,0.00676354747781821,0.1,0.0054,1,0,33
1430.625,0,3061.0084533691406,0,-0.030517578125,-3061.0084533691406,0,0.006763980970287603,0.1,0.006,1,0,33
1430.75,0,3061.0084533691406,0,0,-3061.0084533691406,0,0.0067639779826070973,0.1,0.0058,1,0,33
1430.875,0,3061.004638671875,0,-0.030517578125,-3061.004638671875,0,0.0067644056111052925,0.1,0.0066,1,0,33
1431,0,3061.0084533691406,0,0.030517578125,-3061.0084533691406,0,0.0067639663084160945,0.1,0.0072,1,0,33
1431.125,0,3061.004638671875,0,-0.030517578125,-3061.004638671875,0,0.0067643941547143316,0.1,0.007,1,0,33
1431.25,0,3061.004638671875,0,0,-3061.004638671875,0,0.0067643856262007,0.1,0.0056,1,0,33
1431.375,0,3061.0084533691406,0,0.030517578125,-3061.0084533691406,0,0.00676394669636074,0.1,0.0062,1,0,33
1431.5,0,3061.0084533691406,0,0,-3061.0084533691406,0,0.0067639443481132266,0.1,0.0058,1,0,33
1431.625,0,3061.0084533691406,0,0,-3061.0084533691406,0,0.0067639420436758912,0.1,0.0054,1,0,33
1431.75,0,3061.0084533691406,0,0,-3061.0084533691406,0,0.0067639397822313874,0.1,0.0068,1,0,33
1431.875,0,3061.0084533691406,0,0,-3061.0084533691406,0,0.0067639375629776205,0.1,0.007,1,0,33
1432,0,3061.004638671875,0,-0.030517578125,-3061.004638671875,0,0.00676436594556637,0.1,0.007,1,0,33
1432.125,0,3061.0084533691406,0,0.030517578125,-3061.0084533691406,0,0.006763927382899021,0.1,0.0064,1,0,33
1432.25,0,3061.0122680664062,0,0.030517578125,-3061.0122680664062,0,0.0067634948345350193,0.1,0.0058,1,0,33
1432.375,0,3061.0160827636719,0,0.030517578125,-3061.0160827636719,0,0.0067630681882682731,0.1,0.0054,1,0,33
1432.5,0,3061.0122680664062,0,-0.030517578125,-3061.0122680664062,0,0.00676350845486387,0.1,0.0068,1,0,33
1432.625,0,3061.0084533691406,0,-0.030517578125,-3061.0084533691406,0,0.0067639426753666881,0.1,0.0072,1,0,33
1432.75,0,3061.0160827636719,0,0.06103515625,-3061.0160827636719,0,0.0067630792812592017,0.1,0.0068,1,0,33
1432.875,0,3061.0160827636719,0,0,-3061.0160827636719,0,0.0067630887804590173,0.1,0.0064,1,0,33
1433,0,3061.0160827636719,0,0,-3061.0160827636719,0,0.006763098102436596,0.1,0.0056,1,0,33
1433.125,0,3061.004638671875,0,-0.091552734375,-3061.004638671875,0,0.0067643989318150466,0.1,0.006,1,0,33
1433.25,0,3061.0122680664062,0,0.06103515625,-3061.0122680664062,0,0.0067635291932994085,0.1,0.007,1,0,33
1433.375,0,3061.004638671875,0,-0.06103515625,-3061.004638671875,0,0.0067643935873336336,0.1,0.006,1,0,33
1433.5,0,3061.0084533691406,0,0.030517578125,-3061.0084533691406,0,0.0067639545089664549,0.1,0.0064,1,0,33
1433.625,0,3061.0122680664062,0,0.030517578125,-3061.0122680664062,0,0.0067635214545238159,0.1,0.0064,1,0,33
1433.75,0,3061.0122680664062,0,0,-3061.0122680664062,0,0.0067635248720590152,0.1,0.006,1,0,33
1433.875,0,3061.0122680664062,0,0,-3061.0122680664062,0,0.0067635282258348139,0.1,0.007,1,0,33
1434,0,3061.0122680664062,0,0,-3061.0122680664062,0,0.0067635315170407467,0.1,0.0064,1,0,33
1434.125,0,3061.004638671875,0,-0.06103515625,-3061.004638671875,0,0.006764395867721984,0.1,0.0064,1,0,33
1434.25,0,3061.004638671875,0,0,-3061.004638671875,0,0.0067643873072495558,0.1,0.0068,1,0,33
1434.375,0,3061.0084533691406,0,0.030517578125,-3061.0084533691406,0,0.006763948346047044,0.1,0.0062,1,0,33
1434.5,0,3061.004638671875,0,-0.030517578125,-3061.004638671875,0,0.006764376527460994,0.1,0.0066,1,0,33
1434.625,0,3061.004638671875,0,0,-3061.004638671875,0,0.0067643683278109795,0.1,0.0068,1,0,33
1434.75,0,3061.0084533691406,0,0.030517578125,-3061.0084533691406,0,0.0067639297206991689,0.1,0.007,1,0,33
1434.875,0,3061.0084533691406,0,0,-3061.0084533691406,0,0.0067639276891588163,0.1,0.0062,1,0,33
1435,0,3061.0084533691406,0,0,-3061.0084533691406,0,0.0067639256955199789,0.1,0.0066,1,0,33
1435.125,0,3061.0122680664062,0,0.030517578125,-3061.0122680664062,0,0.0067634931786366426,0.1,0.0056,1,0,33
1435.25,0,3061.0084533691406,0,-0.030517578125,-3061.0084533691406,0,0.0067639276841410662,0.1,0.0064,1,0,33
1435.375,0,3061.0084533691406,0,0,-3061.0084533691406,0,0.0067639256905958484,0.1,0.0062,1,0,33
1435.5,0,3061.0084533691406,0,0,-3061.0084533691406,0,0.0067639237342432962,0.1,0.0066,1,0,33
1435.625,0,3061.0084533691406,0,0,-3061.0084533691406,0,0.00676392181438952,0.1,0.0066,1,0,33
1435.75,0,3061.004638671875,0,-0.030517578125,-3061.004638671875,0,0.0067643504907924923,0.1,0.0066,1,0,33
1435.875,0,3061.0084533691406,0,0.030517578125,-3061.0084533691406,0,0.0067639122164577931,0.1,0.0062,1,0,33
1436,0,3061.0084533691406,0,0,-3061.0084533691406,0,0.0067639105114860737,0.1,0.0062,1,0,33
1436.125,0,3061.0084533691406,0,0,-3061.0084533691406,0,0.0067639088383232293,0.1,0.0062,1,0,33
1436.25,0,3061.0084533691406,0,0,-3061.0084533691406,0,0.0067639071963758179,0.1,0.006,1,0,33
1436.375,0,3061.0122680664062,0,0.030517578125,-3061.0122680664062,0,0.0067634750246225589,0.1,0.005,1,0,33
1436.5,0,3061.0084533691406,0,-0.030517578125,-3061.0084533691406,0,0.0067639098688181271,0.1,0.0054,1,0,33
1436.625,0,3061.0122680664062,0,0.030517578125,-3061.0122680664062,0,0.006763477647206334,0.1,0.0068,1,0,33
1436.75,0,3061.0122680664062,0,0,-3061.0122680664062,0,0.0067634818820346415,0.1,0.006,1,0,33
1436.875,0,3061.004638671875,0,-0.06103515625,-3061.004638671875,0,0.0067643471587335163,0.1,0.0066,1,0,33
1437,0,3061.0084533691406,0,0.030517578125,-3061.0084533691406,0,0.006763908946563521,0.1,0.007,1,0,33
1437.125,0,3061.0084533691406,0,0,-3061.0084533691406,0,0.006763907302596725,0.1,0.006,1,0,33
1437.25,0,3061.004638671875,0,-0.030517578125,-3061.004638671875,0,0.0067643362497395859,0.1,0.006,1,0,33
1437.375,0,3061.004638671875,0,0,-3061.004638671875,0,0.0067643288015326181,0.1,0.0066,1,0,33
1437.5,0,3061.0084533691406,0,0.030517578125,-3061.0084533691406,0,0.0067638909318445267,0.1,0.0066,1,0,33
1437.625,0,3061.0084533691406,0,0,-3061.0084533691406,0,0.0067638896239701207,0.1,0.0058,1,0,33
1437.75,0,3061.0084533691406,0,0,-3061.0084533691406,0,0.006763888340496127,0.1,0.0056,1,0,33
1437.875,0,3061.0084533691406,0,0,-3061.0084533691406,0,0.0067638870809673124,0.1,0.0066,1,0,33
1438,0,3061.004638671875,0,-0.030517578125,-3061.004638671875,0,0.0067643164053758642,0.1,0.0076,1,0,33
1438.125,0,3061.0122680664062,0,0.06103515625,-3061.0122680664062,0,0.0067634482065182938,0.1,0.0048,1,0,33
1438.25,0,3061.0084533691406,0,-0.030517578125,-3061.0084533691406,0,0.0067638835510469841,0.1,0.0054,1,0,33
1438.375,0,3061.004638671875,0,-0.030517578125,-3061.004638671875,0,0.0067643129413116482,0.1,0.0064,1,0,33
1438.5,0,3061.0122680664062,0,0.06103515625,-3061.0122680664062,0,0.0067634448070815478,0.1,0.0062,1,0,33
1438.625,0,3061.0122680664062,0,0,-3061.0122680664062,0,0.0067634496545930511,0.1,0.0058,1,0,33
1438.75,0,3061.0084533691406,0,-0.030517578125,-3061.0084533691406,0,0.0067638849721056715,0.1,0.0054,1,0,33
1438.875,0,3061.0122680664062,0,0.030517578125,-3061.0122680664062,0,0.0067634532149804666,0.1,0.0074,1,0,33
1439,0,3061.004638671875,0,-0.06103515625,-3061.004638671875,0,0.0067643190265074676,0.1,0.0056,1,0,33
1439.125,0,3061.0122680664062,0,0.06103515625,-3061.0122680664062,0,0.0067634507787486531,0.1,0.0072,1,0,33
1439.25,0,3061.0122680664062,0,0,-3061.0122680664062,0,0.0067634555148494979,0.1,0.007,1,0,33
1439.375,0,3061.0084533691406,0,-0.030517578125,-3061.0084533691406,0,0.0067638907230299916,0.1,0.0054,1,0,33
1439.5,0,3061.004638671875,0,-0.030517578125,-3061.004638671875,0,0.0067643199794902437,0.1,0.0076,1,0,33
1439.625,0,3061.0084533691406,0,0.030517578125,-3061.0084533691406,0,0.0067638822743909671,0.1,0.0076,1,0,33
1439.75,0,3061.0084533691406,0,0,-3061.0084533691406,0,0.0067638811280347072,0.1,0.0066,1,0,33
1439.875,0,3061.0084533691406,0,0,-3061.0084533691406,0,0.0067638800030654922,0.1,0.0066,1,0,33
1440,0,3061.0084533691406,0,0,-3061.0084533691406,0,0.0067638788990843218,0.1,0.0062,1,0,33
1440.125,0,3061.0084533691406,0,0,-3061.0084533691406,0,0.00676387781569962,0.1,0.0062,1,0,33
1440.25,0,3061.0084533691406,0,0,-3061.0084533691406,0,0.0067638767525271259,0.1,0.0054,1,0,33
1440.375,0,3061.0084533691406,0,0,-3061.0084533691406,0,0.006763875709189765,0.1,0.0068,1,0,33
1440.5,0,3061.0122680664062,0,0.030517578125,-3061.0122680664062,0,0.0067634441248785593,0.1,0.006,1,0,33
1440.625,0,3061.004638671875,0,-0.06103515625,-3061.004638671875,0,0.0067643101059954441,0.1,0.0056,1,0,33
1440.75,0,3061.0084533691406,0,0.030517578125,-3061.0084533691406,0,0.0067638725851014575,0.1,0.0058,1,0,33
1440.875,0,3061.004638671875,0,-0.030517578125,-3061.004638671875,0,0.0067643021799527608,0.1,0.0066,1,0,33
1441,0,3061.004638671875,0,0,-3061.004638671875,0,0.006764295367370235,0.1,0.005,1,0,33
1441.125,0,3061.0084533691406,0,0.030517578125,-3061.0084533691406,0,0.0067638581214480437,0.1,0.0066,1,0,33
1441.25,0,3061.0084533691406,0,0,-3061.0084533691406,0,0.0067638574257022077,0.1,0.0058,1,0,33
1441.375,0,3061.004638671875,0,-0.030517578125,-3061.004638671875,0,0.0067642873033754991,0.1,0.006,1,0,33
1441.5,0,3061.0122680664062,0,0.06103515625,-3061.0122680664062,0,0.0067634196474606612,0.1,0.0058,1,0,33
1441.625,0,3061.0084533691406,0,-0.030517578125,-3061.0084533691406,0,0.0067638555248026311,0.1,0.0058,1,0,33
1441.75,0,3061.0160827636719,0,0.06103515625,-3061.0160827636719,0,0.0067629937566233977,0.1,0.0068,1,0,33
1441.875,0,3061.0084533691406,0,-0.06103515625,-3061.0084533691406,0,0.0067638659722950994,0.1,0.0066,1,0,33
1442,0,3061.0122680664062,0,0.030517578125,-3061.0122680664062,0,0.0067634345696406806,0.1,0.0068,1,0,33
1442.125,0,3061.0084533691406,0,-0.030517578125,-3061.0084533691406,0,0.0067638701685863584,0.1,0.0066,1,0,33
1442.25,0,3061.0084533691406,0,0,-3061.0084533691406,0,0.0067638692480825741,0.1,0.0078,1,0,33
1442.375,0,3061.004638671875,0,-0.030517578125,-3061.004638671875,0,0.0067642989051911184,0.1,0.0062,1,0,33
1442.5,0,3061.0084533691406,0,0.030517578125,-3061.0084533691406,0,0.0067638615932654189,0.1,0.0068,1,0,33
1442.625,0,3061.0122680664062,0,0.030517578125,-3061.0122680664062,0,0.0067634302723085654,0.1,0.0066,1,0,33
1442.75,0,3061.0122680664062,0,0,-3061.0122680664062,0,0.0067634353909886979,0.1,0.0058,1,0,33
1442.875,0,3061.004638671875,0,-0.06103515625,-3061.004638671875,0,0.0067643015350497826,0.1,0.0062,1,0,33
1443,0,3061.0084533691406,0,0.030517578125,-3061.0084533691406,0,0.0067638641740600108,0.1,0.0064,1,0,33
1443.125,0,3061.0122680664062,0,0.030517578125,-3061.0122680664062,0,0.00676343280495445,0.1,0.007,1,0,33
1443.25,0,3061.0084533691406,0,-0.030517578125,-3061.0084533691406,0,0.00676386843682307,0.1,0.0066,1,0,33
1443.375,0,3061.004638671875,0,-0.030517578125,-3061.004638671875,0,0.00676429810906691,0.1,0.0052,1,0,33
1443.5,0,3061.0008239746094,0,-0.030517578125,-3061.0008239746094,0,0.0067647219328719616,0.1,0.006,1,0,33
1443.625,0,3061.0084533691406,0,0.06103515625,-3061.0084533691406,0,0.00676384833603319,0.1,0.007,1,0,33
1443.75,0,3061.0084533691406,0,0,-3061.0084533691406,0,0.0067638478228493754,0.1,0.007,1,0,33
1443.875,0,3061.004638671875,0,-0.030517578125,-3061.004638671875,0,0.006764277879678704,0.1,0.0064,1,0,33
1444,0,3061.0122680664062,0,0.06103515625,-3061.0122680664062,0,0.0067634103995774658,0.1,0.0068,1,0,33
1444.125,0,3061.004638671875,0,-0.06103515625,-3061.004638671875,0,0.006764277009891892,0.1,0.0064,1,0,33
1444.25,0,3061.0008239746094,0,-0.030517578125,-3061.0008239746094,0,0.0067647012273346074,0.1,0.0068,1,0,33
1444.375,0,3061.0008239746094,0,0,-3061.0008239746094,0,0.0067646891376674095,0.1,0.0068,1,0,33
1444.5,0,3061.0084533691406,0,0.06103515625,-3061.0084533691406,0,0.0067638161526737822,0.1,0.0062,1,0,33
1444.625,0,3061.004638671875,0,-0.030517578125,-3061.004638671875,0,0.0067642468003591139,0.1,0.007,1,0,33
1444.75,0,3061.0084533691406,0,0.030517578125,-3061.0084533691406,0,0.0067638104605294569,0.1,0.0062,1,0,33
1444.875,0,3061.004638671875,0,-0.030517578125,-3061.004638671875,0,0.0067642412144105213,0.1,0.0054,1,0,33
1445,0,3061.0084533691406,0,0.030517578125,-3061.0084533691406,0,0.0067638049787953625,0.1,0.0054,1,0,33
1445.125,0,3061.0122680664062,0,0.030517578125,-3061.0122680664062,0,0.0067633747140688066,0.1,0.0068,1,0,33
1445.25,0,3061.0084533691406,0,-0.030517578125,-3061.0084533691406,0,0.0067638114297125518,0.1,0.0056,1,0,33
1445.375,0,3061.0084533691406,0,0,-3061.0084533691406,0,0.0067638116050730973,0.1,0.0062,1,0,33
1445.5,0,3061.0084533691406,0,0,-3061.0084533691406,0,0.0067638117771620238,0.1,0.005,1,0,33
1445.625,0,3061.0122680664062,0,0.030517578125,-3061.0122680664062,0,0.0067633813856014524,0.1,0.007,1,0,33
1445.75,0,3061.0122680664062,0,0,-3061.0122680664062,0,0.0067633874163385427,0.1,0.0066,1,0,33
1445.875,0,3061.0084533691406,0,-0.030517578125,-3061.0084533691406,0,0.0067638238950018387,0.1,0.0066,1,0,33
1446,0,3061.0084533691406,0,0,-3061.0084533691406,0,0.0067638238378031762,0.1,0.0062,1,0,33
1446.125,0,3061.0122680664062,0,0.030517578125,-3061.0122680664062,0,0.006763393221232733,0.1,0.0066,1,0,33
1446.25,0,3061.0084533691406,0,-0.030517578125,-3061.0084533691406,0,0.0067638295915967706,0.1,0.0058,1,0,33
1446.375,0,3061.0160827636719,0,0.06103515625,-3061.0160827636719,0,0.0067629683072415181,0.1,0.0074,1,0,33
1446.5,0,3061.004638671875,0,-0.091552734375,-3061.004638671875,0,0.006764271558149626,0.1,0.007,1,0,33
1446.625,0,3061.0008239746094,0,-0.030517578125,-3061.0008239746094,0,0.0067646958773030091,0.1,0.0058,1,0,33
1446.75,0,3061.0122680664062,0,0.091552734375,-3061.0122680664062,0,0.0067633922061321738,0.1,0.0062,1,0,33
1446.875,0,3061.0160827636719,0,0.030517578125,-3061.0160827636719,0,0.0067629674745566526,0.1,0.0072,1,0,33
1447,0,3061.0122680664062,0,-0.030517578125,-3061.0122680664062,0,0.0067634096201219518,0.1,0.0068,1,0,33
1447.125,0,3061.0084533691406,0,-0.030517578125,-3061.0084533691406,0,0.0067638456845394018,0.1,0.0058,1,0,33
1447.25,0,3061.0198974609375,0,0.091552734375,-3061.0198974609375,0,0.0067625535395064995,0.1,0.0072,1,0,33
1447.375,0,3061.0084533691406,0,-0.091552734375,-3061.0084533691406,0,0.0067638623607867848,0.1,0.0066,1,0,33
1447.5,0,3061.0122680664062,0,0.030517578125,-3061.0122680664062,0,0.0067634310255106356,0.1,0.0066,1,0,33
1447.625,0,3061.0122680664062,0,0,-3061.0122680664062,0,0.00676343613013862,0.1,0.0072,1,0,33
1447.75,0,3061.0084533691406,0,-0.030517578125,-3061.0084533691406,0,0.0067638716999708082,0.1,0.0062,1,0,33
1447.875,0,3061.004638671875,0,-0.030517578125,-3061.004638671875,0,0.0067643013113355965,0.1,0.0062,1,0,33
1448,0,3061.0084533691406,0,0.030517578125,-3061.0084533691406,0,0.0067638639545195556,0.1,0.0062,1,0,33
1448.125,0,3061.0122680664062,0,0.030517578125,-3061.0122680664062,0,0.0067634325895098574,0.1,0.0068,1,0,33
1448.25,0,3061.0198974609375,0,0.06103515625,-3061.0198974609375,0,0.0067625765440811336,0.1,0.006,1,0,33
1448.375,0,3061.0122680664062,0,-0.06103515625,-3061.0122680664062,0,0.0067634543757366661,0.1,0.0064,1,0,33
1448.5,0,3061.0122680664062,0,0,-3061.0122680664062,0,0.00676345904473015,0.1,0.0074,1,0,33
1448.625,0,3061.0122680664062,0,0,-3061.0122680664062,0,0.0067634636266163534,0.1,0.0058,1,0,33
1448.75,0,3061.0122680664062,0,0,-3061.0122680664062,0,0.0067634681230203941,0.1,0.006,1,0,33
1448.875,0,3061.0122680664062,0,0,-3061.0122680664062,0,0.0067634725355370795,0.1,0.0066,1,0,33
1449,0,3061.0084533691406,0,-0.030517578125,-3061.0084533691406,0,0.0067639074261703763,0.1,0.0068,1,0,33
1449.125,0,3061.0084533691406,0,0,-3061.0084533691406,0,0.0067639058105688626,0.1,0.0064,1,0,33
1449.25,0,3061.0122680664062,0,0.030517578125,-3061.0122680664062,0,0.0067634736646699778,0.1,0.0066,1,0,33
1449.375,0,3061.004638671875,0,-0.06103515625,-3061.004638671875,0,0.0067643390946764692,0.1,0.0054,1,0,33
1449.5,0,3061.0160827636719,0,0.091552734375,-3061.0160827636719,0,0.00676303991207608,0.1,0.0066,1,0,33
1449.625,0,3061.0084533691406,0,-0.06103515625,-3061.0084533691406,0,0.0067639112666465911,0.1,0.0056,1,0,33
1449.75,0,3061.0160827636719,0,0.06103515625,-3061.0160827636719,0,0.0067630484585172457,0.1,0.0054,1,0,33
1449.875,0,3061.0160827636719,0,0,-3061.0160827636719,0,0.0067630585327628778,0.1,0.0064,1,0,33
1450,0,3061.0084533691406,0,-0.06103515625,-3061.0084533691406,0,0.0067639295399357369,0.1,0.0066,1,0,33
1450.125,0,3061.0122680664062,0,0.030517578125,-3061.0122680664062,0,0.0067634969513288984,0.1,0.0054,1,0,33
1450.25,0,3061.0084533691406,0,-0.030517578125,-3061.0084533691406,0,0.0067639313864479161,0.1,0.0062,1,0,33
1450.375,0,3061.0084533691406,0,0,-3061.0084533691406,0,0.00676392932383045,0.1,0.007,1,0,33
1450.5,0,3061.0122680664062,0,0.030517578125,-3061.0122680664062,0,0.0067634967392553869,0.1,0.007,1,0,33
1450.625,0,3061.0122680664062,0,0,-3061.0122680664062,0,0.0067635006178920487,0.1,0.0064,1,0,33
1450.75,0,3061.0122680664062,0,0,-3061.0122680664062,0,0.0067635044241667608,0.1,0.0058,1,0,33
1450.875,0,3061.0160827636719,0,0.030517578125,-3061.0160827636719,0,0.0067630775989906272,0.1,0.0072,1,0,33
1451,0,3061.0122680664062,0,-0.030517578125,-3061.0122680664062,0,0.0067635176900146671,0.1,0.0064,1,0,33
1451.125,0,3061.0160827636719,0,0.030517578125,-3061.0160827636719,0,0.0067630906173436756,0.1,0.0068,1,0,33
1451.25,0,3061.0084533691406,0,-0.06103515625,-3061.0084533691406,0,0.0067639610259291744,0.1,0.0056,1,0,33
1451.375,0,3061.0084533691406,0,0,-3061.0084533691406,0,0.0067639584103414419,0.1,0.006,1,0,33
1451.5,0,3061.0122680664062,0,0.030517578125,-3061.0122680664062,0,0.006763525283112623,0.1,0.0056,1,0,33
1451.625,0,3061.004638671875,0,-0.06103515625,-3061.004638671875,0,0.00676438975009741,0.1,0.0056,1,0,33
1451.75,0,3061.0160827636719,0,0.091552734375,-3061.0160827636719,0,0.0067630896224419729,0.1,0.006,1,0,33
1451.875,0,3061.0122680664062,0,-0.030517578125,-3061.0122680664062,0,0.0067635294891499748,0.1,0.006,1,0,33
1452,0,3061.0122680664062,0,0,-3061.0122680664062,0,0.0067635327567868164,0.1,0.0062,1,0,33
1452.125,0,3061.0084533691406,0,-0.030517578125,-3061.0084533691406,0,0.006763966523899767,0.1,0.0066,1,0,33
1452.25,0,3061.0122680664062,0,0.030517578125,-3061.0122680664062,0,0.0067635332453000047,0.1,0.0064,1,0,33
1452.375,0,3061.0084533691406,0,-0.030517578125,-3061.0084533691406,0,0.0067639670032989818,0.1,0.0064,1,0,33
1452.5,0,3061.0122680664062,0,0.030517578125,-3061.0122680664062,0,0.0067635337157552766,0.1,0.0062,1,0,33
1452.625,0,3061.0160827636719,0,0.030517578125,-3061.0160827636719,0,0.006763106344099365,0.1,0.007,1,0,33
1452.75,0,3061.0084533691406,0,-0.06103515625,-3061.0084533691406,0,0.0067639764592779678,0.1,0.0062,1,0,33
1452.875,0,3061.0122680664062,0,0.030517578125,-3061.0122680664062,0,0.0067635429953183945,0.1,0.0066,1,0,33
1453,0,3061.0084533691406,0,-0.030517578125,-3061.0084533691406,0,0.006763976571415739,0.1,0.0054,1,0,33
1453.125,0,3061.0122680664062,0,0.030517578125,-3061.0122680664062,0,0.0067635431053640616,0.1,0.0058,1,0,33
1453.25,0,3061.0122680664062,0,0,-3061.0122680664062,0,0.0067635461189694268,0.1,0.0058,1,0,33
1453.375,0,3061.0084533691406,0,-0.030517578125,-3061.0084533691406,0,0.006763979636790235,0.1,0.007,1,0,33
1453.5,0,3061.0084533691406,0,0,-3061.0084533691406,0,0.0067639766739881757,0.1,0.0066,1,0,33
1453.625,0,3061.0122680664062,0,0.030517578125,-3061.0122680664062,0,0.0067635432060228484,0.1,0.0056,1,0,33
1453.75,0,3061.0122680664062,0,0,-3061.0122680664062,0,0.0067635462177502576,0.1,0.0062,1,0,33
1453.875,0,3061.0122680664062,0,0,-3061.0122680664062,0,0.0067635491732892516,0.1,0.0068,1,0,33
1454,0,3061.004638671875,0,-0.06103515625,-3061.004638671875,0,0.00676441319456593,0.1,0.0068,1,0,33
1454.125,0,3061.0122680664062,0,0.06103515625,-3061.0122680664062,0,0.0067635431899566584,0.1,0.0058,1,0,33
1454.25,0,3061.0122680664062,0,0,-3061.0122680664062,0,0.0067635462019838138,0.1,0.007,1,0,33
1454.375,0,3061.0122680664062,0,0,-3061.0122680664062,0,0.0067635491578169477,0.1,0.0062,1,0,33
1454.5,0,3061.0122680664062,0,0,-3061.0122680664062,0,0.0067635520585044573,0.1,0.0064,1,0,33
1454.625,0,3061.0084533691406,0,-0.030517578125,-3061.0084533691406,0,0.0067639854655140857,0.1,0.006,1,0,33
1454.75,0,3061.0084533691406,0,0,-3061.0084533691406,0,0.0067639823939681931,0.1,0.0054,1,0,33
1454.875,0,3061.0122680664062,0,0.030517578125,-3061.0122680664062,0,0.0067635488192878124,0.1,0.006,1,0,33
1455,0,3061.004638671875,0,-0.06103515625,-3061.004638671875,0,0.00676441284716893,0.1,0.0064,1,0,33
1455.125,0,3061.0084533691406,0,0.030517578125,-3061.0084533691406,0,0.0067639734094798037,0.1,0.0066,1,0,33
1455.25,0,3061.0122680664062,0,0.030517578125,-3061.0122680664062,0,0.0067635400024189107,0.1,0.0068,1,0,33
1455.375,0,3061.0122680664062,0,0,-3061.0122680664062,0,0.0067635430739144964,0.1,0.0054,1,0,33
1455.5,0,3061.0122680664062,0,0,-3061.0122680664062,0,0.0067635460881066006,0.1,0.007,1,0,33
1455.625,0,3061.0084533691406,0,-0.030517578125,-3061.0084533691406,0,0.0067639796065032121,0.1,0.0062,1,0,33
1455.75,0,3061.0084533691406,0,0,-3061.0084533691406,0,0.0067639766442662008,0.1,0.0058,1,0,33
1455.875,0,3061.0084533691406,0,0,-3061.0084533691406,0,0.0067639737372943015,0.1,0.0062,1,0,33
1456,0,3061.0084533691406,0,0,-3061.0084533691406,0,0.0067639708845564361,0.1,0.0064,1,0,33
1456.125,0,3061.004638671875,0,-0.030517578125,-3061.004638671875,0,0.0067643986454797161,0.1,0.0066,1,0,33
1456.25,0,3061.0122680664062,0,0.06103515625,-3061.0122680664062,0,0.00676352891230611,0.1,0.006,1,0,33
1456.375,0,3061.0084533691406,0,-0.030517578125,-3061.0084533691406,0,0.0067639627511437844,0.1,0.0066,1,0,33
1456.5,0,3061.0122680664062,0,0.030517578125,-3061.0122680664062,0,0.0067635295429306075,0.1,0.0058,1,0,33
1456.625,0,3061.0160827636719,0,0.030517578125,-3061.0160827636719,0,0.0067631022491251719,0.1,0.0066,1,0,33
1456.75,0,3061.0122680664062,0,-0.030517578125,-3061.0122680664062,0,0.006763541880262916,0.1,0.0054,1,0,33
1456.875,0,3061.0122680664062,0,0,-3061.0122680664062,0,0.0067635449167244288,0.1,0.0058,1,0,33
1457,0,3061.0122680664062,0,0,-3061.0122680664062,0,0.0067635478965360624,0.1,0.0058,1,0,33
1457.125,0,3061.0084533691406,0,-0.030517578125,-3061.0084533691406,0,0.0067639813811936345,0.1,0.0062,1,0,33
1457.25,0,3061.0122680664062,0,0.030517578125,-3061.0122680664062,0,0.0067635478254081255,0.1,0.0058,1,0,33
1457.375,0,3061.0122680664062,0,0,-3061.0122680664062,0,0.0067635507509537784,0.1,0.0064,1,0,33
1457.5,0,3061.0122680664062,0,0,-3061.0122680664062,0,0.0067635536219188691,0.1,0.0052,1,0,33
1457.625,0,3061.0122680664062,0,0,-3061.0122680664062,0,0.0067635564393216663,0.1,0.0072,1,0,33
1457.75,0,3061.0122680664062,0,0,-3061.0122680664062,0,0.0067635592041614678,0.1,0.006,1,0,33
1457.875,0,3061.0160827636719,0,0.030517578125,-3061.0160827636719,0,0.0067631313569800067,0.1,0.0058,1,0,33
1458,0,3061.0084533691406,0,-0.06103515625,-3061.0084533691406,0,0.0067640010055047134,0.1,0.0058,1,0,33
1458.125,0,3061.0084533691406,0,0,-3061.0084533691406,0,0.0067639976440363042,0.1,0.0068,1,0,33
1458.25,0,3061.0122680664062,0,0.030517578125,-3061.0122680664062,0,0.0067635637848423719,0.1,0.0064,1,0,33
1458.375,0,3061.0122680664062,0,0,-3061.0122680664062,0,0.0067635664126401568,0.1,0.0066,1,0,33
1458.5,0,3061.0084533691406,0,-0.030517578125,-3061.0084533691406,0,0.0067639995518512241,0.1,0.0072,1,0,33
1458.625,0,3061.004638671875,0,-0.030517578125,-3061.004638671875,0,0.0067644267779418815,0.1,0.0064,1,0,33
1458.75,0,3061.0122680664062,0,0.06103515625,-3061.0122680664062,0,0.0067635565199137687,0.1,0.006,1,0,33
1458.875,0,3061.0122680664062,0,0,-3061.0122680664062,0,0.0067635592832500091,0.1,0.0048,1,0,33
1459,0,3061.0084533691406,0,-0.030517578125,-3061.0084533691406,0,0.00676399255547086,0.1,0.007,1,0,33
1459.125,0,3061.0122680664062,0,0.030517578125,-3061.0122680664062,0,0.00676355879121196,0.1,0.0064,1,0,33
1459.25,0,3061.0008239746094,0,-0.091552734375,-3061.0008239746094,0,0.0067648531934903638,0.1,0.0066,1,0,33
1459.375,0,3061.0084533691406,0,0.06103515625,-3061.0084533691406,0,0.0067639771477822075,0.1,0.0064,1,0,33
1459.5,0,3061.0122680664062,0,0.030517578125,-3061.0122680664062,0,0.00676354367097752,0.1,0.006,1,0,33
1459.625,0,3061.0084533691406,0,-0.030517578125,-3061.0084533691406,0,0.0067639772344694066,0.1,0.006,1,0,33
1459.75,0,3061.0084533691406,0,0,-3061.0084533691406,0,0.0067639743164863431,0.1,0.0068,1,0,33
1459.875,0,3061.0084533691406,0,0,-3061.0084533691406,0,0.00676397145294276,0.1,0.0062,1,0,33
1460,0,3061.0084533691406,0,0,-3061.0084533691406,0,0.0067639686428229984,0.1,0.0066,1,0,33
1460.125,0,3061.004638671875,0,-0.030517578125,-3061.004638671875,0,0.0067643964455692818,0.1,0.0064,1,0,33
1460.25,0,3061.0084533691406,0,0.030517578125,-3061.0084533691406,0,0.0067639573138773,0.1,0.0066,1,0,33
1460.375,0,3061.0084533691406,0,0,-3061.0084533691406,0,0.0067639547675436285,0.1,0.0068,1,0,33
1460.5,0,3061.0122680664062,0,0.030517578125,-3061.0122680664062,0,0.0067635217082768345,0.1,0.0066,1,0,33
1460.625,0,3061.0122680664062,0,0,-3061.0122680664062,0,0.0067635251210778763,0.1,0.0066,1,0,33
1460.75,0,3061.0084533691406,0,-0.030517578125,-3061.0084533691406,0,0.0067639590306467628,0.1,0.0062,1,0,33
1460.875,0,3061.0122680664062,0,0.030517578125,-3061.0122680664062,0,0.0067635258918452013,0.1,0.0056,1,0,33
1461,0,3061.0122680664062,0,0,-3061.0122680664062,0,0.0067635292265953162,0.1,0.0066,1,0,33
1461.125,0,3061.0160827636719,0,0.030517578125,-3061.0160827636719,0,0.0067631019386916041,0.1,0.0064,1,0,33
1461.25,0,3061.0122680664062,0,-0.030517578125,-3061.0122680664062,0,0.0067635415756209655,0.1,0.006,1,0,33
1461.375,0,3061.0122680664062,0,0,-3061.0122680664062,0,0.006763544617766043,0.1,0.0062,1,0,33
1461.5,0,3061.0160827636719,0,0.030517578125,-3061.0160827636719,0,0.0067631170427163018,0.1,0.006,1,0,33
1461.625,0,3061.0122680664062,0,-0.030517578125,-3061.0122680664062,0,0.0067635563978567792,0.1,0.006,1,0,33
1461.75,0,3061.0122680664062,0,0,-3061.0122680664062,0,0.00676355916347017,0.1,0.0072,1,0,33
1461.875,0,3061.0122680664062,0,0,-3061.0122680664062,0,0.006763561877486779,0.1,0.007,1,0,33
1462,0,3061.004638671875,0,-0.06103515625,-3061.004638671875,0,0.0067644256617470505,0.1,0.0058,1,0,33
1462.125,0,3061.0198974609375,0,0.1220703125,-3061.0198974609375,0,0.006762694303665398,0.1,0.0058,1,0,33
1462.25,0,3061.0084533691406,0,-0.091552734375,-3061.0084533691406,0,0.0067640004987730706,0.1,0.006,1,0,33
1462.375,0,3061.0084533691406,0,0,-3061.0084533691406,0,0.00676399714675853,0.1,0.0056,1,0,33
1462.5,0,3061.0084533691406,0,0,-3061.0084533691406,0,0.0067639938572809921,0.1,0.0072,1,0,33
1462.625,0,3061.0084533691406,0,0,-3061.0084533691406,0,0.0067639906291737384,0.1,0.0068,1,0,33
1462.75,0,3061.0122680664062,0,0.030517578125,-3061.0122680664062,0,0.0067635569008528823,0.1,0.0062,1,0,33
1462.875,0,3061.004638671875,0,-0.06103515625,-3061.004638671875,0,0.00676442077795994,0.1,0.0074,1,0,33
1463,0,3061.004638671875,0,0,-3061.004638671875,0,0.0067644117527485836,0.1,0.0064,1,0,33
1463.125,0,3061.0122680664062,0,0.06103515625,-3061.0122680664062,0,0.0067635417750386423,0.1,0.0074,1,0,33
1463.25,0,3061.0084533691406,0,-0.030517578125,-3061.0084533691406,0,0.0067639753739021924,0.1,0.0054,1,0,33
1463.375,0,3061.004638671875,0,-0.030517578125,-3061.004638671875,0,0.0067644030510698033,0.1,0.006,1,0,33
1463.5,0,3061.0084533691406,0,0.030517578125,-3061.0084533691406,0,0.0067639637961420251,0.1,0.007,1,0,33
1463.625,0,3061.0084533691406,0,0,-3061.0084533691406,0,0.0067639611288717039,0.1,0.0064,1,0,33
1463.75,0,3061.0084533691406,0,0,-3061.0084533691406,0,0.0067639585113634243,0.1,0.007,1,0,33
1463.875,0,3061.004638671875,0,-0.030517578125,-3061.004638671875,0,0.0067643865031277173,0.1,0.0062,1,0,33
1464,0,3061.0122680664062,0,0.06103515625,-3061.0122680664062,0,0.0067635169964884168,0.1,0.0056,1,0,33
1464.125,0,3061.004638671875,0,-0.06103515625,-3061.004638671875,0,0.0067643816180729677,0.1,0.006,1,0,33
1464.25,0,3061.004638671875,0,0,-3061.004638671875,0,0.0067643733234497294,0.1,0.0066,1,0,33
1464.375,0,3061.0084533691406,0,0.030517578125,-3061.0084533691406,0,0.0067639346231365693,0.1,0.0062,1,0,33
1464.5,0,3061.0122680664062,0,0.030517578125,-3061.0122680664062,0,0.0067635019396947715,0.1,0.006,1,0,33
1464.625,0,3061.0122680664062,0,0,-3061.0122680664062,0,0.00676350572130921,0.1,0.0058,1,0,33
1464.75,0,3061.0084533691406,0,-0.030517578125,-3061.0084533691406,0,0.0067639399928107191,0.1,0.007,1,0,33
1464.875,0,3061.0084533691406,0,0,-3061.0084533691406,0,0.0067639377696282754,0.1,0.0072,1,0,33
1465,0,3061.0084533691406,0,0,-3061.0084533691406,0,0.0067639355879227231,0.1,0.0058,1,0,33
1465.125,0,3061.0122680664062,0,0.030517578125,-3061.0122680664062,0,0.0067635028864813512,0.1,0.0068,1,0,33
1465.25,0,3061.0084533691406,0,-0.030517578125,-3061.0084533691406,0,0.0067639372108709434,0.1,0.0062,1,0,33
1465.375,0,3061.004638671875,0,-0.030517578125,-3061.004638671875,0,0.006764365600028785,0.1,0.0054,1,0,33
1465.5,0,3061.0084533691406,0,0.030517578125,-3061.0084533691406,0,0.006763927043807974,0.1,0.0056,1,0,33
1465.625,0,3061.0084533691406,0,0,-3061.0084533691406,0,0.0067639250622091585,0.1,0.0068,1,0,33
1465.75,0,3061.0084533691406,0,0,-3061.0084533691406,0,0.0067639231175801312,0.1,0.0064,1,0,33
1465.875,0,3061.004638671875,0,-0.030517578125,-3061.004638671875,0,0.0067643517696700656,0.1,0.0062,1,0,33
1466,0,3061.0084533691406,0,0.030517578125,-3061.0084533691406,0,0.006763913471475938,0.1,0.0062,1,0,33
1466.125,0,3061.0122680664062,0,0.030517578125,-3061.0122680664062,0,0.0067634811826510072,0.1,0.007,1,0,33
1466.25,0,3061.0084533691406,0,-0.030517578125,-3061.0084533691406,0,0.0067639159119590453,0.1,0.0066,1,0,33
1466.375,0,3061.0122680664062,0,0.030517578125,-3061.0122680664062,0,0.0067634835776031327,0.1,0.0062,1,0,33
1466.5,0,3061.0084533691406,0,-0.030517578125,-3061.0084533691406,0,0.0067639182622296484,0.1,0.0056,1,0,33
1466.625,0,3061.004638671875,0,-0.030517578125,-3061.004638671875,0,0.0067643470049036369,0.1,0.0064,1,0,33
1466.75,0,3061.0122680664062,0,0.06103515625,-3061.0122680664062,0,0.006763478235164655,0.1,0.0066,1,0,33
1466.875,0,3061.004638671875,0,-0.06103515625,-3061.004638671875,0,0.0067643435799015217,0.1,0.0064,1,0,33
1467,0,3061.0122680664062,0,0.06103515625,-3061.0122680664062,0,0.0067634748740612455,0.1,0.007,1,0,33
1467.125,0,3061.0122680664062,0,0,-3061.0122680664062,0,0.006763479160626848,0.1,0.0056,1,0,33
1467.25,0,3061.0084533691406,0,-0.030517578125,-3061.0084533691406,0,0.0067639139276588767,0.1,0.0062,1,0,33
1467.375,0,3061.0122680664062,0,0.030517578125,-3061.0122680664062,0,0.0067634816303231426,0.1,0.006,1,0,33
1467.5,0,3061.004638671875,0,-0.06103515625,-3061.004638671875,0,0.0067643469117180804,0.1,0.0058,1,0,33
1467.625,0,3061.0122680664062,0,0.06103515625,-3061.0122680664062,0,0.0067634781437176245,0.1,0.007,1,0,33
1467.75,0,3061.0160827636719,0,0.030517578125,-3061.0160827636719,0,0.0067630518088438313,0.1,0.0062,1,0,33
1467.875,0,3061.0084533691406,0,-0.06103515625,-3061.0084533691406,0,0.0067639229414617752,0.1,0.007,1,0,33
1468,0,3061.0084533691406,0,0,-3061.0084533691406,0,0.0067639210363985569,0.1,0.0068,1,0,33
1468.125,0,3061.0122680664062,0,0.030517578125,-3061.0122680664062,0,0.0067634886064383143,0.1,0.0074,1,0,33
1468.25,0,3061.0122680664062,0,0,-3061.0122680664062,0,0.0067634926368052295,0.1,0.0064,1,0,33
1468.375,0,3061.0122680664062,0,0,-3061.0122680664062,0,0.0067634965919794315,0.1,0.0066,1,0,33
1468.5,0,3061.0084533691406,0,-0.030517578125,-3061.0084533691406,0,0.00676393103380267,0.1,0.0074,1,0,33
1468.625,0,3061.0084533691406,0,0,-3061.0084533691406,0,0.0067639289777643441,0.1,0.0064,1,0,33
1468.75,0,3061.0122680664062,0,0.030517578125,-3061.0122680664062,0,0.0067634963996456715,0.1,0.006,1,0,33
1468.875,0,3061.0122680664062,0,0,-3061.0122680664062,0,0.006763500284618279,0.1,0.0064,1,0,33
1469,0,3061.0084533691406,0,-0.030517578125,-3061.0084533691406,0,0.006763934657549639,0.1,0.006,1,0,33
1469.125,0,3061.0122680664062,0,0.030517578125,-3061.0122680664062,0,0.0067635019734658131,0.1,0.0064,1,0,33
1469.25,0,3061.004638671875,0,-0.06103515625,-3061.004638671875,0,0.00676436687532804,0.1,0.0062,1,0,33
1469.375,0,3061.0084533691406,0,0.030517578125,-3061.0084533691406,0,0.006763928295314553,0.1,0.007,1,0,33
1469.5,0,3061.0122680664062,0,0.030517578125,-3061.0122680664062,0,0.0067634957299280429,0.1,0.0064,1,0,33
1469.625,0,3061.0084533691406,0,-0.030517578125,-3061.0084533691406,0,0.00676393018783418,0.1,0.0056,1,0,33
1469.75,0,3061.0084533691406,0,0,-3061.0084533691406,0,0.0067639281475787016,0.1,0.0068,1,0,33
1469.875,0,3061.0122680664062,0,0.030517578125,-3061.0122680664062,0,0.0067634955849484313,0.1,0.0062,1,0,33
1470,0,3061.0160827636719,0,0.030517578125,-3061.0160827636719,0,0.0067630689246815645,0.1,0.0056,1,0,33
1470.125,0,3061.0084533691406,0,-0.06103515625,-3061.0084533691406,0,0.0067639397379771482,0.1,0.0072,1,0,33
1470.25,0,3061.0122680664062,0,0.030517578125,-3061.0122680664062,0,0.0067635069591100994,0.1,0.0064,1,0,33
1470.375,0,3061.004638671875,0,-0.06103515625,-3061.004638671875,0,0.0067643717679574389,0.1,0.006,1,0,33
1470.5,0,3061.0084533691406,0,0.030517578125,-3061.0084533691406,0,0.0067639330966643985,0.1,0.0062,1,0,33
1470.625,0,3061.0084533691406,0,0,-3061.0084533691406,0,0.0067639310021402055,0.1,0.0062,1,0,33
1470.75,0,3061.0122680664062,0,0.030517578125,-3061.0122680664062,0,0.0067634983862536746,0.1,0.0062,1,0,33
1470.875,0,3061.0084533691406,0,-0.030517578125,-3061.0084533691406,0,0.006763932794601954,0.1,0.0054,1,0,33
1471,0,3061.0122680664062,0,0.030517578125,-3061.0122680664062,0,0.0067635001452742843,0.1,0.0058,1,0,33
1471.125,0,3061.0084533691406,0,-0.030517578125,-3061.0084533691406,0,0.0067639345208053286,0.1,0.007,1,0,33
1471.25,0,3061.004638671875,0,-0.030517578125,-3061.004638671875,0,0.0067643629601504968,0.1,0.0066,1,0,33
1471.375,0,3061.0122680664062,0,0.06103515625,-3061.0122680664062,0,0.0067634938927417648,0.1,0.0062,1,0,33
1471.5,0,3061.004638671875,0,-0.06103515625,-3061.004638671875,0,0.0067643589453623559,0.1,0.0064,1,0,33
1471.625,0,3061.0160827636719,0,0.091552734375,-3061.0160827636719,0,0.0067630593924167814,0.1,0.0068,1,0,33
1471.75,0,3061.0084533691406,0,-0.06103515625,-3061.0084533691406,0,0.00676393038355147,0.1,0.0064,1,0,33
1471.875,0,3061.0084533691406,0,0,-3061.0084533691406,0,0.0067639283396445787,0.1,0.0064,1,0,33
1472,0,3061.0084533691406,0,0,-3061.0084533691406,0,0.0067639263338699351,0.1,0.0066,1,0,33
1472.125,0,3061.004638671875,0,-0.030517578125,-3061.004638671875,0,0.0067643549259550212,0.1,0.0064,1,0,33
1472.25,0,3061.0084533691406,0,0.030517578125,-3061.0084533691406,0,0.0067639165688755248,0.1,0.006,1,0,33
1472.375,0,3061.0122680664062,0,0.030517578125,-3061.0122680664062,0,0.0067634842222638186,0.1,0.0062,1,0,33
1472.5,0,3061.0084533691406,0,-0.030517578125,-3061.0084533691406,0,0.0067639188948631912,0.1,0.0068,1,0,33
1472.625,0,3061.0084533691406,0,0,-3061.0084533691406,0,0.0067639170652955133,0.1,0.0068,1,0,33
1472.75,0,3061.004638671875,0,-0.030517578125,-3061.004638671875,0,0.006764345830300153,0.1,0.0058,1,0,33
1472.875,0,3061.0084533691406,0,0.030517578125,-3061.0084533691406,0,0.0067639076429141243,0.1,0.0068,1,0,33
1473,0,3061.0084533691406,0,0,-3061.0084533691406,0,0.0067639060232689147,0.1,0.006,1,0,33
1473.125,0,3061.0122680664062,0,0.030517578125,-3061.0122680664062,0,0.0067634738734017735,0.1,0.0056,1,0,33
1473.25,0,3061.0084533691406,0,-0.030517578125,-3061.0084533691406,0,0.0067639087390751335,0.1,0.0058,1,0,33
1473.375,0,3061.0122680664062,0,0.030517578125,-3061.0122680664062,0,0.0067634765385404388,0.1,0.0058,1,0,33
1473.5,0,3061.0122680664062,0,0,-3061.0122680664062,0,0.0067634807940526176,0.1,0.0062,1,0,33
1473.625,0,3061.0160827636719,0,0.030517578125,-3061.0160827636719,0,0.0067630544097327383,0.1,0.0062,1,0,33
1473.75,0,3061.0084533691406,0,-0.06103515625,-3061.0084533691406,0,0.0067639254938270943,0.1,0.007,1,0,33
1473.875,0,3061.004638671875,0,-0.030517578125,-3061.004638671875,0,0.0067643541015844771,0.1,0.0076,1,0,33
1474,0,3061.0084533691406,0,0.030517578125,-3061.0084533691406,0,0.0067639157598848865,0.1,0.0064,1,0,33
1474.125,0,3061.004638671875,0,-0.030517578125,-3061.004638671875,0,0.0067643445492439752,0.1,0.0062,1,0,33
1474.25,0,3061.0084533691406,0,0.030517578125,-3061.0084533691406,0,0.0067639063857580367,0.1,0.0068,1,0,33
1474.375,0,3061.0084533691406,0,0,-3061.0084533691406,0,0.006763904789567024,0.1,0.0058,1,0,33
1474.5,0,3061.0084533691406,0,0,-3061.0084533691406,0,0.0067639032231554125,0.1,0.0066,1,0,33
1474.625,0,3061.0084533691406,0,0,-3061.0084533691406,0,0.0067639016859676326,0.1,0.0064,1,0,33
1474.75,0,3061.004638671875,0,-0.030517578125,-3061.004638671875,0,0.0067643307378973672,0.1,0.0058,1,0,33
1474.875,0,3061.004638671875,0,0,-3061.004638671875,0,0.0067643233925223228,0.1,0.0068,1,0,33
1475,0,3061.0122680664062,0,0.06103515625,-3061.0122680664062,0,0.0067634550633087626,0.1,0.0072,1,0,33
1475.125,0,3061.0122680664062,0,0,-3061.0122680664062,0,0.0067634597194745211,0.1,0.0072,1,0,33
1475.25,0,3061.004638671875,0,-0.06103515625,-3061.004638671875,0,0.0067643254096501487,0.1,0.0062,1,0,33
1475.375,0,3061.0160827636719,0,0.091552734375,-3061.0160827636719,0,0.0067630264823650421,0.1,0.0064,1,0,33
1475.5,0,3061.0160827636719,0,0,-3061.0160827636719,0,0.006763036966609709,0.1,0.0062,1,0,33
1475.625,0,3061.0084533691406,0,-0.06103515625,-3061.0084533691406,0,0.00676390837613243,0.1,0.006,1,0,33
1475.75,0,3061.0084533691406,0,0,-3061.0084533691406,0,0.0067639067428079125,0.1,0.0062,1,0,33
1475.875,0,3061.0084533691406,0,0,-3061.0084533691406,0,0.0067639051399555755,0.1,0.0072,1,0,33
1476,0,3061.0122680664062,0,0.030517578125,-3061.0122680664062,0,0.006763473006568016,0.1,0.0056,1,0,33
1476.125,0,3061.004638671875,0,-0.06103515625,-3061.004638671875,0,0.0067643384488524083,0.1,0.006,1,0,33
1476.25,0,3061.0084533691406,0,0.030517578125,-3061.0084533691406,0,0.0067639003991786795,0.1,0.0056,1,0,33
1476.375,0,3061.0084533691406,0,0,-3061.0084533691406,0,0.0067638989146765333,0.1,0.006,1,0,33
1476.5,0,3061.0084533691406,0,0,-3061.0084533691406,0,0.0067638974578700661,0.1,0.006,1,0,33
1476.625,0,3061.0084533691406,0,0,-3061.0084533691406,0,0.00676389602824258,0.1,0.007,1,0,33
1476.75,0,3061.0122680664062,0,0.030517578125,-3061.0122680664062,0,0.006763464064848082,0.1,0.0064,1,0,33
1476.875,0,3061.0122680664062,0,0,-3061.0122680664062,0,0.0067634685530762323,0.1,0.007,1,0,33
1477,0,3061.0122680664062,0,0,-3061.0122680664062,0,0.0067634729575695718,0.1,0.0062,1,0,33
1477.125,0,3061.004638671875,0,-0.06103515625,-3061.004638671875,0,0.0067643384007681079,0.1,0.006,1,0,33
1477.25,0,3061.004638671875,0,0,-3061.004638671875,0,0.00676433091243038,0.1,0.007,1,0,33
1477.375,0,3061.0084533691406,0,0.030517578125,-3061.0084533691406,0,0.0067638930033602357,0.1,0.006,1,0,33
1477.5,0,3061.0084533691406,0,0,-3061.0084533691406,0,0.0067638916568384944,0.1,0.0062,1,0,33
1477.625,0,3061.0122680664062,0,0.030517578125,-3061.0122680664062,0,0.0067634597749992864,0.1,0.0076,1,0,33
1477.75,0,3061.0084533691406,0,-0.030517578125,-3061.0084533691406,0,0.0067638949037001073,0.1,0.0058,1,0,33
1477.875,0,3061.0084533691406,0,0,-3061.0084533691406,0,0.006763893521724601,0.1,0.0064,1,0,33
1478,0,3061.0084533691406,0,0,-3061.0084533691406,0,0.0067638921655319845,0.1,0.0074,1,0,33
1478.125,0,3061.004638671875,0,-0.030517578125,-3061.004638671875,0,0.006764321395080139,0.1,0.0068,1,0,33
1478.25,0,3061.0084533691406,0,0.030517578125,-3061.0084533691406,0,0.0067638836635708494,0.1,0.0062,1,0,33
1478.375,0,3061.0122680664062,0,0.030517578125,-3061.0122680664062,0,0.00676345193085838,0.1,0.0062,1,0,33
1478.5,0,3061.0122680664062,0,0,-3061.0122680664062,0,0.0067634566454648354,0.1,0.006,1,0,33
1478.625,0,3061.0084533691406,0,-0.030517578125,-3061.0084533691406,0,0.006763891832551952,0.1,0.0068,1,0,33
1478.75,0,3061.0084533691406,0,0,-3061.0084533691406,0,0.0067638905078734463,0.1,0.0054,1,0,33
1478.875,0,3061.0122680664062,0,0.030517578125,-3061.0122680664062,0,0.0067634586474699526,0.1,0.0062,1,0,33
1479,0,3061.0160827636719,0,0.030517578125,-3061.0160827636719,0,0.0067630326763287452,0.1,0.0068,1,0,33
1479.125,0,3061.0122680664062,0,-0.030517578125,-3061.0122680664062,0,0.0067634736054543732,0.1,0.0054,1,0,33
1479.25,0,3061.0084533691406,0,-0.030517578125,-3061.0084533691406,0,0.0067639084761267065,0.1,0.007,1,0,33
1479.375,0,3061.0122680664062,0,0.030517578125,-3061.0122680664062,0,0.0067634762804977266,0.1,0.005,1,0,33
1479.5,0,3061.0084533691406,0,-0.030517578125,-3061.0084533691406,0,0.0067639111012629954,0.1,0.0054,1,0,33
1479.625,0,3061.0084533691406,0,0,-3061.0084533691406,0,0.0067639094170969527,0.1,0.0058,1,0,33
1479.75,0,3061.0122680664062,0,0.030517578125,-3061.0122680664062,0,0.0067634772039127239,0.1,0.0064,1,0,33
1479.875,0,3061.0084533691406,0,-0.030517578125,-3061.0084533691406,0,0.0067639120074502734,0.1,0.006,1,0,33
1480,0,3061.004638671875,0,-0.030517578125,-3061.004638671875,0,0.00676434086681682,0.1,0.0062,1,0,33
1480.125,0,3061.004638671875,0,0,-3061.004638671875,0,0.0067643333324711591,0.1,0.0052,1,0,33
1480.25,0,3061.0084533691406,0,0.030517578125,-3061.0084533691406,0,0.0067638953782514222,0.1,0.0062,1,0,33
1480.375,0,3061.0084533691406,0,0,-3061.0084533691406,0,0.0067638939874224285,0.1,0.0068,1,0,33
1480.5,0,3061.0122680664062,0,0.030517578125,-3061.0122680664062,0,0.0067634620621025848,0.1,0.007,1,0,33
1480.625,0,3061.004638671875,0,-0.06103515625,-3061.004638671875,0,0.0067643277085728815,0.1,0.0058,1,0,33
1480.75,0,3061.004638671875,0,0,-3061.004638671875,0,0.006764320419714559,0.1,0.0066,1,0,33
1480.875,0,3061.0084533691406,0,0.030517578125,-3061.0084533691406,0,0.0067638827064022272,0.1,0.0066,1,0,33
1481,0,3061.004638671875,0,-0.030517578125,-3061.004638671875,0,0.00676431211242505,0.1,0.0076,1,0,33
1481.125,0,3061.0160827636719,0,0.091552734375,-3061.0160827636719,0,0.0067630134332201941,0.1,0.0064,1,0,33
1481.25,0,3061.0084533691406,0,-0.06103515625,-3061.0084533691406,0,0.0067638852817946127,0.1,0.006,1,0,33
1481.375,0,3061.004638671875,0,-0.030517578125,-3061.004638671875,0,0.0067643146397695086,0.1,0.0072,1,0,33
1481.5,0,3061.004638671875,0,0,-3061.004638671875,0,0.0067643075947298736,0.1,0.0072,1,0,33
1481.625,0,3061.0122680664062,0,0.06103515625,-3061.0122680664062,0,0.00676343956024851,0.1,0.006,1,0,33
1481.75,0,3061.004638671875,0,-0.06103515625,-3061.004638671875,0,0.0067643056265256074,0.1,0.0068,1,0,33
1481.875,0,3061.0084533691406,0,0.030517578125,-3061.0084533691406,0,0.0067638681892030345,0.1,0.0078,1,0,33
1482,0,3061.0084533691406,0,0,-3061.0084533691406,0,0.0067638673056276966,0.1,0.0066,1,0,33
1482.125,0,3061.0084533691406,0,0,-3061.0084533691406,0,0.0067638664385368114,0.1,0.0056,1,0,33
1482.25,0,3061.0122680664062,0,0.030517578125,-3061.0122680664062,0,0.0067634350271839339,0.1,0.0056,1,0,33
1482.375,0,3061.004638671875,0,-0.06103515625,-3061.004638671875,0,0.0067643011780323531,0.1,0.0064,1,0,33
1482.5,0,3061.0084533691406,0,0.030517578125,-3061.0084533691406,0,0.006763863823703295,0.1,0.0062,1,0,33
1482.625,0,3061.004638671875,0,-0.030517578125,-3061.004638671875,0,0.0067642935820119987,0.1,0.0058,1,0,33
1482.75,0,3061.0084533691406,0,0.030517578125,-3061.0084533691406,0,0.0067638563693984133,0.1,0.0068,1,0,33
1482.875,0,3061.0084533691406,0,0,-3061.0084533691406,0,0.0067638557063397636,0.1,0.006,1,0,33
1483,0,3061.004638671875,0,-0.030517578125,-3061.004638671875,0,0.00676428561609041,0.1,0.0066,1,0,33
1483.125,0,3061.0084533691406,0,0.030517578125,-3061.0084533691406,0,0.0067638485520933878,0.1,0.0068,1,0,33
1483.25,0,3061.0084533691406,0,0,-3061.0084533691406,0,0.0067638480348786306,0.1,0.0068,1,0,33
1483.375,0,3061.0122680664062,0,0.030517578125,-3061.0122680664062,0,0.0067634169668743943,0.1,0.0066,1,0,33
1483.5,0,3061.0084533691406,0,-0.030517578125,-3061.0084533691406,0,0.0067638528942268461,0.1,0.0062,1,0,33
1483.625,0,3061.0008239746094,0,-0.06103515625,-3061.0008239746094,0,0.006764713416880716,0.1,0.0062,1,0,33
1483.75,0,3061.0122680664062,0,0.091552734375,-3061.0122680664062,0,0.0067634094184819971,0.1,0.0062,1,0,33
1483.875,0,3061.0084533691406,0,-0.030517578125,-3061.0084533691406,0,0.0067638454866613545,0.1,0.007,1,0,33
1484,0,3061.004638671875,0,-0.030517578125,-3061.004638671875,0,0.0067642755870758742,0.1,0.0058,1,0,33
1484.125,0,3061.0084533691406,0,0.030517578125,-3061.0084533691406,0,0.006763838710185599,0.1,0.0076,1,0,33
1484.25,0,3061.0084533691406,0,0,-3061.0084533691406,0,0.0067638383765868254,0.1,0.0058,1,0,33
1484.375,0,3061.0122680664062,0,0.030517578125,-3061.0122680664062,0,0.0067634074887729378,0.1,0.0064,1,0,33
1484.5,0,3061.0084533691406,0,-0.030517578125,-3061.0084533691406,0,0.006763843592953997,0.1,0.0062,1,0,33
1484.625,0,3061.004638671875,0,-0.030517578125,-3061.004638671875,0,0.0067642737286985472,0.1,0.0064,1,0,33
1484.75,0,3061.0122680664062,0,0.06103515625,-3061.0122680664062,0,0.00676340632604025,0.1,0.0064,1,0,33
1484.875,0,3061.0084533691406,0,-0.030517578125,-3061.0084533691406,0,0.0067638424519138735,0.1,0.0056,1,0,33
1485,0,3061.0122680664062,0,0.030517578125,-3061.0122680664062,0,0.0067634114880684715,0.1,0.0062,1,0,33
1485.125,0,3061.004638671875,0,-0.06103515625,-3061.004638671875,0,0.0067642780780754058,0.1,0.0072,1,0,33
1485.25,0,3061.0084533691406,0,0.030517578125,-3061.0084533691406,0,0.0067638411547116944,0.1,0.0074,1,0,33
1485.375,0,3061.0160827636719,0,0.06103515625,-3061.0160827636719,0,0.0067629796546286869,0.1,0.0066,1,0,33
1485.5,0,3061.0198974609375,0,0.030517578125,-3061.0198974609375,0,0.00676256045207807,0.1,0.0062,1,0,33
1485.625,0,3061.0122680664062,0,-0.06103515625,-3061.0122680664062,0,0.0067634385839547423,0.1,0.006,1,0,33
1485.75,0,3061.0084533691406,0,-0.030517578125,-3061.0084533691406,0,0.0067638741080072035,0.1,0.006,1,0,33
1485.875,0,3061.0084533691406,0,0,-3061.0084533691406,0,0.0067638731140074321,0.1,0.007,1,0,33
1486,0,3061.0084533691406,0,0,-3061.0084533691406,0,0.006763872138552271,0.1,0.0066,1,0,33
1486.125,0,3061.004638671875,0,-0.030517578125,-3061.004638671875,0,0.0067643017417346463,0.1,0.006,1,0,33
1486.25,0,3061.0122680664062,0,0.06103515625,-3061.0122680664062,0,0.0067634338164499347,0.1,0.007,1,0,33
1486.375,0,3061.0122680664062,0,0,-3061.0122680664062,0,0.0067634388690086394,0.1,0.0058,1,0,33
1486.5,0,3061.0122680664062,0,0,-3061.0122680664062,0,0.0067634438273040665,0.1,0.0054,1,0,33
1486.625,0,3061.0084533691406,0,-0.030517578125,-3061.0084533691406,0,0.00676387925353375,0.1,0.0072,1,0,33
1486.75,0,3061.0160827636719,0,0.06103515625,-3061.0160827636719,0,0.0067630170426584146,0.1,0.0072,1,0,33
1486.875,0,3061.0122680664062,0,-0.030517578125,-3061.0122680664062,0,0.0067634582634542861,0.1,0.006,1,0,33
1487,0,3061.0160827636719,0,0.030517578125,-3061.0160827636719,0,0.0067630322994774866,0.1,0.006,1,0,33
1487.125,0,3061.0084533691406,0,-0.06103515625,-3061.0084533691406,0,0.0067639037960727649,0.1,0.007,1,0,33
1487.25,0,3061.0084533691406,0,0,-3061.0084533691406,0,0.0067639022481963268,0.1,0.0052,1,0,33
1487.375,0,3061.0122680664062,0,0.030517578125,-3061.0122680664062,0,0.006763470168759,0.1,0.0058,1,0,33
1487.5,0,3061.004638671875,0,-0.06103515625,-3061.004638671875,0,0.0067643356639871116,0.1,0.0062,1,0,33
1487.625,0,3061.0084533691406,0,0.030517578125,-3061.0084533691406,0,0.00676389766626935,0.1,0.007,1,0,33
1487.75,0,3061.004638671875,0,-0.030517578125,-3061.004638671875,0,0.0067643267931927625,0.1,0.0066,1,0,33
1487.875,0,3061.0122680664062,0,0.06103515625,-3061.0122680664062,0,0.0067634584005344389,0.1,0.0064,1,0,33
1488,0,3061.0084533691406,0,-0.030517578125,-3061.0084533691406,0,0.0067638935548780255,0.1,0.0068,1,0,33
1488.125,0,3061.0084533691406,0,0,-3061.0084533691406,0,0.0067638921980668759,0.1,0.0062,1,0,33
1488.25,0,3061.0122680664062,0,0.030517578125,-3061.0122680664062,0,0.0067634603061302173,0.1,0.0066,1,0,33
1488.375,0,3061.0122680664062,0,0,-3061.0122680664062,0,0.0067634648644830514,0.1,0.0062,1,0,33
1488.5,0,3061.0122680664062,0,0,-3061.0122680664062,0,0.0067634693377927879,0.1,0.006,1,0,33
1488.625,0,3061.0122680664062,0,0,-3061.0122680664062,0,0.0067634737276460188,0.1,0.0068,1,0,33
1488.75,0,3061.0160827636719,0,0.030517578125,-3061.0160827636719,0,0.0067630474751608494,0.1,0.0054,1,0,33
1488.875,0,3061.004638671875,0,-0.091552734375,-3061.004638671875,0,0.0067643492490692542,0.1,0.0068,1,0,33
1489,0,3061.0084533691406,0,0.030517578125,-3061.0084533691406,0,0.0067639109979008155,0.1,0.0068,1,0,33
1489.125,0,3061.0084533691406,0,0,-3061.0084533691406,0,0.0067639093156631608,0.1,0.0062,1,0,33
1489.25,0,3061.004638671875,0,-0.030517578125,-3061.004638671875,0,0.0067643382252491613,0.1,0.007,1,0,33
1489.375,0,3061.0122680664062,0,0.06103515625,-3061.0122680664062,0,0.0067634696193081822,0.1,0.0062,1,0,33
1489.5,0,3061.0084533691406,0,-0.030517578125,-3061.0084533691406,0,0.0067639045643482221,0.1,0.0066,1,0,33
1489.625,0,3061.004638671875,0,-0.030517578125,-3061.004638671875,0,0.0067643335625773293,0.1,0.0062,1,0,33
1489.75,0,3061.004638671875,0,0,-3061.004638671875,0,0.006764326164503523,0.1,0.0052,1,0,33
1489.875,0,3061.0084533691406,0,0.030517578125,-3061.0084533691406,0,0.0067638883440132858,0.1,0.0066,1,0,33
1490,0,3061.0084533691406,0,0,-3061.0084533691406,0,0.006763887084418857,0.1,0.0066,1,0,33
1490.125,0,3061.0084533691406,0,0,-3061.0084533691406,0,0.0067638858483241027,0.1,0.006,1,0,33
1490.25,0,3061.0122680664062,0,0.030517578125,-3061.0122680664062,0,0.0067634540748516964,0.1,0.0054,1,0,33
1490.375,0,3061.0122680664062,0,0,-3061.0122680664062,0,0.0067634587494586479,0.1,0.0068,1,0,33
1490.5,0,3061.0084533691406,0,-0.030517578125,-3061.0084533691406,0,0.0067638938972925111,0.1,0.007,1,0,33
1490.625,0,3061.0008239746094,0,-0.06103515625,-3061.0008239746094,0,0.0067647536549709231,0.1,0.007,1,0,33
1490.75,0,3061.0084533691406,0,0.06103515625,-3061.0084533691406,0,0.0067638794663074514,0.1,0.0066,1,0,33
1490.875,0,3061.0122680664062,0,0.030517578125,-3061.0122680664062,0,0.006763447811901413,0.1,0.0064,1,0,33
1491,0,3061.0084533691406,0,-0.030517578125,-3061.0084533691406,0,0.0067638831637922836,0.1,0.006,1,0,33
1491.125,0,3061.0122680664062,0,0.030517578125,-3061.0122680664062,0,0.006763451440403967,0.1,0.0062,1,0,33
1491.25,0,3061.0084533691406,0,-0.030517578125,-3061.0084533691406,0,0.00676388672459953,0.1,0.0056,1,0,33
1491.375,0,3061.0084533691406,0,0,-3061.0084533691406,0,0.0067638854952177668,0.1,0.0062,1,0,33
1491.5,0,3061.0122680664062,0,0.030517578125,-3061.0122680664062,0,0.0067634537283331048,0.1,0.0066,1,0,33
1491.625,0,3061.0160827636719,0,0.030517578125,-3061.0160827636719,0,0.0067630278489659856,0.1,0.006,1,0,33
1491.75,0,3061.0122680664062,0,-0.030517578125,-3061.0122680664062,0,0.006763468868153516,0.1,0.0058,1,0,33
1491.875,0,3061.0084533691406,0,-0.030517578125,-3061.0084533691406,0,0.0067639038272075125,0.1,0.0058,1,0,33
1492,0,3061.004638671875,0,-0.030517578125,-3061.004638671875,0,0.0067643328391891189,0.1,0.0064,1,0,33
1492.125,0,3061.0084533691406,0,0.030517578125,-3061.0084533691406,0,0.0067638948941723259,0.1,0.0072,1,0,33
1492.25,0,3061.0122680664062,0,0.030517578125,-3061.0122680664062,0,0.006763462951935667,0.1,0.0064,1,0,33
1492.375,0,3061.0160827636719,0,0.030517578125,-3061.0160827636719,0,0.0067630369004880037,0.1,0.0064,1,0,33
1492.5,0,3061.0122680664062,0,-0.030517578125,-3061.0122680664062,0,0.0067634777508054217,0.1,0.0058,1,0,33
1492.625,0,3061.0084533691406,0,-0.030517578125,-3061.0084533691406,0,0.0067639125441398412,0.1,0.0062,1,0,33
1492.75,0,3061.0084533691406,0,0,-3061.0084533691406,0,0.0067639108330547065,0.1,0.0058,1,0,33
1492.875,0,3061.0084533691406,0,0,-3061.0084533691406,0,0.0067639091538925084,0.1,0.0056,1,0,33
1493,0,3061.0084533691406,0,0,-3061.0084533691406,0,0.0067639075060576676,0.1,0.006,1,0,33
1493.125,0,3061.0122680664062,0,0.030517578125,-3061.0122680664062,0,0.0067634753285268218,0.1,0.0062,1,0,33
1493.25,0,3061.0122680664062,0,0,-3061.0122680664062,0,0.0067634796066136649,0.1,0.005,1,0,33
1493.375,0,3061.0084533691406,0,-0.030517578125,-3061.0084533691406,0,0.0067639143653251133,0.1,0.0052,1,0,33
1493.5,0,3061.004638671875,0,-0.030517578125,-3061.004638671875,0,0.0067643431807018761,0.1,0.0072,1,0,33
1493.625,0,3061.0122680664062,0,0.06103515625,-3061.0122680664062,0,0.0067634744823092813,0.1,0.0058,1,0,33
1493.75,0,3061.004638671875,0,-0.06103515625,-3061.004638671875,0,0.0067643398970614471,0.1,0.0068,1,0,33
1493.875,0,3061.0160827636719,0,0.091552734375,-3061.0160827636719,0,0.0067630406994913239,0.1,0.006,1,0,33
1494,0,3061.0084533691406,0,-0.06103515625,-3061.0084533691406,0,0.0067639120393713781,0.1,0.0074,1,0,33
1494.125,0,3061.0122680664062,0,0.030517578125,-3061.0122680664062,0,0.0067634797772645611,0.1,0.0064,1,0,33
1494.25,0,3061.0122680664062,0,0,-3061.0122680664062,0,0.0067634839723533374,0.1,0.005,1,0,33
1494.375,0,3061.0084533691406,0,-0.030517578125,-3061.0084533691406,0,0.0067639186496151749,0.1,0.0062,1,0,33
1494.5,0,3061.0122680664062,0,0.030517578125,-3061.0122680664062,0,0.0067634862641840626,0.1,0.0062,1,0,33
1494.625,0,3061.0160827636719,0,0.030517578125,-3061.0160827636719,0,0.0067630597778104429,0.1,0.0066,1,0,33
1494.75,0,3061.0122680664062,0,-0.030517578125,-3061.0122680664062,0,0.0067635002013161083,0.1,0.0066,1,0,33
1494.875,0,3061.0160827636719,0,0.030517578125,-3061.0160827636719,0,0.0067630734549237737,0.1,0.0066,1,0,33
1495,0,3061.0122680664062,0,-0.030517578125,-3061.0122680664062,0,0.0067635136232617882,0.1,0.0056,1,0,33
1495.125,0,3061.0084533691406,0,-0.030517578125,-3061.0084533691406,0,0.0067639477473401682,0.1,0.006,1,0,33
1495.25,0,3061.0122680664062,0,0.030517578125,-3061.0122680664062,0,0.0067635148190460931,0.1,0.006,1,0,33
1495.375,0,3061.0084533691406,0,-0.030517578125,-3061.0084533691406,0,0.006763948920815277,0.1,0.0068,1,0,33
1495.5,0,3061.0084533691406,0,0,-3061.0084533691406,0,0.0067639465310671276,0.1,0.0062,1,0,33
1495.625,0,3061.0084533691406,0,0,-3061.0084533691406,0,0.0067639441859034255,0.1,0.0066,1,0,33
1495.75,0,3061.0084533691406,0,0,-3061.0084533691406,0,0.0067639418844923638,0.1,0.0072,1,0,33
1495.875,0,3061.0160827636719,0,0.06103515625,-3061.0160827636719,0,0.0067630785051398523,0.1,0.006,1,0,33
1496,0,3061.0122680664062,0,-0.030517578125,-3061.0122680664062,0,0.00676351857925829,0.1,0.0056,1,0,33
1496.125,0,3061.0122680664062,0,0,-3061.0122680664062,0,0.0067635220504359966,0.1,0.0076,1,0,33
1496.25,0,3061.0084533691406,0,-0.030517578125,-3061.0084533691406,0,0.0067639560172924468,0.1,0.0064,1,0,33
1496.375,0,3061.004638671875,0,-0.030517578125,-3061.004638671875,0,0.0067643840555874774,0.1,0.0072,1,0,33
1496.5,0,3061.0084533691406,0,0.030517578125,-3061.0084533691406,0,0.00676394515504973,0.1,0.0066,1,0,33
1496.625,0,3061.0084533691406,0,0,-3061.0084533691406,0,0.0067639428355577569,0.1,0.0068,1,0,33
1496.75,0,3061.0084533691406,0,0,-3061.0084533691406,0,0.0067639405593394736,0.1,0.0066,1,0,33
1496.875,0,3061.0084533691406,0,0,-3061.0084533691406,0,0.006763938325587554,0.1,0.006,1,0,33
1497,0,3061.004638671875,0,-0.030517578125,-3061.004638671875,0,0.0067643666939486424,0.1,0.0066,1,0,33
1497.125,0,3061.004638671875,0,0,-3061.004638671875,0,0.0067643586777579728,0.1,0.0068,1,0,33
1497.25,0,3061.0008239746094,0,-0.030517578125,-3061.0008239746094,0,0.006764781371560627,0.1,0.007,1,0,33
1497.375,0,3061.0008239746094,0,0,-3061.0008239746094,0,0.0067647677866792266,0.1,0.0052,1,0,33
1497.5,0,3061.004638671875,0,0.030517578125,-3061.004638671875,0,0.0067643238948058293,0.1,0.0072,1,0,33
1497.625,0,3061.004638671875,0,0,-3061.004638671875,0,0.0067643166770992164,0.1,0.006,1,0,33
1497.75,0,3061.004638671875,0,0,-3061.004638671875,0,0.0067643095940500553,0.1,0.0066,1,0,33
1497.875,0,3061.004638671875,0,0,-3061.004638671875,0,0.0067643026431461056,0.1,0.0068,1,0,33
1498,0,3061.0084533691406,0,0.030517578125,-3061.0084533691406,0,0.006763865261483093,0.1,0.0066,1,0,33
1498.125,0,3061.0084533691406,0,0,-3061.0084533691406,0,0.0067638644325288821,0.1,0.0072,1,0,33
1498.25,0,3061.0084533691406,0,0,-3061.0084533691406,0,0.0067638636190400919,0.1,0.0054,1,0,33
1498.375,0,3061.004638671875,0,-0.030517578125,-3061.004638671875,0,0.0067642933811671024,0.1,0.0068,1,0,33
1498.5,0,3061.004638671875,0,0,-3061.004638671875,0,0.0067642867327395023,0.1,0.0054,1,0,33
1498.625,0,3061.004638671875,0,0,-3061.004638671875,0,0.0067642802083485859,0.1,0.006,1,0,33
1498.75,0,3061.0160827636719,0,0.091552734375,-3061.0160827636719,0,0.0067629821243635063,0.1,0.007,1,0,33
1498.875,0,3061.0084533691406,0,-0.06103515625,-3061.0084533691406,0,0.0067638545570529729,0.1,0.006,1,0,33
1499,0,3061.0084533691406,0,0,-3061.0084533691406,0,0.0067638539278064291,0.1,0.0056,1,0,33
1499.125,0,3061.0008239746094,0,-0.06103515625,-3061.0008239746094,0,0.0067647144311772794,0.1,0.0056,1,0,33
1499.25,0,3061.0084533691406,0,0.06103515625,-3061.0084533691406,0,0.0067638409742941941,0.1,0.007,1,0,33
1499.375,0,3061.0122680664062,0,0.030517578125,-3061.0122680664062,0,0.00676341003801606,0.1,0.0072,1,0,33
1499.5,0,3061.0122680664062,0,0,-3061.0122680664062,0,0.0067634155341981389,0.1,0.0064,1,0,33
1499.625,0,3061.0084533691406,0,-0.030517578125,-3061.0084533691406,0,0.0067638514882793765,0.1,0.007,1,0,33
1499.75,0,3061.0084533691406,0,0,-3061.0084533691406,0,0.0067638509162855354,0.1,0.0066,1,0,33
1499.875,0,3061.0122680664062,0,0.030517578125,-3061.0122680664062,0,0.0067634197945242169,0.1,0.0068,1,0,33
1500,0,3061.0160827636719,0,0.030517578125,-3061.0160827636719,0,0.0067629945482446663,0.1,0.0062,1,0,33
1500.125,0,3061.0122680664062,0,-0.030517578125,-3061.0122680664062,0,0.0067634361887085326,0.1,0.0052,1,0,33
1500.25,0,3061.0160827636719,0,0.030517578125,-3061.0160827636719,0,0.0067630106365701714,0.1,0.0072,1,0,33
1500.375,0,3061.0084533691406,0,-0.06103515625,-3061.0084533691406,0,0.0067638825373204231,0.1,0.0064,1,0,33
1500.5,0,3061.0084533691406,0,0,-3061.0084533691406,0,0.0067638813860588093,0.1,0.0064,1,0,33
1500.625,0,3061.0122680664062,0,0.030517578125,-3061.0122680664062,0,0.0067634496958368512,0.1,0.0056,1,0,33
1500.75,0,3061.0122680664062,0,0,-3061.0122680664062,0,0.0067634544521410905,0.1,0.0056,1,0,33
1500.875,0,3061.0122680664062,0,0,-3061.0122680664062,0,0.0067634591197091309,0.1,0.006,1,0,33
1501,0,3061.0008239746094,0,-0.091552734375,-3061.0008239746094,0,0.0067647553815132211,0.1,0.006,1,0,33
1501.125,0,3061.004638671875,0,0.030517578125,-3061.004638671875,0,0.0067643117210773457,0.1,0.0064,1,0,33
1501.25,0,3061.004638671875,0,0,-3061.004638671875,0,0.0067643047304904169,0.1,0.007,1,0,33
1501.375,0,3061.004638671875,0,0,-3061.004638671875,0,0.0067642978703236767,0.1,0.0064,1,0,33
1501.5,0,3061.0160827636719,0,0.091552734375,-3061.0160827636719,0,0.0067629994568271928,0.1,0.0062,1,0,33
1501.625,0,3061.0084533691406,0,-0.06103515625,-3061.0084533691406,0,0.0067638715661527959,0.1,0.0062,1,0,33
1501.75,0,3061.004638671875,0,-0.030517578125,-3061.004638671875,0,0.0067643011800141567,0.1,0.0062,1,0,33
1501.875,0,3061.004638671875,0,0,-3061.004638671875,0,0.0067642943860870414,0.1,0.0078,1,0,33
1502,0,3061.0122680664062,0,0.06103515625,-3061.0122680664062,0,0.0067634265980332925,0.1,0.0068,1,0,33
1502.125,0,3061.004638671875,0,-0.06103515625,-3061.004638671875,0,0.0067642929061405288,0.1,0.006,1,0,33
1502.25,0,3061.004638671875,0,0,-3061.004638671875,0,0.006764286266575284,0.1,0.0056,1,0,33
1502.375,0,3061.0084533691406,0,0.030517578125,-3061.0084533691406,0,0.00676384919044247,0.1,0.0072,1,0,33
1502.5,0,3061.0084533691406,0,0,-3061.0084533691406,0,0.0067638486613183224,0.1,0.0068,1,0,33
1502.625,0,3061.0084533691406,0,0,-3061.0084533691406,0,0.0067638481420658064,0.1,0.0064,1,0,33
1502.75,0,3061.004638671875,0,-0.030517578125,-3061.004638671875,0,0.0067642781929396628,0.1,0.0068,1,0,33
1502.875,0,3061.0122680664062,0,0.06103515625,-3061.0122680664062,0,0.006763410706994058,0.1,0.0064,1,0,33
1503,0,3061.0084533691406,0,-0.030517578125,-3061.0084533691406,0,0.0067638467511342282,0.1,0.0064,1,0,33
1503.125,0,3061.004638671875,0,-0.030517578125,-3061.004638671875,0,0.0067642768279580628,0.1,0.0068,1,0,33
1503.25,0,3061.0084533691406,0,0.030517578125,-3061.0084533691406,0,0.006763839927917209,0.1,0.0064,1,0,33
1503.375,0,3061.0084533691406,0,0,-3061.0084533691406,0,0.0067638395715997612,0.1,0.0048,1,0,33
1503.5,0,3061.0122680664062,0,0.030517578125,-3061.0122680664062,0,0.0067634086614910549,0.1,0.0066,1,0,33
1503.625,0,3061.004638671875,0,-0.06103515625,-3061.004638671875,0,0.0067642753042321535,0.1,0.0064,1,0,33
1503.75,0,3061.0084533691406,0,0.030517578125,-3061.0084533691406,0,0.0067638384326187684,0.1,0.0056,1,0,33
1503.875,0,3061.004638671875,0,-0.030517578125,-3061.004638671875,0,0.0067642686646373351,0.1,0.0064,1,0,33
1504,0,3061.0084533691406,0,0.030517578125,-3061.0084533691406,0,0.006763831916895835,0.1,0.0058,1,0,33
1504.125,0,3061.0122680664062,0,0.030517578125,-3061.0122680664062,0,0.0067634011495974478,0.1,0.007,1,0,33
1504.25,0,3061.004638671875,0,-0.06103515625,-3061.004638671875,0,0.0067642679324845245,0.1,0.0058,1,0,33
1504.375,0,3061.0008239746094,0,-0.030517578125,-3061.0008239746094,0,0.0067646923192802855,0.1,0.0054,1,0,33
1504.5,0,3061.0160827636719,0,0.1220703125,-3061.0160827636719,0,0.0067629581540509381,0.1,0.0062,1,0,33
1504.625,0,3061.0122680664062,0,-0.030517578125,-3061.0122680664062,0,0.0067634004735046549,0.1,0.0064,1,0,33
1504.75,0,3061.0084533691406,0,-0.030517578125,-3061.0084533691406,0,0.0067638367085663675,0.1,0.0062,1,0,33
1504.875,0,3061.004638671875,0,-0.030517578125,-3061.004638671875,0,0.0067642669727498023,0.1,0.0058,1,0,33
1505,0,3061.0122680664062,0,0.06103515625,-3061.0122680664062,0,0.0067633996961341536,0.1,0.005,1,0,33
1505.125,0,3061.0122680664062,0,0,-3061.0122680664062,0,0.0067634053852600046,0.1,0.0058,1,0,33
1505.25,0,3061.0084533691406,0,-0.030517578125,-3061.0084533691406,0,0.0067638415286853382,0.1,0.0064,1,0,33
1505.375,0,3061.004638671875,0,-0.030517578125,-3061.004638671875,0,0.0067642717029420124,0.1,0.0076,1,0,33
1505.5,0,3061.0122680664062,0,0.06103515625,-3061.0122680664062,0,0.0067634043380773307,0.1,0.0052,1,0,33
1505.625,0,3061.0122680664062,0,0,-3061.0122680664062,0,0.0067634099406005677,0.1,0.006,1,0,33
1505.75,0,3061.004638671875,0,-0.06103515625,-3061.004638671875,0,0.0067642765594779081,0.1,0.006,1,0,33
1505.875,0,3061.004638671875,0,0,-3061.004638671875,0,0.0067642702248848774,0.1,0.007,1,0,33
1506,0,3061.0122680664062,0,0.06103515625,-3061.0122680664062,0,0.0067634028875956376,0.1,0.0062,1,0,33
1506.125,0,3061.0122680664062,0,0,-3061.0122680664062,0,0.0067634085171798392,0.1,0.006,1,0,33
1506.25,0,3061.0084533691406,0,-0.030517578125,-3061.0084533691406,0,0.0067638446021743848,0.1,0.0068,1,0,33
1506.375,0,3061.0122680664062,0,0.030517578125,-3061.0122680664062,0,0.0067634135982125448,0.1,0.0064,1,0,33
1506.5,0,3061.0084533691406,0,-0.030517578125,-3061.0084533691406,0,0.0067638495884125849,0.1,0.0058,1,0,33
1506.625,0,3061.0084533691406,0,0,-3061.0084533691406,0,0.0067638490518636962,0.1,0.0058,1,0,33
1506.75,0,3061.0084533691406,0,0,-3061.0084533691406,0,0.0067638485253249531,0.1,0.007,1,0,33
1506.875,0,3061.0122680664062,0,0.030517578125,-3061.0122680664062,0,0.0067634174481706888,0.1,0.0058,1,0,33
1507,0,3061.0008239746094,0,-0.091552734375,-3061.0008239746094,0,0.0067647144874216358,0.1,0.0056,1,0,33
1507.125,0,3061.0122680664062,0,0.091552734375,-3061.0122680664062,0,0.0067634104690503238,0.1,0.0062,1,0,33
1507.25,0,3061.004638671875,0,-0.06103515625,-3061.004638671875,0,0.00676427707806862,0.1,0.0064,1,0,33
1507.375,0,3061.0084533691406,0,0.030517578125,-3061.0084533691406,0,0.0067638401733615683,0.1,0.0062,1,0,33
1507.5,0,3061.004638671875,0,-0.030517578125,-3061.004638671875,0,0.0067642703729038911,0.1,0.0054,1,0,33
1507.625,0,3061.0084533691406,0,0.030517578125,-3061.0084533691406,0,0.0067638335932920374,0.1,0.0082,1,0,33
1507.75,0,3061.0084533691406,0,0,-3061.0084533691406,0,0.0067638333551568036,0.1,0.0058,1,0,33
1507.875,0,3061.0084533691406,0,0,-3061.0084533691406,0,0.0067638331214643493,0.1,0.0054,1,0,33
1508,0,3061.0084533691406,0,0,-3061.0084533691406,0,0.0067638328921317964,0.1,0.0058,1,0,33
1508.125,0,3061.0122680664062,0,0.030517578125,-3061.0122680664062,0,0.00676340210663888,0.1,0.006,1,0,33
1508.25,0,3061.0084533691406,0,-0.030517578125,-3061.0084533691406,0,0.0067638383112319511,0.1,0.0062,1,0,33
1508.375,0,3061.0084533691406,0,0,-3061.0084533691406,0,0.0067638379850762653,0.1,0.0064,1,0,33
1508.5,0,3061.0122680664062,0,0.030517578125,-3061.0122680664062,0,0.0067634071045666044,0.1,0.0062,1,0,33
1508.625,0,3061.0122680664062,0,0,-3061.0122680664062,0,0.006763412655476711,0.1,0.0052,1,0,33
1508.75,0,3061.0198974609375,0,0.06103515625,-3061.0198974609375,0,0.0067625569819481368,0.1,0.0058,1,0,33
1508.875,0,3061.0122680664062,0,-0.06103515625,-3061.0122680664062,0,0.0067634351785654384,0.1,0.007,1,0,33
1509,0,3061.0084533691406,0,-0.030517578125,-3061.0084533691406,0,0.00676387076615069,0.1,0.0052,1,0,33
1509.125,0,3061.0122680664062,0,0.030517578125,-3061.0122680664062,0,0.0067634392740595073,0.1,0.0052,1,0,33
1509.25,0,3061.0122680664062,0,0,-3061.0122680664062,0,0.0067634442247980764,0.1,0.007,1,0,33
1509.375,0,3061.0122680664062,0,0,-3061.0122680664062,0,0.0067634490831729871,0.1,0.0062,1,0,33
1509.5,0,3061.0084533691406,0,-0.030517578125,-3061.0084533691406,0,0.00676388441134633,0.1,0.0072,1,0,33
1509.625,0,3061.0084533691406,0,0,-3061.0084533691406,0,0.0067638832251218778,0.1,0.006,1,0,33
1509.75,0,3061.0084533691406,0,0,-3061.0084533691406,0,0.0067638820610282646,0.1,0.0064,1,0,33
1509.875,0,3061.0122680664062,0,0.030517578125,-3061.0122680664062,0,0.006763450358213699,0.1,0.0066,1,0,33
1510,0,3061.0084533691406,0,-0.030517578125,-3061.0084533691406,0,0.0067638856625991811,0.1,0.0064,1,0,33
1510.125,0,3061.0122680664062,0,0.030517578125,-3061.0122680664062,0,0.0067634538925917531,0.1,0.0068,1,0,33
1510.25,0,3061.004638671875,0,-0.06103515625,-3061.004638671875,0,0.0067643196914768805,0.1,0.0058,1,0,33
1510.375,0,3061.0122680664062,0,0.06103515625,-3061.0122680664062,0,0.0067634514313120314,0.1,0.0068,1,0,33
1510.5,0,3061.0122680664062,0,0,-3061.0122680664062,0,0.0067634561552382955,0.1,0.0064,1,0,33
1510.625,0,3061.004638671875,0,-0.06103515625,-3061.004638671875,0,0.0067643219119102593,0.1,0.006,1,0,33
1510.75,0,3061.0084533691406,0,0.030517578125,-3061.0084533691406,0,0.0067638841707587105,0.1,0.006,1,0,33
1510.875,0,3061.0084533691406,0,0,-3061.0084533691406,0,0.0067638829890227931,0.1,0.007,1,0,33
1511,0,3061.0084533691406,0,0,-3061.0084533691406,0,0.0067638818293339759,0.1,0.0068,1,0,33
1511.125,0,3061.0160827636719,0,0.06103515625,-3061.0160827636719,0,0.0067630195704031226,0.1,0.007,1,0,33
1511.25,0,3061.0084533691406,0,-0.06103515625,-3061.0084533691406,0,0.0067638913044789223,0.1,0.0062,1,0,33
1511.375,0,3061.0084533691406,0,0,-3061.0084533691406,0,0.0067638899896524385,0.1,0.006,1,0,33
1511.5,0,3061.0122680664062,0,0.030517578125,-3061.0122680664062,0,0.0067634581389171555,0.1,0.0056,1,0,33
1511.625,0,3061.004638671875,0,-0.06103515625,-3061.004638671875,0,0.0067643238585805288,0.1,0.0058,1,0,33
1511.75,0,3061.0122680664062,0,0.06103515625,-3061.0122680664062,0,0.0067634555206719238,0.1,0.006,1,0,33
1511.875,0,3061.0084533691406,0,-0.030517578125,-3061.0084533691406,0,0.0067638907287437822,0.1,0.0052,1,0,33
1512,0,3061.0160827636719,0,0.06103515625,-3061.0160827636719,0,0.0067630283037806993,0.1,0.0058,1,0,33
1512.125,0,3061.0084533691406,0,-0.06103515625,-3061.0084533691406,0,0.0067638998749218748,0.1,0.0058,1,0,33
1512.25,0,3061.0160827636719,0,0.06103515625,-3061.0160827636719,0,0.0067630372793227311,0.1,0.005,1,0,33
1512.375,0,3061.0084533691406,0,-0.06103515625,-3061.0084533691406,0,0.0067639086830113132,0.1,0.0064,1,0,33
1512.5,0,3061.0160827636719,0,0.06103515625,-3061.0160827636719,0,0.00676304592308366,0.1,0.0058,1,0,33
1512.625,0,3061.0122680664062,0,-0.030517578125,-3061.0122680664062,0,0.0067634866050706316,0.1,0.0062,1,0,33
1512.75,0,3061.0084533691406,0,-0.030517578125,-3061.0084533691406,0,0.0067639212332150644,0.1,0.007,1,0,33
1512.875,0,3061.0122680664062,0,0.030517578125,-3061.0122680664062,0,0.0067634887995829118,0.1,0.0068,1,0,33
1513,0,3061.0122680664062,0,0,-3061.0122680664062,0,0.0067634928263464178,0.1,0.006,1,0,33
1513.125,0,3061.004638671875,0,-0.06103515625,-3061.004638671875,0,0.006764357898862261,0.1,0.006,1,0,33
1513.25,0,3061.0084533691406,0,0.030517578125,-3061.0084533691406,0,0.00676391948631859,0.1,0.0072,1,0,33
1513.375,0,3061.004638671875,0,-0.030517578125,-3061.004638671875,0,0.0067643482061553184,0.1,0.0072,1,0,33
1513.5,0,3061.0084533691406,0,0.030517578125,-3061.0084533691406,0,0.0067639099744440517,0.1,0.0062,1,0,33
1513.625,0,3061.0122680664062,0,0.030517578125,-3061.0122680664062,0,0.0067634777508616406,0.1,0.006,1,0,33
1513.75,0,3061.004638671875,0,-0.06103515625,-3061.004638671875,0,0.0067643431046339186,0.1,0.0064,1,0,33
1513.875,0,3061.0084533691406,0,0.030517578125,-3061.0084533691406,0,0.0067639049680994073,0.1,0.0062,1,0,33
1514,0,3061.0084533691406,0,0,-3061.0084533691406,0,0.0067639033983570018,0.1,0.0068,1,0,33
1514.125,0,3061.0084533691406,0,0,-3061.0084533691406,0,0.0067639018579005589,0.1,0.0062,1,0,33
1514.25,0,3061.0084533691406,0,0,-3061.0084533691406,0,0.00676390034618371,0.1,0.0064,1,0,33
1514.375,0,3061.004638671875,0,-0.030517578125,-3061.004638671875,0,0.0067643294231091861,0.1,0.0066,1,0,33
1514.5,0,3061.0122680664062,0,0.06103515625,-3061.0122680664062,0,0.0067634609813857216,0.1,0.0072,1,0,33
1514.625,0,3061.0160827636719,0,0.030517578125,-3061.0160827636719,0,0.00676303496670172,0.1,0.0056,1,0,33
1514.75,0,3061.0122680664062,0,-0.030517578125,-3061.0122680664062,0,0.0067634758530969036,0.1,0.0048,1,0,33
1514.875,0,3061.0084533691406,0,-0.030517578125,-3061.0084533691406,0,0.0067639106818360023,0.1,0.0054,1,0,33
1515,0,3061.0084533691406,0,0,-3061.0084533691406,0,0.00676390900549502,0.1,0.0066,1,0,33
1515.125,0,3061.0084533691406,0,0,-3061.0084533691406,0,0.00676390736042877,0.1,0.0066,1,0,33
1515.25,0,3061.0084533691406,0,0,-3061.0084533691406,0,0.006763905746053761,0.1,0.0068,1,0,33
1515.375,0,3061.0122680664062,0,0.030517578125,-3061.0122680664062,0,0.0067634736013584967,0.1,0.0068,1,0,33
1515.5,0,3061.0084533691406,0,-0.030517578125,-3061.0084533691406,0,0.0067639084721072551,0.1,0.0064,1,0,33
1515.625,0,3061.0084533691406,0,0,-3061.0084533691406,0,0.00676390683699217,0.1,0.0052,1,0,33
1515.75,0,3061.0084533691406,0,0,-3061.0084533691406,0,0.0067639052323826832,0.1,0.006,1,0,33
1515.875,0,3061.0084533691406,0,0,-3061.0084533691406,0,0.0067639036577096662,0.1,0.0058,1,0,33
1516,0,3061.0084533691406,0,0,-3061.0084533691406,0,0.0067639021124146076,0.1,0.0072,1,0,33
1516.125,0,3061.004638671875,0,-0.030517578125,-3061.004638671875,0,0.0067643311563883174,0.1,0.005,1,0,33
1516.25,0,3061.004638671875,0,0,-3061.004638671875,0,0.0067643238032056713,0.1,0.0056,1,0,33
1516.375,0,3061.0122680664062,0,0.06103515625,-3061.0122680664062,0,0.0067634554663301705,0.1,0.0064,1,0,33
1516.5,0,3061.0084533691406,0,-0.030517578125,-3061.0084533691406,0,0.0067638906754158568,0.1,0.0048,1,0,33
1516.625,0,3061.004638671875,0,-0.030517578125,-3061.004638671875,0,0.006764319932764426,0.1,0.006,1,0,33
1516.75,0,3061.0084533691406,0,0.030517578125,-3061.0084533691406,0,0.0067638822285368966,0.1,0.0058,1,0,33
1516.875,0,3061.0084533691406,0,0,-3061.0084533691406,0,0.006763881083036119,0.1,0.0068,1,0,33
1517,0,3061.0008239746094,0,-0.06103515625,-3061.0008239746094,0,0.0067647410797842533,0.1,0.0056,1,0,33
1517.125,0,3061.0122680664062,0,0.091552734375,-3061.0122680664062,0,0.0067634365652913808,0.1,0.006,1,0,33
1517.25,0,3061.0122680664062,0,0,-3061.0122680664062,0,0.0067634415665662057,0.1,0.0066,1,0,33
1517.375,0,3061.0084533691406,0,-0.030517578125,-3061.0084533691406,0,0.0067638770349734423,0.1,0.0064,1,0,33
1517.5,0,3061.0084533691406,0,0,-3061.0084533691406,0,0.006763875986366602,0.1,0.0056,1,0,33
1517.625,0,3061.0084533691406,0,0,-3061.0084533691406,0,0.0067638749573231405,0.1,0.0058,1,0,33
1517.75,0,3061.004638671875,0,-0.030517578125,-3061.004638671875,0,0.006764304507916985,0.1,0.0068,1,0,33
1517.875,0,3061.0122680664062,0,0.06103515625,-3061.0122680664062,0,0.0067634365310248745,0.1,0.0058,1,0,33
1518,0,3061.0008239746094,0,-0.091552734375,-3061.0008239746094,0,0.0067647332142557332,0.1,0.0056,1,0,33
1518.125,0,3061.004638671875,0,0.030517578125,-3061.004638671875,0,0.0067642899673842488,0.1,0.007,1,0,33
1518.25,0,3061.004638671875,0,0,-3061.004638671875,0,0.0067642833826460358,0.1,0.0062,1,0,33
1518.375,0,3061.004638671875,0,0,-3061.004638671875,0,0.0067642769207562764,0.1,0.0054,1,0,33
1518.5,0,3061.0084533691406,0,0.030517578125,-3061.0084533691406,0,0.0067638400189841269,0.1,0.0066,1,0,33
1518.625,0,3061.004638671875,0,-0.030517578125,-3061.004638671875,0,0.0067642702214066042,0.1,0.007,1,0,33
1518.75,0,3061.004638671875,0,0,-3061.004638671875,0,0.0067642640050600833,0.1,0.007,1,0,33
1518.875,0,3061.0008239746094,0,-0.030517578125,-3061.0008239746094,0,0.00676468846512801,0.1,0.0058,1,0,33
1519,0,3061.004638671875,0,0.030517578125,-3061.004638671875,0,0.006764246053120565,0.1,0.0054,1,0,33
1519.125,0,3061.004638671875,0,0,-3061.004638671875,0,0.0067642402876707114,0.1,0.0066,1,0,33
1519.25,0,3061.0084533691406,0,0.030517578125,-3061.0084533691406,0,0.0067638040693453055,0.1,0.0068,1,0,33
1519.375,0,3061.0084533691406,0,0,-3061.0084533691406,0,0.0067638043820248545,0.1,0.0064,1,0,33
1519.5,0,3061.004638671875,0,-0.030517578125,-3061.004638671875,0,0.0067642352493098024,0.1,0.0062,1,0,33
1519.625,0,3061.004638671875,0,0,-3061.004638671875,0,0.006764229685421716,0.1,0.0056,1,0,33
1519.75,0,3061.004638671875,0,0,-3061.004638671875,0,0.00676422422533654,0.1,0.006,1,0,33
1519.875,0,3061.004638671875,0,0,-3061.004638671875,0,0.0067642188671176856,0.1,0.0058,1,0,33
1520,0,3061.004638671875,0,0,-3061.004638671875,0,0.006764213608864672,0.1,0.007,1,0,33
1520.125,0,3061.004638671875,0,0,-3061.004638671875,0,0.0067642084487124776,0.1,0.0074,1,0,33
1520.25,0,3061.004638671875,0,0,-3061.004638671875,0,0.0067642033848308858,0.1,0.0058,1,0,33
1520.375,0,3061.0122680664062,0,0.06103515625,-3061.0122680664062,0,0.006763337294545993,0.1,0.0062,1,0,33
1520.5,0,3061.004638671875,0,-0.06103515625,-3061.004638671875,0,0.006764205268747589,0.1,0.0066,1,0,33
1520.625,0,3061.0122680664062,0,0.06103515625,-3061.0122680664062,0,0.006763339143315325,0.1,0.0072,1,0,33
1520.75,0,3061.004638671875,0,-0.06103515625,-3061.004638671875,0,0.0067642070830252754,0.1,0.0074,1,0,33
1520.875,0,3060.9970092773438,0,-0.06103515625,-3060.9970092773438,0,0.0067650631655005178,0.1,0.0068,1,0,33
1521,0,3061.004638671875,0,0.06103515625,-3061.004638671875,0,0.006764185370200404,0.1,0.0058,1,0,33
1521.125,0,3061.0084533691406,0,0.030517578125,-3061.0084533691406,0,0.006763750176445163,0.1,0.007,1,0,33
1521.25,0,3061.0084533691406,0,0,-3061.0084533691406,0,0.006763751494579931,0.1,0.0046,1,0,33
1521.375,0,3061.004638671875,0,-0.030517578125,-3061.004638671875,0,0.00676418334856177,0.1,0.0064,1,0,33
1521.5,0,3061.004638671875,0,0,-3061.004638671875,0,0.00676417875296223,0.1,0.0064,1,0,33
1521.625,0,3061.004638671875,0,0,-3061.004638671875,0,0.00676417424310069,0.1,0.0054,1,0,33
1521.75,0,3061.0008239746094,0,-0.030517578125,-3061.0008239746094,0,0.006764600377816482,0.1,0.0062,1,0,33
1521.875,0,3061.0008239746094,0,0,-3061.0008239746094,0,0.0067645901696526817,0.1,0.0066,1,0,33
1522,0,3061.0084533691406,0,0.06103515625,-3061.0084533691406,0,0.0067637190310601,0.1,0.0064,1,0,33
1522.125,0,3061.0084533691406,0,0,-3061.0084533691406,0,0.006763720930260092,0.1,0.0058,1,0,33
1522.25,0,3061.0008239746094,0,-0.06103515625,-3061.0008239746094,0,0.006764583914905406,0.1,0.0056,1,0,33
1522.375,0,3061.0084533691406,0,0.06103515625,-3061.0084533691406,0,0.0067637128930047863,0.1,0.006,1,0,33
1522.5,0,3061.0084533691406,0,0,-3061.0084533691406,0,0.0067637149067196756,0.1,0.0066,1,0,33
1522.625,0,3061.0084533691406,0,0,-3061.0084533691406,0,0.006763716882865603,0.1,0.0062,1,0,33
1522.75,0,3061.0084533691406,0,0,-3061.0084533691406,0,0.00676371882214348,0.1,0.006,1,0,33
1522.875,0,3061.0122680664062,0,0.030517578125,-3061.0122680664062,0,0.0067632901648022187,0.1,0.0064,1,0,33
1523,0,3061.004638671875,0,-0.06103515625,-3061.004638671875,0,0.0067641590182819095,0.1,0.006,1,0,33
1523.125,0,3061.0084533691406,0,0.030517578125,-3061.0084533691406,0,0.0067637243161623728,0.1,0.0056,1,0,33
1523.25,0,3061.004638671875,0,-0.030517578125,-3061.004638671875,0,0.00676415667719954,0.1,0.0078,1,0,33
1523.375,0,3061.0084533691406,0,0.030517578125,-3061.0084533691406,0,0.0067637220187564961,0.1,0.0072,1,0,33
1523.5,0,3061.004638671875,0,-0.030517578125,-3061.004638671875,0,0.006764154422655308,0.1,0.0054,1,0,33
1523.625,0,3061.0122680664062,0,0.06103515625,-3061.0122680664062,0,0.0067632892458353577,0.1,0.0056,1,0,33
1523.75,0,3060.9970092773438,0,-0.1220703125,-3060.9970092773438,0,0.0067650192373376189,0.1,0.0066,1,0,33
1523.875,0,3061.004638671875,0,0.06103515625,-3061.004638671875,0,0.006764142261585171,0.1,0.006,1,0,33
1524,0,3061.004638671875,0,0,-3061.004638671875,0,0.006764138432526573,0.1,0.0054,1,0,33
1524.125,0,3061.0122680664062,0,0.06103515625,-3061.0122680664062,0,0.0067632735540271438,0.1,0.007,1,0,33
1524.25,0,3061.0122680664062,0,0,-3061.0122680664062,0,0.0067632815965286558,0.1,0.006,1,0,33
1524.375,0,3061.0084533691406,0,-0.030517578125,-3061.0084533691406,0,0.0067637200494237992,0.1,0.006,1,0,33
1524.5,0,3061.0008239746094,0,-0.06103515625,-3061.0008239746094,0,0.0067645830505024679,0.1,0.0068,1,0,33
1524.625,0,3061.0084533691406,0,0.06103515625,-3061.0084533691406,0,0.0067637120447286148,0.1,0.0064,1,0,33
1524.75,0,3061.004638671875,0,-0.030517578125,-3061.004638671875,0,0.0067641446347083134,0.1,0.0074,1,0,33
1524.875,0,3061.0084533691406,0,0.030517578125,-3061.0084533691406,0,0.0067637102009365374,0.1,0.0066,1,0,33
1525,0,3061.004638671875,0,-0.030517578125,-3061.004638671875,0,0.0067641428253150254,0.1,0.0056,1,0,33
1525.125,0,3061.004638671875,0,0,-3061.004638671875,0,0.0067641389857391876,0.1,0.0064,1,0,33
1525.25,0,3061.0084533691406,0,0.030517578125,-3061.0084533691406,0,0.00676370465735765,0.1,0.007,1,0,33
1525.375,0,3061.0122680664062,0,0.030517578125,-3061.0122680664062,0,0.0067632762642823308,0.1,0.0062,1,0,33
1525.5,0,3061.0084533691406,0,-0.030517578125,-3061.0084533691406,0,0.0067637148166587585,0.1,0.0054,1,0,33
1525.625,0,3061.0084533691406,0,0,-3061.0084533691406,0,0.0067637167944849114,0.1,0.0072,1,0,33
1525.75,0,3061.004638671875,0,-0.030517578125,-3061.004638671875,0,0.0067641492958505772,0.1,0.0066,1,0,33
1525.875,0,3061.0084533691406,0,0.030517578125,-3061.0084533691406,0,0.0067637147751180016,0.1,0.0064,1,0,33
1526,0,3061.0084533691406,0,0,-3061.0084533691406,0,0.0067637167537191595,0.1,0.0058,1,0,33
1526.125,0,3061.0122680664062,0,0.030517578125,-3061.0122680664062,0,0.0067632881349675433,0.1,0.0064,1,0,33
1526.25,0,3061.0122680664062,0,0,-3061.0122680664062,0,0.0067632959054391151,0.1,0.007,1,0,33
1526.375,0,3061.0084533691406,0,-0.030517578125,-3061.0084533691406,0,0.006763734091379453,0.1,0.0066,1,0,33
1526.5,0,3061.004638671875,0,-0.030517578125,-3061.004638671875,0,0.0067641662700448635,0.1,0.0064,1,0,33
1526.625,0,3061.0084533691406,0,0.030517578125,-3061.0084533691406,0,0.0067637314326324943,0.1,0.0062,1,0,33
1526.75,0,3061.0084533691406,0,0,-3061.0084533691406,0,0.0067637331004620077,0.1,0.0054,1,0,33
1526.875,0,3061.0084533691406,0,0,-3061.0084533691406,0,0.0067637347371755918,0.1,0.0068,1,0,33
1527,0,3061.0122680664062,0,0.030517578125,-3061.0122680664062,0,0.0067633057829148413,0.1,0.0066,1,0,33
1527.125,0,3061.0122680664062,0,0,-3061.0122680664062,0,0.0067633132241367161,0.1,0.0066,1,0,33
1527.25,0,3061.0084533691406,0,-0.030517578125,-3061.0084533691406,0,0.0067637510869700268,0.1,0.0072,1,0,33
1527.375,0,3061.0084533691406,0,0,-3061.0084533691406,0,0.00676375238811755,0.1,0.006,1,0,33
1527.5,0,3061.0122680664062,0,0.030517578125,-3061.0122680664062,0,0.0067633231045512443,0.1,0.0064,1,0,33
1527.625,0,3061.0160827636719,0,0.030517578125,-3061.0160827636719,0,0.0067628996621723475,0.1,0.0052,1,0,33
1527.75,0,3061.004638671875,0,-0.091552734375,-3061.004638671875,0,0.0067642041937601427,0.1,0.0068,1,0,33
1527.875,0,3061.0084533691406,0,0.030517578125,-3061.0084533691406,0,0.0067637686488223464,0.1,0.0074,1,0,33
1528,0,3061.0084533691406,0,0,-3061.0084533691406,0,0.0067637696223264154,0.1,0.0058,1,0,33
1528.125,0,3061.0084533691406,0,0,-3061.0084533691406,0,0.0067637705776682627,0.1,0.0054,1,0,33
1528.25,0,3061.0122680664062,0,0.030517578125,-3061.0122680664062,0,0.0067633409547478152,0.1,0.006,1,0,33
1528.375,0,3061.0084533691406,0,-0.030517578125,-3061.0084533691406,0,0.0067637783002237883,0.1,0.007,1,0,33
1528.5,0,3061.0084533691406,0,0,-3061.0084533691406,0,0.0067637790936660724,0.1,0.0066,1,0,33
1528.625,0,3061.0122680664062,0,0.030517578125,-3061.0122680664062,0,0.0067633493118665483,0.1,0.0066,1,0,33
1528.75,0,3061.0122680664062,0,0,-3061.0122680664062,0,0.0067633559409886607,0.1,0.006,1,0,33
1528.875,0,3061.0008239746094,0,-0.091552734375,-3061.0008239746094,0,0.006764654127751013,0.1,0.0052,1,0,33
1529,0,3061.0084533691406,0,0.06103515625,-3061.0084533691406,0,0.0067637817959214086,0.1,0.0058,1,0,33
1529.125,0,3061.0084533691406,0,0,-3061.0084533691406,0,0.0067637825241460559,0.1,0.0068,1,0,33
1529.25,0,3061.0084533691406,0,0,-3061.0084533691406,0,0.0067637832387845431,0.1,0.0064,1,0,33
1529.375,0,3061.0084533691406,0,0,-3061.0084533691406,0,0.0067637839400903482,0.1,0.0062,1,0,33
1529.5,0,3061.0008239746094,0,-0.06103515625,-3061.0008239746094,0,0.006764645749190043,0.1,0.007,1,0,33
1529.625,0,3061.0122680664062,0,0.091552734375,-3061.0122680664062,0,0.0067633430132365141,0.1,0.0064,1,0,33
1529.75,0,3061.0122680664062,0,0,-3061.0122680664062,0,0.0067633497598692804,0.1,0.0062,1,0,33
1529.875,0,3061.0084533691406,0,-0.030517578125,-3061.0084533691406,0,0.0067637869410721169,0.1,0.0062,1,0,33
1530,0,3061.0122680664062,0,0.030517578125,-3061.0122680664062,0,0.0067633570128671217,0.1,0.0068,1,0,33
1530.125,0,3061.0084533691406,0,-0.030517578125,-3061.0084533691406,0,0.0067637940587540885,0.1,0.0064,1,0,33
1530.25,0,3061.0122680664062,0,0.030517578125,-3061.0122680664062,0,0.00676336399775776,0.1,0.006,1,0,33
1530.375,0,3061.0084533691406,0,-0.030517578125,-3061.0084533691406,0,0.0067638009133308141,0.1,0.006,1,0,33
1530.5,0,3061.004638671875,0,-0.030517578125,-3061.004638671875,0,0.0067642318453296074,0.1,0.0066,1,0,33
1530.625,0,3061.004638671875,0,0,-3061.004638671875,0,0.0067642263449480267,0.1,0.0058,1,0,33
1530.75,0,3061.0084533691406,0,0.030517578125,-3061.0084533691406,0,0.0067637903867456273,0.1,0.0068,1,0,33
1530.875,0,3061.0084533691406,0,0,-3061.0084533691406,0,0.00676379095469519,0.1,0.0052,1,0,33
1531,0,3061.0008239746094,0,-0.06103515625,-3061.0008239746094,0,0.00676465263292661,0.1,0.0066,1,0,33
1531.125,0,3061.0084533691406,0,0.06103515625,-3061.0084533691406,0,0.0067637803289852666,0.1,0.0078,1,0,33
1531.25,0,3061.0084533691406,0,0,-3061.0084533691406,0,0.006763781084577869,0.1,0.006,1,0,33
1531.375,0,3061.0084533691406,0,0,-3061.0084533691406,0,0.0067637818260737337,0.1,0.0072,1,0,33
1531.5,0,3061.0084533691406,0,0,-3061.0084533691406,0,0.0067637825537358448,0.1,0.0066,1,0,33
1531.625,0,3061.004638671875,0,-0.030517578125,-3061.004638671875,0,0.0067642138282612008,0.1,0.0056,1,0,33
1531.75,0,3061.0084533691406,0,0.030517578125,-3061.0084533691406,0,0.006763778103576909,0.1,0.0062,1,0,33
1531.875,0,3061.0084533691406,0,0,-3061.0084533691406,0,0.006763778900687939,0.1,0.0066,1,0,33
1532,0,3061.0084533691406,0,0,-3061.0084533691406,0,0.0067637796829276287,0.1,0.006,1,0,33
1532.125,0,3061.004638671875,0,-0.030517578125,-3061.004638671875,0,0.00676421101101235,0.1,0.0058,1,0,33
1532.25,0,3061.0084533691406,0,0.030517578125,-3061.0084533691406,0,0.0067637753388881949,0.1,0.0072,1,0,33
1532.375,0,3061.0084533691406,0,0,-3061.0084533691406,0,0.0067637761875787572,0.1,0.0072,1,0,33
1532.5,0,3061.0084533691406,0,0,-3061.0084533691406,0,0.0067637770204356934,0.1,0.0064,1,0,33
1532.625,0,3061.0084533691406,0,0,-3061.0084533691406,0,0.0067637778377543922,0.1,0.0054,1,0,33
1532.75,0,3061.0122680664062,0,0.030517578125,-3061.0122680664062,0,0.0067633480793858336,0.1,0.005,1,0,33
1532.875,0,3061.0084533691406,0,-0.030517578125,-3061.0084533691406,0,0.0067637852919406882,0.1,0.007,1,0,33
1533,0,3061.0122680664062,0,0.030517578125,-3061.0122680664062,0,0.00676335539450279,0.1,0.006,1,0,33
1533.125,0,3061.0122680664062,0,0,-3061.0122680664062,0,0.006763361910143928,0.1,0.0058,1,0,33
1533.25,0,3061.0084533691406,0,-0.030517578125,-3061.0084533691406,0,0.0067637988646646469,0.1,0.007,1,0,33
1533.375,0,3061.004638671875,0,-0.030517578125,-3061.004638671875,0,0.0067642298348844637,0.1,0.007,1,0,33
1533.5,0,3061.004638671875,0,0,-3061.004638671875,0,0.006764224372010838,0.1,0.0064,1,0,33
1533.625,0,3061.004638671875,0,0,-3061.004638671875,0,0.0067642190110555472,0.1,0.0068,1,0,33
1533.75,0,3061.0122680664062,0,0.06103515625,-3061.0122680664062,0,0.0067633526292393276,0.1,0.0062,1,0,33
1533.875,0,3061.0084533691406,0,-0.030517578125,-3061.0084533691406,0,0.0067637897569096384,0.1,0.0062,1,0,33
1534,0,3061.0008239746094,0,-0.06103515625,-3061.0008239746094,0,0.006764651457487586,0.1,0.0062,1,0,33
1534.125,0,3061.0084533691406,0,0.06103515625,-3061.0084533691406,0,0.0067637791754758675,0.1,0.0066,1,0,33
1534.25,0,3061.0160827636719,0,0.06103515625,-3061.0160827636719,0,0.0067629188317111372,0.1,0.0056,1,0,33
1534.375,0,3061.0122680664062,0,-0.030517578125,-3061.0122680664062,0,0.0067633618847837834,0.1,0.0066,1,0,33
1534.5,0,3061.0122680664062,0,0,-3061.0122680664062,0,0.0067633682793387245,0.1,0.006,1,0,33
1534.625,0,3061.0084533691406,0,-0.030517578125,-3061.0084533691406,0,0.006763805115032287,0.1,0.0064,1,0,33
1534.75,0,3061.0160827636719,0,0.06103515625,-3061.0160827636719,0,0.006762944287325115,0.1,0.007,1,0,33
1534.875,0,3061.0084533691406,0,-0.06103515625,-3061.0084533691406,0,0.0067638174259229134,0.1,0.007,1,0,33
1535,0,3061.0122680664062,0,0.030517578125,-3061.0122680664062,0,0.00676338692897599,0.1,0.0052,1,0,33
1535.125,0,3061.0084533691406,0,-0.030517578125,-3061.0084533691406,0,0.00676382341673179,0.1,0.0056,1,0,33
1535.25,0,3061.0122680664062,0,0.030517578125,-3061.0122680664062,0,0.0067633928080170769,0.1,0.0068,1,0,33
1535.375,0,3061.0122680664062,0,0,-3061.0122680664062,0,0.0067633986256513817,0.1,0.0062,1,0,33
1535.5,0,3061.0084533691406,0,-0.030517578125,-3061.0084533691406,0,0.0067638348951876426,0.1,0.0054,1,0,33
1535.625,0,3061.0084533691406,0,0,-3061.0084533691406,0,0.0067638346327635324,0.1,0.0064,1,0,33
1535.75,0,3061.0084533691406,0,0,-3061.0084533691406,0,0.006763834375235353,0.1,0.0072,1,0,33
1535.875,0,3061.0084533691406,0,0,-3061.0084533691406,0,0.006763834122511761,0.1,0.007,1,0,33
1536,0,3061.0084533691406,0,0,-3061.0084533691406,0,0.00676383387450312,0.1,0.0056,1,0,33
1536.125,0,3061.004638671875,0,-0.030517578125,-3061.004638671875,0,0.0067642641915603707,0.1,0.0068,1,0,33
1536.25,0,3061.0122680664062,0,0.06103515625,-3061.0122680664062,0,0.0067633969668321053,0.1,0.007,1,0,33
1536.375,0,3061.0122680664062,0,0,-3061.0122680664062,0,0.0067634027068772945,0.1,0.0056,1,0,33
1536.5,0,3061.0084533691406,0,-0.030517578125,-3061.0084533691406,0,0.00676383890027199,0.1,0.0064,1,0,33
1536.625,0,3061.0084533691406,0,0,-3061.0084533691406,0,0.0067638385631268588,0.1,0.0066,1,0,33
1536.75,0,3061.0122680664062,0,0.030517578125,-3061.0122680664062,0,0.006763407671832769,0.1,0.0064,1,0,33
1536.875,0,3061.0008239746094,0,-0.091552734375,-3061.0008239746094,0,0.0067647048934763865,0.1,0.0062,1,0,33
1537,0,3061.0122680664062,0,0.091552734375,-3061.0122680664062,0,0.0067634010540949252,0.1,0.007,1,0,33
1537.125,0,3061.0084533691406,0,-0.030517578125,-3061.0084533691406,0,0.00676383727832483,0.1,0.0064,1,0,33
1537.25,0,3061.0084533691406,0,0,-3061.0084533691406,0,0.0067638369714396185,0.1,0.007,1,0,33
1537.375,0,3061.0122680664062,0,0.030517578125,-3061.0122680664062,0,0.0067634061098409137,0.1,0.007,1,0,33
1537.5,0,3061.0084533691406,0,-0.030517578125,-3061.0084533691406,0,0.0067638422397480746,0.1,0.006,1,0,33
1537.625,0,3061.004638671875,0,-0.030517578125,-3061.004638671875,0,0.0067642724007387772,0.1,0.0068,1,0,33
1537.75,0,3061.0084533691406,0,0.030517578125,-3061.0084533691406,0,0.0067638355832945335,0.1,0.007,1,0,33
1537.875,0,3061.0122680664062,0,0.030517578125,-3061.0122680664062,0,0.0067634047475938208,0.1,0.0068,1,0,33
1538,0,3061.0122680664062,0,0,-3061.0122680664062,0,0.0067634103424768915,0.1,0.0066,1,0,33
1538.125,0,3061.0122680664062,0,0,-3061.0122680664062,0,0.006763415832978778,0.1,0.0062,1,0,33
1538.25,0,3061.004638671875,0,-0.06103515625,-3061.004638671875,0,0.0067642823419247072,0.1,0.005,1,0,33
1538.375,0,3061.0122680664062,0,0.06103515625,-3061.0122680664062,0,0.0067634147785733817,0.1,0.0062,1,0,33
1538.5,0,3061.004638671875,0,-0.06103515625,-3061.004638671875,0,0.0067642813071908808,0.1,0.006,1,0,33
1538.625,0,3061.0084533691406,0,0.030517578125,-3061.0084533691406,0,0.0067638443235830265,0.1,0.0068,1,0,33
1538.75,0,3061.0084533691406,0,0,-3061.0084533691406,0,0.0067638438852576505,0.1,0.0068,1,0,33
1538.875,0,3061.004638671875,0,-0.030517578125,-3061.004638671875,0,0.0067642740155488268,0.1,0.0062,1,0,33
1539,0,3061.0084533691406,0,0.030517578125,-3061.0084533691406,0,0.006763837167977807,0.1,0.0064,1,0,33
1539.125,0,3061.0122680664062,0,0.030517578125,-3061.0122680664062,0,0.0067634063027123825,0.1,0.0062,1,0,33
1539.25,0,3061.0084533691406,0,-0.030517578125,-3061.0084533691406,0,0.0067638424290212273,0.1,0.0062,1,0,33
1539.375,0,3061.0122680664062,0,0.030517578125,-3061.0122680664062,0,0.0067634114656029143,0.1,0.0068,1,0,33
1539.5,0,3061.0084533691406,0,-0.030517578125,-3061.0084533691406,0,0.0067638474955900724,0.1,0.0054,1,0,33
1539.625,0,3061.0084533691406,0,0,-3061.0084533691406,0,0.0067638469980860205,0.1,0.0054,1,0,33
1539.75,0,3061.0084533691406,0,0,-3061.0084533691406,0,0.0067638465098636691,0.1,0.0068,1,0,33
1539.875,0,3061.0122680664062,0,0.030517578125,-3061.0122680664062,0,0.0067634154703109517,0.1,0.0062,1,0,33
1540,0,3061.0008239746094,0,-0.091552734375,-3061.0008239746094,0,0.0067647125464619234,0.1,0.0062,1,0,33
1540.125,0,3061.004638671875,0,0.030517578125,-3061.004638671875,0,0.0067642696851800271,0.1,0.0064,1,0,33
1540.25,0,3061.0122680664062,0,0.06103515625,-3061.0122680664062,0,0.0067634023579598163,0.1,0.006,1,0,33
1540.375,0,3061.004638671875,0,-0.06103515625,-3061.004638671875,0,0.0067642691183030235,0.1,0.0072,1,0,33
1540.5,0,3061.0084533691406,0,0.030517578125,-3061.0084533691406,0,0.0067638323620976826,0.1,0.007,1,0,33
1540.625,0,3061.0084533691406,0,0,-3061.0084533691406,0,0.0067638321469322832,0.1,0.0072,1,0,33
1540.75,0,3061.004638671875,0,-0.030517578125,-3061.004638671875,0,0.00676426249622003,0.1,0.0064,1,0,33
1540.875,0,3061.0084533691406,0,0.030517578125,-3061.0084533691406,0,0.0067638258635598636,0.1,0.0064,1,0,33
1541,0,3061.0122680664062,0,0.030517578125,-3061.0122680664062,0,0.0067633952091958049,0.1,0.007,1,0,33
1541.125,0,3061.0122680664062,0,0,-3061.0122680664062,0,0.0067634009820324165,0.1,0.0058,1,0,33
1541.25,0,3061.0122680664062,0,0,-3061.0122680664062,0,0.0067634066471678467,0.1,0.0064,1,0,33
1541.375,0,3061.0084533691406,0,-0.030517578125,-3061.0084533691406,0,0.0067638427670503459,0.1,0.0058,1,0,33
1541.5,0,3061.0084533691406,0,0,-3061.0084533691406,0,0.0067638423577644907,0.1,0.0068,1,0,33
1541.625,0,3061.0122680664062,0,0.030517578125,-3061.0122680664062,0,0.0067634113956755865,0.1,0.0052,1,0,33
1541.75,0,3061.0122680664062,0,0,-3061.0122680664062,0,0.0067634168665284267,0.1,0.006,1,0,33
1541.875,0,3061.0122680664062,0,0,-3061.0122680664062,0,0.0067634222353140649,0.1,0.007,1,0,33
1542,0,3061.004638671875,0,-0.06103515625,-3061.004638671875,0,0.0067642886248145545,0.1,0.0068,1,0,33
1542.125,0,3061.0160827636719,0,0.091552734375,-3061.0160827636719,0,0.0067629903838073158,0.1,0.006,1,0,33
1542.25,0,3061.0084533691406,0,-0.06103515625,-3061.0084533691406,0,0.0067638626624040993,0.1,0.006,1,0,33
1542.375,0,3061.0084533691406,0,0,-3061.0084533691406,0,0.0067638618819397256,0.1,0.0056,1,0,33
1542.5,0,3061.0084533691406,0,0,-3061.0084533691406,0,0.0067638611160361212,0.1,0.0068,1,0,33
1542.625,0,3061.0084533691406,0,0,-3061.0084533691406,0,0.0067638603644216283,0.1,0.0066,1,0,33
1542.75,0,3061.0084533691406,0,0,-3061.0084533691406,0,0.0067638596268296547,0.1,0.0056,1,0,33
1542.875,0,3061.0122680664062,0,0.030517578125,-3061.0122680664062,0,0.0067634283425596908,0.1,0.0066,1,0,33
1543,0,3061.004638671875,0,-0.06103515625,-3061.004638671875,0,0.0067642946181200869,0.1,0.0068,1,0,33
1543.125,0,3061.0084533691406,0,0.030517578125,-3061.0084533691406,0,0.0067638573861763113,0.1,0.0054,1,0,33
1543.25,0,3061.0084533691406,0,0,-3061.0084533691406,0,0.0067638567041481,0.1,0.0062,1,0,33
1543.375,0,3061.0084533691406,0,0,-3061.0084533691406,0,0.0067638560348441817,0.1,0.0056,1,0,33
1543.5,0,3061.0122680664062,0,0.030517578125,-3061.0122680664062,0,0.0067634248175882511,0.1,0.0062,1,0,33
1543.625,0,3061.004638671875,0,-0.06103515625,-3061.004638671875,0,0.0067642911589124305,0.1,0.0062,1,0,33
1543.75,0,3061.0084533691406,0,0.030517578125,-3061.0084533691406,0,0.0067638539915055168,0.1,0.0068,1,0,33
1543.875,0,3061.0084533691406,0,0,-3061.0084533691406,0,0.00676385337281013,0.1,0.0054,1,0,33
1544,0,3061.0084533691406,0,0,-3061.0084533691406,0,0.0067638527656574687,0.1,0.0064,1,0,33
1544.125,0,3061.0122680664062,0,0.030517578125,-3061.0122680664062,0,0.0067634216093932636,0.1,0.0056,1,0,33
1544.25,0,3061.0084533691406,0,-0.030517578125,-3061.0084533691406,0,0.00676385745013236,0.1,0.0066,1,0,33
1544.375,0,3061.0122680664062,0,0.030517578125,-3061.0122680664062,0,0.0067634262064720368,0.1,0.006,1,0,33
1544.5,0,3061.0122680664062,0,0,-3061.0122680664062,0,0.0067634314010066171,0.1,0.006,1,0,33
1544.625,0,3061.0122680664062,0,0,-3061.0122680664062,0,0.0067634364986291357,0.1,0.0062,1,0,33
1544.75,0,3061.0084533691406,0,-0.030517578125,-3061.0084533691406,0,0.0067638720615865594,0.1,0.0058,1,0,33
1544.875,0,3061.004638671875,0,-0.030517578125,-3061.004638671875,0,0.0067643016662048416,0.1,0.006,1,0,33
1545,0,3061.0122680664062,0,0.06103515625,-3061.0122680664062,0,0.0067634337423292529,0.1,0.0058,1,0,33
1545.125,0,3061.0122680664062,0,0,-3061.0122680664062,0,0.0067634387962707959,0.1,0.0068,1,0,33
1545.25,0,3061.004638671875,0,-0.06103515625,-3061.004638671875,0,0.006764304876801075,0.1,0.006,1,0,33
1545.375,0,3061.0084533691406,0,0.030517578125,-3061.0084533691406,0,0.0067638674534657717,0.1,0.0068,1,0,33
1545.5,0,3061.0122680664062,0,0.030517578125,-3061.0122680664062,0,0.0067634360231778323,0.1,0.007,1,0,33
1545.625,0,3061.0122680664062,0,0,-3061.0122680664062,0,0.0067634410345666224,0.1,0.0066,1,0,33
1545.75,0,3061.0122680664062,0,0,-3061.0122680664062,0,0.0067634459524602147,0.1,0.005,1,0,33
1545.875,0,3061.0084533691406,0,-0.030517578125,-3061.0084533691406,0,0.0067638813390418356,0.1,0.0058,1,0,33
1546,0,3061.0084533691406,0,0,-3061.0084533691406,0,0.0067638802101359641,0.1,0.0062,1,0,33
1546.125,0,3061.0084533691406,0,0,-3061.0084533691406,0,0.0067638791022915645,0.1,0.0068,1,0,33
1546.25,0,3061.0084533691406,0,0,-3061.0084533691406,0,0.0067638780151157152,0.1,0.0064,1,0,33
1546.375,0,3061.0122680664062,0,0.030517578125,-3061.0122680664062,0,0.0067634463877838946,0.1,0.0058,1,0,33
1546.5,0,3061.0084533691406,0,-0.030517578125,-3061.0084533691406,0,0.0067638817662438733,0.1,0.0066,1,0,33
1546.625,0,3061.0122680664062,0,0.030517578125,-3061.0122680664062,0,0.0067634500689289778,0.1,0.0066,1,0,33
1546.75,0,3061.0122680664062,0,0,-3061.0122680664062,0,0.0067634548182726045,0.1,0.0062,1,0,33
1546.875,0,3061.0122680664062,0,0,-3061.0122680664062,0,0.0067634594790099006,0.1,0.0072,1,0,33
1547,0,3061.0084533691406,0,-0.030517578125,-3061.0084533691406,0,0.00676389461323286,0.1,0.007,1,0,33
1547.125,0,3061.0122680664062,0,0.030517578125,-3061.0122680664062,0,0.00676346267623755,0.1,0.0058,1,0,33
1547.25,0,3061.0122680664062,0,0,-3061.0122680664062,0,0.00676346719037238,0.1,0.0062,1,0,33
1547.375,0,3061.0122680664062,0,0,-3061.0122680664062,0,0.0067634716202890632,0.1,0.0076,1,0,33
1547.5,0,3061.0122680664062,0,0,-3061.0122680664062,0,0.0067634759675588157,0.1,0.0064,1,0,33
1547.625,0,3061.0084533691406,0,-0.030517578125,-3061.0084533691406,0,0.006763910794162456,0.1,0.0066,1,0,33
1547.75,0,3061.0122680664062,0,0.030517578125,-3061.0122680664062,0,0.0067634785552869447,0.1,0.0072,1,0,33
1547.875,0,3061.0122680664062,0,0,-3061.0122680664062,0,0.00676348277317361,0.1,0.0068,1,0,33
1548,0,3061.004638671875,0,-0.06103515625,-3061.004638671875,0,0.0067643480332469086,0.1,0.0068,1,0,33
1548.125,0,3061.0122680664062,0,0.06103515625,-3061.0122680664062,0,0.0067634792443226066,0.1,0.0068,1,0,33
1548.25,0,3061.0084533691406,0,-0.030517578125,-3061.0084533691406,0,0.0067639140097931483,0.1,0.0068,1,0,33
1548.375,0,3061.0122680664062,0,0.030517578125,-3061.0122680664062,0,0.0067634817109250844,0.1,0.006,1,0,33
1548.5,0,3061.0084533691406,0,-0.030517578125,-3061.0084533691406,0,0.0067639164303773536,0.1,0.0066,1,0,33
1548.625,0,3061.0122680664062,0,0.030517578125,-3061.0122680664062,0,0.0067634840863495527,0.1,0.0064,1,0,33
1548.75,0,3061.0198974609375,0,0.06103515625,-3061.0198974609375,0,0.006762627080167824,0.1,0.0064,1,0,33
1548.875,0,3061.0122680664062,0,-0.06103515625,-3061.0122680664062,0,0.0067635039689946663,0.1,0.0068,1,0,33
1549,0,3061.0122680664062,0,0,-3061.0122680664062,0,0.0067635077127493892,0.1,0.0062,1,0,33
1549.125,0,3061.004638671875,0,-0.06103515625,-3061.004638671875,0,0.00676437250753642,0.1,0.0064,1,0,33
1549.25,0,3061.0122680664062,0,0.06103515625,-3061.0122680664062,0,0.0067635032620064761,0.1,0.0064,1,0,33
1549.375,0,3061.0122680664062,0,0,-3061.0122680664062,0,0.006763507018951162,0.1,0.0064,1,0,33
1549.5,0,3061.0122680664062,0,0,-3061.0122680664062,0,0.0067635107058042349,0.1,0.0058,1,0,33
1549.625,0,3061.0122680664062,0,0,-3061.0122680664062,0,0.0067635143238733847,0.1,0.007,1,0,33
1549.75,0,3061.0160827636719,0,0.030517578125,-3061.0160827636719,0,0.00676308731400295,0.1,0.0062,1,0,33
1549.875,0,3061.0160827636719,0,0,-3061.0160827636719,0,0.0067630966633395323,0.1,0.0052,1,0,33
1550,0,3061.0122680664062,0,-0.030517578125,-3061.0122680664062,0,0.0067635363986887354,0.1,0.007,1,0,33
1550.125,0,3061.0084533691406,0,-0.030517578125,-3061.0084533691406,0,0.0067639700978563838,0.1,0.0062,1,0,33
1550.25,0,3061.0084533691406,0,0,-3061.0084533691406,0,0.0067639673130178574,0.1,0.0056,1,0,33
1550.375,0,3061.0160827636719,0,0.06103515625,-3061.0160827636719,0,0.0067631034592569583,0.1,0.0066,1,0,33
1550.5,0,3061.0084533691406,0,-0.06103515625,-3061.0084533691406,0,0.0067639736282567448,0.1,0.0066,1,0,33
1550.625,0,3061.0122680664062,0,0.030517578125,-3061.0122680664062,0,0.0067635402171142417,0.1,0.0068,1,0,33
1550.75,0,3061.0160827636719,0,0.030517578125,-3061.0160827636719,0,0.0067631127241654515,0.1,0.007,1,0,33
1550.875,0,3061.0160827636719,0,0,-3061.0160827636719,0,0.0067631215994362476,0.1,0.0064,1,0,33
1551,0,3061.0160827636719,0,0,-3061.0160827636719,0,0.0067631303091251621,0.1,0.0054,1,0,33
1551.125,0,3061.0198974609375,0,0.030517578125,-3061.0198974609375,0,0.0067627082958824219,0.1,0.0052,1,0,33
1551.25,0,3061.0198974609375,0,0,-3061.0198974609375,0,0.0067627225486269066,0.1,0.0076,1,0,33
1551.375,0,3061.0160827636719,0,-0.030517578125,-3061.0160827636719,0,0.0067631670959034107,0.1,0.0074,1,0,33
1551.5,0,3061.0160827636719,0,0,-3061.0160827636719,0,0.0067631749567855226,0.1,0.0066,1,0,33
1551.625,0,3061.0122680664062,0,-0.030517578125,-3061.0122680664062,0,0.0067636132314496666,0.1,0.0066,1,0,33
1551.75,0,3061.0122680664062,0,0,-3061.0122680664062,0,0.0067636149367446829,0.1,0.0072,1,0,33
1551.875,0,3061.0160827636719,0,0.030517578125,-3061.0160827636719,0,0.0067631860497858742,0.1,0.0068,1,0,33
1552,0,3061.0122680664062,0,-0.030517578125,-3061.0122680664062,0,0.0067636241174929834,0.1,0.0068,1,0,33
1552.125,0,3061.0160827636719,0,0.030517578125,-3061.0160827636719,0,0.0067631950592531437,0.1,0.0074,1,0,33
1552.25,0,3061.0160827636719,0,0,-3061.0160827636719,0,0.0067632023984358219,0.1,0.0062,1,0,33
1552.375,0,3061.0122680664062,0,-0.030517578125,-3061.0122680664062,0,0.0067636401611336355,0.1,0.0066,1,0,33
1552.5,0,3061.0122680664062,0,0,-3061.0122680664062,0,0.0067636413640138476,0.1,0.006,1,0,33
1552.625,0,3061.0160827636719,0,0.030517578125,-3061.0160827636719,0,0.0067632119840135563,0.1,0.0052,1,0,33
1552.75,0,3061.0084533691406,0,-0.06103515625,-3061.0084533691406,0,0.00676408012831653,0.1,0.0062,1,0,33
1552.875,0,3061.0122680664062,0,0.030517578125,-3061.0122680664062,0,0.0067636447302510533,0.1,0.0068,1,0,33
1553,0,3061.0122680664062,0,0,-3061.0122680664062,0,0.0067636458478873285,0.1,0.0056,1,0,33
1553.125,0,3061.0084533691406,0,-0.030517578125,-3061.0084533691406,0,0.0067640775051112795,0.1,0.007,1,0,33
1553.25,0,3061.0122680664062,0,0.030517578125,-3061.0122680664062,0,0.0067636421559857524,0.1,0.0062,1,0,33
1553.375,0,3061.0084533691406,0,-0.030517578125,-3061.0084533691406,0,0.0067640738820878288,0.1,0.007,1,0,33
1553.5,0,3061.0122680664062,0,0.030517578125,-3061.0122680664062,0,0.0067636386005553994,0.1,0.0058,1,0,33
1553.625,0,3061.0160827636719,0,0.030517578125,-3061.0160827636719,0,0.0067632092721116865,0.1,0.0064,1,0,33
1553.75,0,3061.0122680664062,0,-0.030517578125,-3061.0122680664062,0,0.00676364690657047,0.1,0.0062,1,0,33
1553.875,0,3061.0122680664062,0,0,-3061.0122680664062,0,0.00676364798360414,0.1,0.0062,1,0,33
1554,0,3061.0084533691406,0,-0.030517578125,-3061.0084533691406,0,0.0067640796009830056,0.1,0.0064,1,0,33
1554.125,0,3061.004638671875,0,-0.030517578125,-3061.004638671875,0,0.0067645053336335831,0.1,0.0072,1,0,33
1554.25,0,3061.004638671875,0,0,-3061.004638671875,0,0.0067644947309056513,0.1,0.0064,1,0,33
1554.375,0,3061.0122680664062,0,0.06103515625,-3061.0122680664062,0,0.0067636232051101475,0.1,0.0056,1,0,33
1554.5,0,3061.0084533691406,0,-0.030517578125,-3061.0084533691406,0,0.0067640552847700458,0.1,0.0068,1,0,33
1554.625,0,3061.0122680664062,0,0.030517578125,-3061.0122680664062,0,0.00676362035019927,0.1,0.0066,1,0,33
1554.75,0,3061.0122680664062,0,0,-3061.0122680664062,0,0.0067636219226830246,0.1,0.0062,1,0,33
1554.875,0,3061.004638671875,0,-0.06103515625,-3061.004638671875,0,0.0067644845867075032,0.1,0.0068,1,0,33
1555,0,3061.0122680664062,0,0.06103515625,-3061.0122680664062,0,0.006763613250167666,0.1,0.0058,1,0,33
1555.125,0,3061.0084533691406,0,-0.030517578125,-3061.0084533691406,0,0.0067640455155523888,0.1,0.006,1,0,33
1555.25,0,3061.0160827636719,0,0.06103515625,-3061.0160827636719,0,0.0067631802028025323,0.1,0.0064,1,0,33
1555.375,0,3061.0122680664062,0,-0.030517578125,-3061.0122680664062,0,0.0067636183795941329,0.1,0.006,1,0,33
1555.5,0,3061.0122680664062,0,0,-3061.0122680664062,0,0.0067636199888425758,0.1,0.0072,1,0,33
1555.625,0,3061.0122680664062,0,0,-3061.0122680664062,0,0.0067636215680680067,0.1,0.0056,1,0,33
1555.75,0,3061.0084533691406,0,-0.030517578125,-3061.0084533691406,0,0.0067640536782694605,0.1,0.006,1,0,33
1555.875,0,3061.0122680664062,0,0.030517578125,-3061.0122680664062,0,0.0067636187736704323,0.1,0.0066,1,0,33
1556,0,3061.0084533691406,0,-0.030517578125,-3061.0084533691406,0,0.0067640509360056833,0.1,0.007,1,0,33
1556.125,0,3061.004638671875,0,-0.030517578125,-3061.004638671875,0,0.00676447720344564,0.1,0.0068,1,0,33
1556.25,0,3061.0084533691406,0,0.030517578125,-3061.0084533691406,0,0.006764036565090864,0.1,0.0064,1,0,33
1556.375,0,3061.0084533691406,0,0,-3061.0084533691406,0,0.00676403254020351,0.1,0.006,1,0,33
1556.5,0,3061.0084533691406,0,0,-3061.0084533691406,0,0.0067640285904066316,0.1,0.006,1,0,33
1556.625,0,3061.0084533691406,0,0,-3061.0084533691406,0,0.0067640247142993215,0.1,0.0062,1,0,33
1556.75,0,3061.0122680664062,0,0.030517578125,-3061.0122680664062,0,0.00676359035006785,0.1,0.007,1,0,33
1556.875,0,3061.0160827636719,0,0.030517578125,-3061.0160827636719,0,0.0067631619218114364,0.1,0.0054,1,0,33
1557,0,3061.0122680664062,0,-0.030517578125,-3061.0122680664062,0,0.0067636004396631338,0.1,0.006,1,0,33
1557.125,0,3061.0160827636719,0,0.030517578125,-3061.0160827636719,0,0.006763171823169753,0.1,0.0064,1,0,33
1557.25,0,3061.0160827636719,0,0,-3061.0160827636719,0,0.006763179595857427,0.1,0.0068,1,0,33
1557.375,0,3061.0160827636719,0,0,-3061.0160827636719,0,0.0067631872235336121,0.1,0.0054,1,0,33
1557.5,0,3061.0160827636719,0,0,-3061.0160827636719,0,0.0067631947089037275,0.1,0.006,1,0,33
1557.625,0,3061.0160827636719,0,0,-3061.0160827636719,0,0.006763202054622719,0.1,0.007,1,0,33
1557.75,0,3061.0122680664062,0,-0.030517578125,-3061.0122680664062,0,0.0067636398237348877,0.1,0.0064,1,0,33
1557.875,0,3061.0084533691406,0,-0.030517578125,-3061.0084533691406,0,0.0067640715933487,0.1,0.0072,1,0,33
1558,0,3061.0084533691406,0,0,-3061.0084533691406,0,0.0067640669149551386,0.1,0.0072,1,0,33
1558.125,0,3061.0160827636719,0,0.06103515625,-3061.0160827636719,0,0.006763201202966404,0.1,0.0054,1,0,33
1558.25,0,3061.0084533691406,0,-0.06103515625,-3061.0084533691406,0,0.0067640695484064567,0.1,0.0058,1,0,33
1558.375,0,3061.0160827636719,0,0.06103515625,-3061.0160827636719,0,0.00676320378728662,0.1,0.0062,1,0,33
1558.5,0,3061.0084533691406,0,-0.06103515625,-3061.0084533691406,0,0.0067640720845121849,0.1,0.0066,1,0,33
1558.625,0,3061.0122680664062,0,0.030517578125,-3061.0122680664062,0,0.0067636368365163041,0.1,0.0064,1,0,33
1558.75,0,3061.0122680664062,0,0,-3061.0122680664062,0,0.0067636381014223729,0.1,0.0068,1,0,33
1558.875,0,3061.004638671875,0,-0.06103515625,-3061.004638671875,0,0.0067645004636074924,0.1,0.0066,1,0,33
1559,0,3061.0122680664062,0,0.06103515625,-3061.0122680664062,0,0.0067636288308595832,0.1,0.0068,1,0,33
1559.125,0,3061.0160827636719,0,0.030517578125,-3061.0160827636719,0,0.006763199684684626,0.1,0.0044,1,0,33
1559.25,0,3061.0122680664062,0,-0.030517578125,-3061.0122680664062,0,0.0067636374980116487,0.1,0.006,1,0,33
1559.375,0,3061.0122680664062,0,0,-3061.0122680664062,0,0.0067636387505765061,0.1,0.0072,1,0,33
1559.5,0,3061.0160827636719,0,0.030517578125,-3061.0160827636719,0,0.0067632094193339209,0.1,0.0062,1,0,33
1559.625,0,3061.0084533691406,0,-0.06103515625,-3061.0084533691406,0,0.0067640776114849532,0.1,0.0064,1,0,33
1559.75,0,3061.0084533691406,0,0,-3061.0084533691406,0,0.006764072820813774,0.1,0.007,1,0,33
1559.875,0,3061.0122680664062,0,0.030517578125,-3061.0122680664062,0,0.0067636375590810482,0.1,0.0058,1,0,33
1560,0,3061.0122680664062,0,0,-3061.0122680664062,0,0.006763638810506567,0.1,0.006,1,0,33
1560.125,0,3061.0122680664062,0,0,-3061.0122680664062,0,0.0067636400385848033,0.1,0.0052,1,0,33
1560.25,0,3061.0122680664062,0,0,-3061.0122680664062,0,0.0067636412437513532,0.1,0.0064,1,0,33
1560.375,0,3061.0160827636719,0,0.030517578125,-3061.0160827636719,0,0.0067632118659947393,0.1,0.007,1,0,33
1560.5,0,3061.0084533691406,0,-0.06103515625,-3061.0084533691406,0,0.0067640800124995487,0.1,0.0066,1,0,33
1560.625,0,3061.0084533691406,0,0,-3061.0084533691406,0,0.0067640751770337432,0.1,0.0066,1,0,33
1560.75,0,3061.0122680664062,0,0.030517578125,-3061.0122680664062,0,0.0067636398713420975,0.1,0.0066,1,0,33
1560.875,0,3061.004638671875,0,-0.06103515625,-3061.004638671875,0,0.0067645022005066446,0.1,0.0056,1,0,33
1561,0,3061.0084533691406,0,0.030517578125,-3061.0084533691406,0,0.0067640610957931113,0.1,0.0058,1,0,33
1561.125,0,3061.0198974609375,0,0.091552734375,-3061.0198974609375,0,0.0067627649319308564,0.1,0.007,1,0,33
1561.25,0,3061.0084533691406,0,-0.091552734375,-3061.0084533691406,0,0.0067640698093592438,0.1,0.0066,1,0,33
1561.375,0,3061.0122680664062,0,0.030517578125,-3061.0122680664062,0,0.00676363460380984,0.1,0.0072,1,0,33
1561.5,0,3061.0084533691406,0,-0.030517578125,-3061.0084533691406,0,0.0067640664708094045,0.1,0.0062,1,0,33
1561.625,0,3061.0122680664062,0,0.030517578125,-3061.0122680664062,0,0.0067636313275458021,0.1,0.0062,1,0,33
1561.75,0,3061.0084533691406,0,-0.030517578125,-3061.0084533691406,0,0.0067640632556691394,0.1,0.0064,1,0,33
1561.875,0,3061.0122680664062,0,0.030517578125,-3061.0122680664062,0,0.0067636281723889441,0.1,0.0068,1,0,33
1562,0,3061.0084533691406,0,-0.030517578125,-3061.0084533691406,0,0.0067640601593765975,0.1,0.0064,1,0,33
1562.125,0,3061.0122680664062,0,0.030517578125,-3061.0122680664062,0,0.0067636251338625136,0.1,0.0054,1,0,33
1562.25,0,3061.0122680664062,0,0,-3061.0122680664062,0,0.0067636266170996578,0.1,0.0062,1,0,33
1562.375,0,3061.0122680664062,0,0,-3061.0122680664062,0,0.0067636280726647152,0.1,0.0068,1,0,33
1562.5,0,3061.0122680664062,0,0,-3061.0122680664062,0,0.0067636295010739672,0.1,0.0062,1,0,33
1562.625,0,3061.0122680664062,0,0,-3061.0122680664062,0,0.0067636309028340363,0.1,0.007,1,0,33
1562.75,0,3061.0122680664062,0,0,-3061.0122680664062,0,0.0067636322784421082,0.1,0.006,1,0,33
1562.875,0,3061.0084533691406,0,-0.030517578125,-3061.0084533691406,0,0.0067640641888249975,0.1,0.0064,1,0,33
1563,0,3061.0122680664062,0,0.030517578125,-3061.0122680664062,0,0.0067636290881353395,0.1,0.0068,1,0,33
1563.125,0,3061.0122680664062,0,0,-3061.0122680664062,0,0.0067636304975994127,0.1,0.006,1,0,33
1563.25,0,3061.0160827636719,0,0.030517578125,-3061.0160827636719,0,0.0067632013203288432,0.1,0.0056,1,0,33
1563.375,0,3061.0084533691406,0,-0.06103515625,-3061.0084533691406,0,0.0067640696635793141,0.1,0.0054,1,0,33
1563.5,0,3061.0084533691406,0,0,-3061.0084533691406,0,0.0067640650211885783,0.1,0.0064,1,0,33
1563.625,0,3061.0122680664062,0,0.030517578125,-3061.0122680664062,0,0.0067636299049698978,0.1,0.0066,1,0,33
1563.75,0,3061.0084533691406,0,-0.030517578125,-3061.0084533691406,0,0.0067640618596335744,0.1,0.0066,1,0,33
1563.875,0,3061.0122680664062,0,0.030517578125,-3061.0122680664062,0,0.0067636268023985729,0.1,0.0058,1,0,33
1564,0,3061.0160827636719,0,0.030517578125,-3061.0160827636719,0,0.0067631976940676769,0.1,0.006,1,0,33
1564.125,0,3061.0122680664062,0,-0.030517578125,-3061.0122680664062,0,0.0067636355445327284,0.1,0.0072,1,0,33
1564.25,0,3061.0122680664062,0,0,-3061.0122680664062,0,0.0067636368335427521,0.1,0.0058,1,0,33
1564.375,0,3061.0084533691406,0,-0.030517578125,-3061.0084533691406,0,0.0067640686589432175,0.1,0.0068,1,0,33
1564.5,0,3061.0160827636719,0,0.06103515625,-3061.0160827636719,0,0.00676320291441769,0.1,0.0062,1,0,33
1564.625,0,3061.0084533691406,0,-0.06103515625,-3061.0084533691406,0,0.0067640712279279785,0.1,0.0054,1,0,33
1564.75,0,3061.0122680664062,0,0.030517578125,-3061.0122680664062,0,0.0067636359959129949,0.1,0.0064,1,0,33
1564.875,0,3061.0122680664062,0,0,-3061.0122680664062,0,0.0067636372765018243,0.1,0.0068,1,0,33
1565,0,3061.004638671875,0,-0.06103515625,-3061.004638671875,0,0.0067644996540771191,0.1,0.0058,1,0,33
1565.125,0,3061.0160827636719,0,0.091552734375,-3061.0160827636719,0,0.0067631974759933405,0.1,0.0054,1,0,33
1565.25,0,3061.0122680664062,0,-0.030517578125,-3061.0122680664062,0,0.0067636353305269153,0.1,0.0062,1,0,33
1565.375,0,3061.0122680664062,0,0,-3061.0122680664062,0,0.0067636366235295509,0.1,0.0068,1,0,33
1565.5,0,3061.0198974609375,0,0.06103515625,-3061.0198974609375,0,0.0067627767715313369,0.1,0.007,1,0,33
1565.625,0,3061.0084533691406,0,-0.091552734375,-3061.0084533691406,0,0.0067640814280737205,0.1,0.0062,1,0,33
1565.75,0,3061.0084533691406,0,0,-3061.0084533691406,0,0.0067640765661981933,0.1,0.0054,1,0,33
1565.875,0,3061.0122680664062,0,0.030517578125,-3061.0122680664062,0,0.006763641234589543,0.1,0.0068,1,0,33
1566,0,3061.0122680664062,0,0,-3061.0122680664062,0,0.0067636424174427751,0.1,0.0064,1,0,33
1566.125,0,3061.0122680664062,0,0,-3061.0122680664062,0,0.0067636435782280485,0.1,0.0062,1,0,33
1566.25,0,3061.0084533691406,0,-0.030517578125,-3061.0084533691406,0,0.0067640752777960028,0.1,0.0056,1,0,33
1566.375,0,3061.0084533691406,0,0,-3061.0084533691406,0,0.0067640705306633853,0.1,0.0068,1,0,33
1566.5,0,3061.0160827636719,0,0.06103515625,-3061.0160827636719,0,0.0067632047512180271,0.1,0.0064,1,0,33
1566.625,0,3061.0084533691406,0,-0.06103515625,-3061.0084533691406,0,0.0067640730304599633,0.1,0.006,1,0,33
1566.75,0,3061.0160827636719,0,0.06103515625,-3061.0160827636719,0,0.00676320720437705,0.1,0.0068,1,0,33
1566.875,0,3061.0122680664062,0,-0.030517578125,-3061.0122680664062,0,0.006763644877412614,0.1,0.0054,1,0,33
1567,0,3061.0160827636719,0,0.030517578125,-3061.0160827636719,0,0.00676321543186445,0.1,0.006,1,0,33
1567.125,0,3061.0160827636719,0,0,-3061.0160827636719,0,0.0067632223909646211,0.1,0.0068,1,0,33
1567.25,0,3061.0160827636719,0,0,-3061.0160827636719,0,0.0067632292202320365,0.1,0.0068,1,0,33
1567.375,0,3061.0198974609375,0,0.030517578125,-3061.0198974609375,0,0.0067628053616499706,0.1,0.0054,1,0,33
1567.5,0,3061.0084533691406,0,-0.091552734375,-3061.0084533691406,0,0.0067641094847995659,0.1,0.0066,1,0,33
1567.625,0,3061.0160827636719,0,0.06103515625,-3061.0160827636719,0,0.006763242978604686,0.1,0.0058,1,0,33
1567.75,0,3061.0160827636719,0,0,-3061.0160827636719,0,0.0067632494237779145,0.1,0.0062,1,0,33
1567.875,0,3061.0198974609375,0,0.030517578125,-3061.0198974609375,0,0.0067628251882675128,0.1,0.0074,1,0,33
1568,0,3061.0160827636719,0,-0.030517578125,-3061.0160827636719,0,0.00676326782064314,0.1,0.0062,1,0,33
1568.125,0,3061.0122680664062,0,-0.030517578125,-3061.0122680664062,0,0.0067637043627887111,0.1,0.0054,1,0,33
1568.25,0,3061.0122680664062,0,0,-3061.0122680664062,0,0.0067637043678879655,0.1,0.0068,1,0,33
1568.375,0,3061.0122680664062,0,0,-3061.0122680664062,0,0.0067637043728920876,0.1,0.005,1,0,33
1568.5,0,3061.004638671875,0,-0.06103515625,-3061.004638671875,0,0.00676456549868068,0.1,0.0066,1,0,33
1568.625,0,3061.0122680664062,0,0.06103515625,-3061.0122680664062,0,0.006763692652603126,0.1,0.0068,1,0,33
1568.75,0,3061.0122680664062,0,0,-3061.0122680664062,0,0.0067636928761739684,0.1,0.0062,1,0,33
1568.875,0,3061.0122680664062,0,0,-3061.0122680664062,0,0.0067636930955737445,0.1,0.006,1,0,33
1569,0,3061.004638671875,0,-0.06103515625,-3061.004638671875,0,0.0067645544317581074,0.1,0.0072,1,0,33
1569.125,0,3061.0160827636719,0,0.091552734375,-3061.0160827636719,0,0.0067632512317121612,0.1,0.0062,1,0,33
1569.25,0,3061.0122680664062,0,-0.030517578125,-3061.0122680664062,0,0.0067636880833498447,0.1,0.006,1,0,33
1569.375,0,3061.0160827636719,0,0.030517578125,-3061.0160827636719,0,0.0067632578317282366,0.1,0.0058,1,0,33
1569.5,0,3061.0084533691406,0,-0.06103515625,-3061.0084533691406,0,0.0067641251206713437,0.1,0.0062,1,0,33
1569.625,0,3061.0160827636719,0,0.06103515625,-3061.0160827636719,0,0.006763258322765156,0.1,0.0064,1,0,33
1569.75,0,3061.0084533691406,0,-0.06103515625,-3061.0084533691406,0,0.0067641256025472163,0.1,0.0058,1,0,33
1569.875,0,3061.0122680664062,0,0.030517578125,-3061.0122680664062,0,0.0067636893560898,0.1,0.0054,1,0,33
1570,0,3061.0160827636719,0,0.030517578125,-3061.0160827636719,0,0.006763259080723269,0.1,0.007,1,0,33
1570.125,0,3061.0160827636719,0,0,-3061.0160827636719,0,0.00676326522548662,0.1,0.0068,1,0,33
1570.25,0,3061.0122680664062,0,-0.030517578125,-3061.0122680664062,0,0.0067637018160488505,0.1,0.006,1,0,33
1570.375,0,3061.0160827636719,0,0.030517578125,-3061.0160827636719,0,0.00676327130822256,0.1,0.0054,1,0,33
1570.5,0,3061.0160827636719,0,0,-3061.0160827636719,0,0.0067632772248630429,0.1,0.0054,1,0,33
1570.625,0,3061.0160827636719,0,0,-3061.0160827636719,0,0.0067632830311194769,0.1,0.0062,1,0,33
1570.75,0,3061.0084533691406,0,-0.06103515625,-3061.0084533691406,0,0.0067641498499290548,0.1,0.006,1,0,33
1570.875,0,3061.0122680664062,0,0.030517578125,-3061.0122680664062,0,0.0067637131510993181,0.1,0.0064,1,0,33
1571,0,3061.0122680664062,0,0,-3061.0122680664062,0,0.0067637129922390737,0.1,0.0068,1,0,33
1571.125,0,3061.0122680664062,0,0,-3061.0122680664062,0,0.0067637128363426113,0.1,0.006,1,0,33
1571.25,0,3061.0160827636719,0,0.030517578125,-3061.0160827636719,0,0.0067632821229157286,0.1,0.006,1,0,33
1571.375,0,3061.0084533691406,0,-0.06103515625,-3061.0084533691406,0,0.0067641489586692527,0.1,0.0058,1,0,33
1571.5,0,3061.0122680664062,0,0.030517578125,-3061.0122680664062,0,0.00676371227646734,0.1,0.0064,1,0,33
1571.625,0,3061.0084533691406,0,-0.030517578125,-3061.0084533691406,0,0.0067641426943636229,0.1,0.0054,1,0,33
1571.75,0,3061.0084533691406,0,0,-3061.0084533691406,0,0.0067641366894709148,0.1,0.006,1,0,33
1571.875,0,3061.004638671875,0,-0.030517578125,-3061.004638671875,0,0.0067645613570476576,0.1,0.0074,1,0,33
1572,0,3061.0084533691406,0,0.030517578125,-3061.0084533691406,0,0.0067641191486775692,0.1,0.0064,1,0,33
1572.125,0,3061.0160827636719,0,0.06103515625,-3061.0160827636719,0,0.0067632524621881324,0.1,0.0072,1,0,33
1572.25,0,3061.0122680664062,0,-0.030517578125,-3061.0122680664062,0,0.0067636892908693874,0.1,0.0052,1,0,33
1572.375,0,3061.0084533691406,0,-0.030517578125,-3061.0084533691406,0,0.0067641201375974735,0.1,0.0064,1,0,33
1572.5,0,3061.004638671875,0,-0.030517578125,-3061.004638671875,0,0.0067645451139749513,0.1,0.007,1,0,33
1572.625,0,3061.0122680664062,0,0.06103515625,-3061.0122680664062,0,0.0067636726482055431,0.1,0.0064,1,0,33
1572.75,0,3061.0122680664062,0,0,-3061.0122680664062,0,0.0067636732449892906,0.1,0.006,1,0,33
1572.875,0,3061.0122680664062,0,0,-3061.0122680664062,0,0.0067636738306391109,0.1,0.0058,1,0,33
1573,0,3061.0198974609375,0,0.06103515625,-3061.0198974609375,0,0.0067628132844848587,0.1,0.0066,1,0,33
1573.125,0,3061.0122680664062,0,-0.06103515625,-3061.0122680664062,0,0.0067636866993828343,0.1,0.006,1,0,33
1573.25,0,3061.004638671875,0,-0.06103515625,-3061.004638671875,0,0.0067645481548980063,0.1,0.006,1,0,33
1573.375,0,3061.004638671875,0,0,-3061.004638671875,0,0.0067645367532733064,0.1,0.0074,1,0,33
1573.5,0,3061.0122680664062,0,0.06103515625,-3061.0122680664062,0,0.0067636644434856813,0.1,0.0056,1,0,33
1573.625,0,3061.0122680664062,0,0,-3061.0122680664062,0,0.0067636651933411368,0.1,0.0062,1,0,33
1573.75,0,3061.0122680664062,0,0,-3061.0122680664062,0,0.00676366592920688,0.1,0.0062,1,0,33
1573.875,0,3061.0084533691406,0,-0.030517578125,-3061.0084533691406,0,0.0067640972117828241,0.1,0.0068,1,0,33
1574,0,3061.0160827636719,0,0.06103515625,-3061.0160827636719,0,0.0067632309345600078,0.1,0.0066,1,0,33
1574.125,0,3061.0122680664062,0,-0.030517578125,-3061.0122680664062,0,0.00676366816487238,0.1,0.0076,1,0,33
1574.25,0,3061.0084533691406,0,-0.030517578125,-3061.0084533691406,0,0.0067640994057385356,0.1,0.0066,1,0,33
1574.375,0,3061.0122680664062,0,0.030517578125,-3061.0122680664062,0,0.0067636636480230133,0.1,0.006,1,0,33
1574.5,0,3061.0084533691406,0,-0.030517578125,-3061.0084533691406,0,0.0067640949731579691,0.1,0.0074,1,0,33
1574.625,0,3061.0160827636719,0,0.06103515625,-3061.0160827636719,0,0.006763228737700161,0.1,0.0052,1,0,33
1574.75,0,3061.0084533691406,0,-0.06103515625,-3061.0084533691406,0,0.0067640965694372585,0.1,0.005,1,0,33
1574.875,0,3061.004638671875,0,-0.030517578125,-3061.004638671875,0,0.0067645219855151373,0.1,0.0066,1,0,33
1575,0,3061.0084533691406,0,0.030517578125,-3061.0084533691406,0,0.0067640805116817443,0.1,0.0066,1,0,33
1575.125,0,3061.0122680664062,0,0.030517578125,-3061.0122680664062,0,0.006763645106464003,0.1,0.0064,1,0,33
1575.25,0,3061.0084533691406,0,-0.030517578125,-3061.0084533691406,0,0.0067640767775203475,0.1,0.0064,1,0,33
1575.375,0,3061.0084533691406,0,0,-3061.0084533691406,0,0.00676407200240807,0.1,0.007,1,0,33
1575.5,0,3061.004638671875,0,-0.030517578125,-3061.004638671875,0,0.00676449787682179,0.1,0.006,1,0,33
1575.625,0,3061.0084533691406,0,0.030517578125,-3061.0084533691406,0,0.0067640568527732731,0.1,0.0048,1,0,33
1575.75,0,3061.0122680664062,0,0.030517578125,-3061.0122680664062,0,0.0067636218889489813,0.1,0.0064,1,0,33
1575.875,0,3061.0084533691406,0,-0.030517578125,-3061.0084533691406,0,0.0067640539931639043,0.1,0.0072,1,0,33
1576,0,3061.0084533691406,0,0,-3061.0084533691406,0,0.0067640496431289471,0.1,0.0062,1,0,33
1576.125,0,3061.0160827636719,0,0.06103515625,-3061.0160827636719,0,0.0067631842533727865,0.1,0.006,1,0,33
1576.25,0,3061.0122680664062,0,-0.030517578125,-3061.0122680664062,0,0.0067636223545947532,0.1,0.006,1,0,33
1576.375,0,3061.0122680664062,0,0,-3061.0122680664062,0,0.0067636238896834205,0.1,0.0064,1,0,33
1576.5,0,3061.0122680664062,0,0,-3061.0122680664062,0,0.0067636253961326359,0.1,0.0068,1,0,33
1576.625,0,3061.0122680664062,0,0,-3061.0122680664062,0,0.006763626874476722,0.1,0.007,1,0,33
1576.75,0,3061.0084533691406,0,-0.030517578125,-3061.0084533691406,0,0.0067640588856789224,0.1,0.0068,1,0,33
1576.875,0,3061.0084533691406,0,0,-3061.0084533691406,0,0.006764054444366549,0.1,0.0062,1,0,33
1577,0,3061.0122680664062,0,0.030517578125,-3061.0122680664062,0,0.0067636195254748011,0.1,0.0068,1,0,33
1577.125,0,3061.0198974609375,0,0.06103515625,-3061.0198974609375,0,0.006762759992467185,0.1,0.007,1,0,33
1577.25,0,3061.0122680664062,0,-0.06103515625,-3061.0122680664062,0,0.0067636344016099859,0.1,0.006,1,0,33
1577.375,0,3061.0084533691406,0,-0.030517578125,-3061.0084533691406,0,0.0067640662723819078,0.1,0.0058,1,0,33
1577.5,0,3061.0122680664062,0,0.030517578125,-3061.0122680664062,0,0.0067636311328202747,0.1,0.0066,1,0,33
1577.625,0,3061.0122680664062,0,0,-3061.0122680664062,0,0.0067636325041375983,0.1,0.0064,1,0,33
1577.75,0,3061.0122680664062,0,0,-3061.0122680664062,0,0.006763633849870887,0.1,0.006,1,0,33
1577.875,0,3061.0198974609375,0,0.06103515625,-3061.0198974609375,0,0.0067627740496195576,0.1,0.0062,1,0,33
1578,0,3061.0160827636719,0,-0.030517578125,-3061.0160827636719,0,0.0067632176360655771,0.1,0.0066,1,0,33
1578.125,0,3061.0160827636719,0,0,-3061.0160827636719,0,0.0067632245540429764,0.1,0.005,1,0,33
1578.25,0,3061.0084533691406,0,-0.06103515625,-3061.0084533691406,0,0.006764092463832666,0.1,0.0058,1,0,33
1578.375,0,3061.0122680664062,0,0.030517578125,-3061.0122680664062,0,0.0067636568356291005,0.1,0.0064,1,0,33
1578.5,0,3061.0084533691406,0,-0.030517578125,-3061.0084533691406,0,0.0067640882878597791,0.1,0.006,1,0,33
1578.625,0,3061.0122680664062,0,0.030517578125,-3061.0122680664062,0,0.0067636527375654343,0.1,0.0064,1,0,33
1578.75,0,3061.0084533691406,0,-0.030517578125,-3061.0084533691406,0,0.0067640842662518158,0.1,0.0072,1,0,33
1578.875,0,3061.0122680664062,0,0.030517578125,-3061.0122680664062,0,0.0067636487909867732,0.1,0.007,1,0,33
1579,0,3061.0122680664062,0,0,-3061.0122680664062,0,0.0067636498328637468,0.1,0.0056,1,0,33
1579.125,0,3061.004638671875,0,-0.06103515625,-3061.004638671875,0,0.0067645119761807343,0.1,0.0066,1,0,33
1579.25,0,3061.0122680664062,0,0.06103515625,-3061.0122680664062,0,0.00676364012864801,0.1,0.0064,1,0,33
1579.375,0,3061.0084533691406,0,-0.030517578125,-3061.0084533691406,0,0.0067640718925731924,0.1,0.0068,1,0,33
1579.5,0,3061.0122680664062,0,0.030517578125,-3061.0122680664062,0,0.006763636648158225,0.1,0.006,1,0,33
1579.625,0,3061.0122680664062,0,0,-3061.0122680664062,0,0.0067636379165784133,0.1,0.0072,1,0,33
1579.75,0,3061.0122680664062,0,0,-3061.0122680664062,0,0.0067636391613342672,0.1,0.0056,1,0,33
1579.875,0,3061.0122680664062,0,0,-3061.0122680664062,0,0.006763640382867267,0.1,0.0068,1,0,33
1580,0,3061.0198974609375,0,0.06103515625,-3061.0198974609375,0,0.006762780460732809,0.1,0.0054,1,0,33
1580.125,0,3061.0084533691406,0,-0.091552734375,-3061.0084533691406,0,0.0067640850484474435,0.1,0.0064,1,0,33
1580.25,0,3061.0084533691406,0,0,-3061.0084533691406,0,0.0067640801190282512,0.1,0.0068,1,0,33
1580.375,0,3061.0084533691406,0,0,-3061.0084533691406,0,0.00676407528157498,0.1,0.0068,1,0,33
1580.5,0,3061.0122680664062,0,0.030517578125,-3061.0122680664062,0,0.00676363997393295,0.1,0.006,1,0,33
1580.625,0,3061.0084533691406,0,-0.030517578125,-3061.0084533691406,0,0.0067640717407445872,0.1,0.0062,1,0,33
1580.75,0,3061.0084533691406,0,0,-3061.0084533691406,0,0.0067640670596011282,0.1,0.006,1,0,33
1580.875,0,3061.0122680664062,0,0.030517578125,-3061.0122680664062,0,0.0067636319053527155,0.1,0.0054,1,0,33
1581,0,3061.0122680664062,0,0,-3061.0122680664062,0,0.0067636332622572487,0.1,0.006,1,0,33
1581.125,0,3061.0160827636719,0,0.030517578125,-3061.0160827636719,0,0.00676320403340773,0.1,0.0066,1,0,33
1581.25,0,3061.0084533691406,0,-0.06103515625,-3061.0084533691406,0,0.0067640723260415231,0.1,0.0062,1,0,33
1581.375,0,3061.0084533691406,0,0,-3061.0084533691406,0,0.0067640676339784517,0.1,0.0064,1,0,33
1581.5,0,3061.0084533691406,0,0,-3061.0084533691406,0,0.0067640630294530518,0.1,0.0064,1,0,33
1581.625,0,3061.0122680664062,0,0.030517578125,-3061.0122680664062,0,0.0067636279503932722,0.1,0.007,1,0,33
1581.75,0,3061.0160827636719,0,0.030517578125,-3061.0160827636719,0,0.0067631988206447724,0.1,0.0072,1,0,33
1581.875,0,3061.0122680664062,0,-0.030517578125,-3061.0122680664062,0,0.0067636366500918033,0.1,0.0054,1,0,33
1582,0,3061.0084533691406,0,-0.030517578125,-3061.0084533691406,0,0.0067640684789148225,0.1,0.006,1,0,33
1582.125,0,3061.0084533691406,0,0,-3061.0084533691406,0,0.0067640638586258378,0.1,0.0058,1,0,33
1582.25,0,3061.0122680664062,0,0.030517578125,-3061.0122680664062,0,0.0067636287640965576,0.1,0.0072,1,0,33
1582.375,0,3061.0122680664062,0,0,-3061.0122680664062,0,0.0067636301796060727,0.1,0.006,1,0,33
1582.5,0,3061.0122680664062,0,0,-3061.0122680664062,0,0.0067636315687070736,0.1,0.0058,1,0,33
1582.625,0,3061.0122680664062,0,0,-3061.0122680664062,0,0.0067636329318922633,0.1,0.0066,1,0,33
1582.75,0,3061.0122680664062,0,0,-3061.0122680664062,0,0.0067636342696451163,0.1,0.0066,1,0,33
1582.875,0,3061.0122680664062,0,0,-3061.0122680664062,0,0.0067636355824401279,0.1,0.0058,1,0,33
1583,0,3061.0084533691406,0,-0.030517578125,-3061.0084533691406,0,0.0067640674311818388,0.1,0.0054,1,0,33
1583.125,0,3061.0160827636719,0,0.06103515625,-3061.0160827636719,0,0.0067632017095621,0.1,0.0066,1,0,33
1583.25,0,3061.0122680664062,0,-0.030517578125,-3061.0122680664062,0,0.0067636394851119108,0.1,0.0054,1,0,33
1583.375,0,3061.0160827636719,0,0.030517578125,-3061.0160827636719,0,0.0067632101401654265,0.1,0.0064,1,0,33
1583.5,0,3061.0160827636719,0,0,-3061.0160827636719,0,0.0067632171979904177,0.1,0.0062,1,0,33
1583.625,0,3061.0084533691406,0,-0.06103515625,-3061.0084533691406,0,0.0067640852450186195,0.1,0.0074,1,0,33
1583.75,0,3061.0122680664062,0,0.030517578125,-3061.0122680664062,0,0.00676364975149317,0.1,0.006,1,0,33
1583.875,0,3061.0122680664062,0,0,-3061.0122680664062,0,0.0067636507754504221,0.1,0.0066,1,0,33
1584,0,3061.0122680664062,0,0,-3061.0122680664062,0,0.006763651780304164,0.1,0.0064,1,0,33
1584.125,0,3061.0122680664062,0,0,-3061.0122680664062,0,0.0067636527664108187,0.1,0.0074,1,0,33
1584.25,0,3061.0122680664062,0,0,-3061.0122680664062,0,0.00676365373412012,0.1,0.0056,1,0,33
1584.375,0,3061.0160827636719,0,0.030517578125,-3061.0160827636719,0,0.0067632241233364088,0.1,0.0066,1,0,33
1584.5,0,3061.0160827636719,0,0,-3061.0160827636719,0,0.0067632309202837609,0.1,0.0068,1,0,33
1584.625,0,3061.0160827636719,0,0,-3061.0160827636719,0,0.0067632375904235764,0.1,0.0066,1,0,33
1584.75,0,3061.0122680664062,0,-0.030517578125,-3061.0122680664062,0,0.0067636746965605427,0.1,0.0064,1,0,33
1584.875,0,3061.0160827636719,0,0.030517578125,-3061.0160827636719,0,0.0067632446946901542,0.1,0.0064,1,0,33
1585,0,3061.0160827636719,0,0,-3061.0160827636719,0,0.00676325110784716,0.1,0.006,1,0,33
1585.125,0,3061.0122680664062,0,-0.030517578125,-3061.0122680664062,0,0.0067636879617957307,0.1,0.0068,1,0,33
1585.25,0,3061.0122680664062,0,0,-3061.0122680664062,0,0.006763688272880819,0.1,0.0064,1,0,33
1585.375,0,3061.0160827636719,0,0.030517578125,-3061.0160827636719,0,0.00676325801772322,0.1,0.0062,1,0,33
1585.5,0,3061.0122680664062,0,-0.030517578125,-3061.0122680664062,0,0.0067636947427573979,0.1,0.007,1,0,33
1585.625,0,3061.0160827636719,0,0.030517578125,-3061.0160827636719,0,0.00676326436689427,0.1,0.0062,1,0,33
1585.75,0,3061.0122680664062,0,-0.030517578125,-3061.0122680664062,0,0.0067637009734748677,0.1,0.0054,1,0,33
1585.875,0,3061.0160827636719,0,0.030517578125,-3061.0160827636719,0,0.0067632704813680861,0.1,0.0064,1,0,33
1586,0,3061.0122680664062,0,-0.030517578125,-3061.0122680664062,0,0.00676370697387374,0.1,0.0062,1,0,33
1586.125,0,3061.0160827636719,0,0.030517578125,-3061.0160827636719,0,0.00676327636982027,0.1,0.007,1,0,33
1586.25,0,3061.0084533691406,0,-0.06103515625,-3061.0084533691406,0,0.006764143312906673,0.1,0.0058,1,0,33
1586.375,0,3061.0160827636719,0,0.06103515625,-3061.0160827636719,0,0.0067632761755962584,0.1,0.0064,1,0,33
1586.5,0,3061.0122680664062,0,-0.030517578125,-3061.0122680664062,0,0.0067637125618672939,0.1,0.0064,1,0,33
1586.625,0,3061.0160827636719,0,0.030517578125,-3061.0160827636719,0,0.0067632818535611761,0.1,0.0058,1,0,33
1586.75,0,3061.0122680664062,0,-0.030517578125,-3061.0122680664062,0,0.0067637181339010172,0.1,0.007,1,0,33
1586.875,0,3061.0122680664062,0,0,-3061.0122680664062,0,0.0067637178820789262,0.1,0.0052,1,0,33
1587,0,3061.0160827636719,0,0.030517578125,-3061.0160827636719,0,0.0067632870745160528,0.1,0.0056,1,0,33
1587.125,0,3061.0122680664062,0,-0.030517578125,-3061.0122680664062,0,0.006763723257450921,0.1,0.0054,1,0,33
1587.25,0,3061.0160827636719,0,0.030517578125,-3061.0160827636719,0,0.0067632923496021846,0.1,0.0068,1,0,33
1587.375,0,3061.0160827636719,0,0,-3061.0160827636719,0,0.0067632978736832661,0.1,0.0052,1,0,33
1587.5,0,3061.0122680664062,0,-0.030517578125,-3061.0122680664062,0,0.006763733855143006,0.1,0.0062,1,0,33
1587.625,0,3061.0160827636719,0,0.030517578125,-3061.0160827636719,0,0.006763302749577968,0.1,0.0068,1,0,33
1587.75,0,3061.0122680664062,0,-0.030517578125,-3061.0122680664062,0,0.0067637386400703631,0.1,0.0062,1,0,33
1587.875,0,3061.0160827636719,0,0.030517578125,-3061.0160827636719,0,0.0067633074452351227,0.1,0.0062,1,0,33
1588,0,3061.0122680664062,0,-0.030517578125,-3061.0122680664062,0,0.0067637432481227888,0.1,0.0066,1,0,33
1588.125,0,3061.0122680664062,0,0,-3061.0122680664062,0,0.0067637425277561336,0.1,0.007,1,0,33
1588.25,0,3061.0160827636719,0,0.030517578125,-3061.0160827636719,0,0.00676331126039012,0.1,0.006,1,0,33
1588.375,0,3061.0198974609375,0,0.030517578125,-3061.0198974609375,0,0.0067628858712222989,0.1,0.0058,1,0,33
1588.5,0,3061.0122680664062,0,-0.06103515625,-3061.0122680664062,0,0.0067637579319026753,0.1,0.0068,1,0,33
1588.625,0,3061.0122680664062,0,0,-3061.0122680664062,0,0.0067637569375874479,0.1,0.0062,1,0,33
1588.75,0,3061.0084533691406,0,-0.030517578125,-3061.0084533691406,0,0.0067641865222616143,0.1,0.0062,1,0,33
1588.875,0,3061.0122680664062,0,0.030517578125,-3061.0122680664062,0,0.0067637491392529142,0.1,0.0062,1,0,33
1589,0,3061.0160827636719,0,0.030517578125,-3061.0160827636719,0,0.0067633177485392215,0.1,0.007,1,0,33
1589.125,0,3061.0084533691406,0,-0.06103515625,-3061.0084533691406,0,0.0067641839196417586,0.1,0.0054,1,0,33
1589.25,0,3061.0122680664062,0,0.030517578125,-3061.0122680664062,0,0.0067637465851889539,0.1,0.0068,1,0,33
1589.375,0,3061.0122680664062,0,0,-3061.0122680664062,0,0.0067637458025641833,0.1,0.006,1,0,33
1589.5,0,3061.0084533691406,0,-0.030517578125,-3061.0084533691406,0,0.0067641755949793964,0.1,0.007,1,0,33
1589.625,0,3061.0160827636719,0,0.06103515625,-3061.0160827636719,0,0.0067633078553970966,0.1,0.007,1,0,33
1589.75,0,3061.0160827636719,0,0,-3061.0160827636719,0,0.0067633130901936511,0.1,0.0066,1,0,33
1589.875,0,3061.0122680664062,0,-0.030517578125,-3061.0122680664062,0,0.006763748787765908,0.1,0.0064,1,0,33
1590,0,3061.0160827636719,0,0.030517578125,-3061.0160827636719,0,0.0067633174036097476,0.1,0.0066,1,0,33
1590.125,0,3061.0122680664062,0,-0.030517578125,-3061.0122680664062,0,0.0067637530207085711,0.1,0.0062,1,0,33
1590.25,0,3061.0122680664062,0,0,-3061.0122680664062,0,0.006763752118019245,0.1,0.0064,1,0,33
1590.375,0,3061.0122680664062,0,0,-3061.0122680664062,0,0.0067637512321709892,0.1,0.0072,1,0,33
1590.5,0,3061.0122680664062,0,0,-3061.0122680664062,0,0.0067637503628495965,0.1,0.0064,1,0,33
1590.625,0,3061.0160827636719,0,0.030517578125,-3061.0160827636719,0,0.0067633189493078172,0.1,0.0064,1,0,33
1590.75,0,3061.0160827636719,0,0,-3061.0160827636719,0,0.0067633239771303366,0.1,0.0054,1,0,33
1590.875,0,3061.0122680664062,0,-0.030517578125,-3061.0122680664062,0,0.0067637594715899835,0.1,0.0062,1,0,33
1591,0,3061.0122680664062,0,0,-3061.0122680664062,0,0.0067637584485495117,0.1,0.0054,1,0,33
1591.125,0,3061.0122680664062,0,0,-3061.0122680664062,0,0.006763757444595439,0.1,0.0068,1,0,33
1591.25,0,3061.0122680664062,0,0,-3061.0122680664062,0,0.0067637564593716754,0.1,0.007,1,0,33
1591.375,0,3061.0122680664062,0,0,-3061.0122680664062,0,0.0067637554925287779,0.1,0.0068,1,0,33
1591.5,0,3061.0122680664062,0,0,-3061.0122680664062,0,0.0067637545437238267,0.1,0.0054,1,0,33
1591.625,0,3061.0122680664062,0,0,-3061.0122680664062,0,0.0067637536126202991,0.1,0.0068,1,0,33
1591.75,0,3061.0160827636719,0,0.030517578125,-3061.0160827636719,0,0.0067633221384490322,0.1,0.0062,1,0,33
1591.875,0,3061.0198974609375,0,0.030517578125,-3061.0198974609375,0,0.0067628965463342322,0.1,0.0062,1,0,33
1592,0,3061.0160827636719,0,-0.030517578125,-3061.0160827636719,0,0.0067633378474150074,0.1,0.0052,1,0,33
1592.125,0,3061.0122680664062,0,-0.030517578125,-3061.0122680664062,0,0.0067637730831030946,0.1,0.0064,1,0,33
1592.25,0,3061.0122680664062,0,0,-3061.0122680664062,0,0.00676377180611884,0.1,0.006,1,0,33
1592.375,0,3061.0160827636719,0,0.030517578125,-3061.0160827636719,0,0.0067633399925197818,0.1,0.007,1,0,33
1592.5,0,3061.0160827636719,0,0,-3061.0160827636719,0,0.0067633446277487186,0.1,0.0056,1,0,33
1592.625,0,3061.0122680664062,0,-0.030517578125,-3061.0122680664062,0,0.0067637797369392155,0.1,0.0064,1,0,33
1592.75,0,3061.0084533691406,0,-0.030517578125,-3061.0084533691406,0,0.0067642088962562991,0.1,0.0068,1,0,33
1592.875,0,3061.0122680664062,0,0.030517578125,-3061.0122680664062,0,0.00676377109582621,0.1,0.0062,1,0,33
1593,0,3061.0122680664062,0,0,-3061.0122680664062,0,0.0067637698559176729,0.1,0.0056,1,0,33
1593.125,0,3061.0160827636719,0,0.030517578125,-3061.0160827636719,0,0.0067633380787026354,0.1,0.0058,1,0,33
1593.25,0,3061.0122680664062,0,-0.030517578125,-3061.0122680664062,0,0.006763773310075688,0.1,0.0066,1,0,33
1593.375,0,3061.0084533691406,0,-0.030517578125,-3061.0084533691406,0,0.0067642025892958174,0.1,0.0064,1,0,33
1593.5,0,3061.0160827636719,0,0.06103515625,-3061.0160827636719,0,0.0067633343460928863,0.1,0.0054,1,0,33
1593.625,0,3061.0122680664062,0,-0.030517578125,-3061.0122680664062,0,0.00676376964710354,0.1,0.0066,1,0,33
1593.75,0,3061.0122680664062,0,0,-3061.0122680664062,0,0.0067637684342231608,0.1,0.0068,1,0,33
1593.875,0,3061.0122680664062,0,0,-3061.0122680664062,0,0.0067637672439709307,0.1,0.0064,1,0,33
1594,0,3061.0122680664062,0,0,-3061.0122680664062,0,0.0067637660759247015,0.1,0.006,1,0,33
1594.125,0,3061.0122680664062,0,0,-3061.0122680664062,0,0.00676376492967018,0.1,0.0068,1,0,33
1594.25,0,3061.004638671875,0,-0.06103515625,-3061.004638671875,0,0.0067646249256786278,0.1,0.006,1,0,33
1594.375,0,3061.0160827636719,0,0.091552734375,-3061.0160827636719,0,0.0067633204104598083,0.1,0.005,1,0,33
1594.5,0,3061.004638671875,0,-0.091552734375,-3061.004638671875,0,0.0067646170923390259,0.1,0.0066,1,0,33
1594.625,0,3061.0084533691406,0,0.030517578125,-3061.0084533691406,0,0.0067641738441410748,0.1,0.0074,1,0,33
1594.75,0,3061.0084533691406,0,0,-3061.0084533691406,0,0.0067641672581011947,0.1,0.0064,1,0,33
1594.875,0,3061.0122680664062,0,0.030517578125,-3061.0122680664062,0,0.0067637302344951411,0.1,0.006,1,0,33
1595,0,3061.0122680664062,0,0,-3061.0122680664062,0,0.0067637297569177884,0.1,0.0054,1,0,33
1595.125,0,3061.0122680664062,0,0,-3061.0122680664062,0,0.006763729288250378,0.1,0.0062,1,0,33
1595.25,0,3061.0122680664062,0,0,-3061.0122680664062,0,0.0067637288283266817,0.1,0.0068,1,0,33
1595.375,0,3061.0084533691406,0,-0.030517578125,-3061.0084533691406,0,0.0067641589374224931,0.1,0.0052,1,0,33
1595.5,0,3061.0084533691406,0,0,-3061.0084533691406,0,0.0067641526294904553,0.1,0.0052,1,0,33
1595.625,0,3061.0084533691406,0,0,-3061.0084533691406,0,0.0067641464392426132,0.1,0.0068,1,0,33
1595.75,0,3061.0122680664062,0,0.030517578125,-3061.0122680664062,0,0.00676370980404449,0.1,0.0068,1,0,33
1595.875,0,3061.0084533691406,0,-0.030517578125,-3061.0084533691406,0,0.0067641402680676394,0.1,0.0062,1,0,33
1596,0,3061.0084533691406,0,0,-3061.0084533691406,0,0.006764134308441222,0.1,0.0056,1,0,33
1596.125,0,3061.0122680664062,0,0.030517578125,-3061.0122680664062,0,0.006763697899561924,0.1,0.0058,1,0,33
1596.25,0,3061.0084533691406,0,-0.030517578125,-3061.0084533691406,0,0.0067641285856815669,0.1,0.0072,1,0,33
1596.375,0,3061.0084533691406,0,0,-3061.0084533691406,0,0.0067641228440080831,0.1,0.006,1,0,33
1596.5,0,3061.0122680664062,0,0.030517578125,-3061.0122680664062,0,0.0067636866490154712,0.1,0.0068,1,0,33
1596.625,0,3061.0084533691406,0,-0.030517578125,-3061.0084533691406,0,0.0067641175450314228,0.1,0.0058,1,0,33
1596.75,0,3061.004638671875,0,-0.030517578125,-3061.004638671875,0,0.0067645425697772238,0.1,0.0058,1,0,33
1596.875,0,3061.004638671875,0,0,-3061.004638671875,0,0.006764531272351576,0.1,0.0066,1,0,33
1597,0,3061.0084533691406,0,0.030517578125,-3061.0084533691406,0,0.0067640896252579158,0.1,0.0072,1,0,33
1597.125,0,3061.0084533691406,0,0,-3061.0084533691406,0,0.0067640846104512625,0.1,0.0064,1,0,33
1597.25,0,3061.0084533691406,0,0,-3061.0084533691406,0,0.0067640796892035615,0.1,0.0052,1,0,33
1597.375,0,3061.0122680664062,0,0.030517578125,-3061.0122680664062,0,0.0067636442993304208,0.1,0.007,1,0,33
1597.5,0,3061.0122680664062,0,0,-3061.0122680664062,0,0.0067636454250061817,0.1,0.0072,1,0,33
1597.625,0,3061.0084533691406,0,-0.030517578125,-3061.0084533691406,0,0.0067640770901196412,0.1,0.0062,1,0,33
1597.75,0,3061.0084533691406,0,0,-3061.0084533691406,0,0.0067640723091753341,0.1,0.0062,1,0,33
1597.875,0,3061.0122680664062,0,0.030517578125,-3061.0122680664062,0,0.0067636370569880144,0.1,0.0068,1,0,33
1598,0,3061.0122680664062,0,0,-3061.0122680664062,0,0.0067636383177808457,0.1,0.0048,1,0,33
1598.125,0,3061.0160827636719,0,0.030517578125,-3061.0160827636719,0,0.0067632089946127322,0.1,0.0066,1,0,33
1598.25,0,3061.0122680664062,0,-0.030517578125,-3061.0122680664062,0,0.0067636466342486795,0.1,0.0066,1,0,33
1598.375,0,3061.0160827636719,0,0.030517578125,-3061.0160827636719,0,0.0067632171559240256,0.1,0.0062,1,0,33
1598.5,0,3061.0122680664062,0,-0.030517578125,-3061.0122680664062,0,0.0067636546432981171,0.1,0.0062,1,0,33
1598.625,0,3061.0084533691406,0,-0.030517578125,-3061.0084533691406,0,0.0067640861364301058,0.1,0.0066,1,0,33
1598.75,0,3061.0122680664062,0,0.030517578125,-3061.0122680664062,0,0.0067636506262740009,0.1,0.0056,1,0,33
1598.875,0,3061.0122680664062,0,0,-3061.0122680664062,0,0.0067636516339108638,0.1,0.0068,1,0,33
1599,0,3061.0160827636719,0,0.030517578125,-3061.0160827636719,0,0.0067632220623097955,0.1,0.006,1,0,33
1599.125,0,3061.0084533691406,0,-0.06103515625,-3061.0084533691406,0,0.0067640900185866049,0.1,0.0064,1,0,33
1599.25,0,3061.0084533691406,0,0,-3061.0084533691406,0,0.0067640849964417937,0.1,0.0068,1,0,33
1599.375,0,3061.0084533691406,0,0,-3061.0084533691406,0,0.0067640800679928531,0.1,0.0072,1,0,33
1599.5,0,3061.0084533691406,0,0,-3061.0084533691406,0,0.006764075231491723,0.1,0.0062,1,0,33
1599.625,0,3061.0122680664062,0,0.030517578125,-3061.0122680664062,0,0.0067636399247840706,0.1,0.0064,1,0,33
1599.75,0,3061.0084533691406,0,-0.030517578125,-3061.0084533691406,0,0.0067640716925126548,0.1,0.0062,1,0,33
1599.875,0,3061.0084533691406,0,0,-3061.0084533691406,0,0.0067640670122690316,0.1,0.0056,1,0,33
1600,0,3061.004638671875,0,-0.030517578125,-3061.004638671875,0,0.006764492979781489,0.1,0.0056,1,0,33
1600.125,0,3061.0122680664062,0,0.06103515625,-3061.0122680664062,0,0.0067636214866559075,0.1,0.0074,1,0,33
1600.25,0,3061.0084533691406,0,-0.030517578125,-3061.0084533691406,0,0.0067640535983762295,0.1,0.0064,1,0,33
1600.375,0,3061.0084533691406,0,0,-3061.0084533691406,0,0.0067640492557066445,0.1,0.0072,1,0,33
1600.5,0,3061.0122680664062,0,0.030517578125,-3061.0122680664062,0,0.0067636144336173515,0.1,0.0072,1,0,33
1600.625,0,3061.004638671875,0,-0.06103515625,-3061.004638671875,0,0.0067644772373618989,0.1,0.0066,1,0,33
1600.75,0,3061.0122680664062,0,0.06103515625,-3061.0122680664062,0,0.0067636060379354518,0.1,0.0068,1,0,33
1600.875,0,3061.0160827636719,0,0.030517578125,-3061.0160827636719,0,0.0067631773169976594,0.1,0.0068,1,0,33
1601,0,3061.0122680664062,0,-0.030517578125,-3061.0122680664062,0,0.0067636155476284016,0.1,0.0072,1,0,33
1601.125,0,3061.0122680664062,0,0,-3061.0122680664062,0,0.0067636172097115255,0.1,0.0064,1,0,33
1601.25,0,3061.0084533691406,0,-0.030517578125,-3061.0084533691406,0,0.0067640494012248392,0.1,0.0066,1,0,33
1601.375,0,3061.0084533691406,0,0,-3061.0084533691406,0,0.0067640451368595894,0.1,0.0058,1,0,33
1601.5,0,3061.0122680664062,0,0.030517578125,-3061.0122680664062,0,0.0067636103916137447,0.1,0.005,1,0,33
1601.625,0,3061.0122680664062,0,0,-3061.0122680664062,0,0.0067636121498902829,0.1,0.0064,1,0,33
1601.75,0,3061.0084533691406,0,-0.030517578125,-3061.0084533691406,0,0.0067640444358023771,0.1,0.006,1,0,33
1601.875,0,3061.0122680664062,0,0.030517578125,-3061.0122680664062,0,0.0067636097036358339,0.1,0.0054,1,0,33
1602,0,3061.0122680664062,0,0,-3061.0122680664062,0,0.0067636114747476606,0.1,0.0068,1,0,33
1602.125,0,3061.0084533691406,0,-0.030517578125,-3061.0084533691406,0,0.0067640437732555819,0.1,0.0064,1,0,33
1602.25,0,3061.0122680664062,0,0.030517578125,-3061.0122680664062,0,0.0067636090534498733,0.1,0.0054,1,0,33
1602.375,0,3061.0160827636719,0,0.030517578125,-3061.0160827636719,0,0.0067631802762530141,0.1,0.006,1,0,33
1602.5,0,3061.0122680664062,0,-0.030517578125,-3061.0122680664062,0,0.00676361845167428,0.1,0.007,1,0,33
1602.625,0,3061.0122680664062,0,0,-3061.0122680664062,0,0.0067636200595779516,0.1,0.0068,1,0,33
1602.75,0,3061.0122680664062,0,0,-3061.0122680664062,0,0.0067636216374837022,0.1,0.0054,1,0,33
1602.875,0,3061.0084533691406,0,-0.030517578125,-3061.0084533691406,0,0.0067640537463900946,0.1,0.0058,1,0,33
1603,0,3061.0084533691406,0,0,-3061.0084533691406,0,0.0067640494009590935,0.1,0.0054,1,0,33
1603.125,0,3061.0160827636719,0,0.06103515625,-3061.0160827636719,0,0.0067631840157209855,0.1,0.0072,1,0,33
1603.25,0,3061.004638671875,0,-0.091552734375,-3061.004638671875,0,0.0067644832422545376,0.1,0.0062,1,0,33
1603.375,0,3061.0122680664062,0,0.06103515625,-3061.0122680664062,0,0.006763611930797539,0.1,0.0064,1,0,33
1603.5,0,3061.0160827636719,0,0.030517578125,-3061.0160827636719,0,0.0067631830999193149,0.1,0.0048,1,0,33
1603.625,0,3061.0122680664062,0,-0.030517578125,-3061.0122680664062,0,0.0067636212226607345,0.1,0.0064,1,0,33
1603.75,0,3061.0122680664062,0,0,-3061.0122680664062,0,0.0067636227788673842,0.1,0.0062,1,0,33
1603.875,0,3061.0084533691406,0,-0.030517578125,-3061.0084533691406,0,0.0067640548664795047,0.1,0.0062,1,0,33
1604,0,3061.0084533691406,0,0,-3061.0084533691406,0,0.0067640505001514972,0.1,0.0066,1,0,33
1604.125,0,3061.0084533691406,0,0,-3061.0084533691406,0,0.006764046215284078,0.1,0.006,1,0,33
1604.25,0,3061.0122680664062,0,0.030517578125,-3061.0122680664062,0,0.0067636114499185634,0.1,0.0058,1,0,33
1604.375,0,3061.0122680664062,0,0,-3061.0122680664062,0,0.0067636131884507983,0.1,0.0056,1,0,33
1604.5,0,3061.0084533691406,0,-0.030517578125,-3061.0084533691406,0,0.0067640454549869333,0.1,0.007,1,0,33
1604.625,0,3061.0084533691406,0,0,-3061.0084533691406,0,0.0067640412642448466,0.1,0.0072,1,0,33
1604.75,0,3061.0160827636719,0,0.06103515625,-3061.0160827636719,0,0.0067631760308096978,0.1,0.0066,1,0,33
1604.875,0,3061.0122680664062,0,-0.030517578125,-3061.0122680664062,0,0.0067636142854362591,0.1,0.0058,1,0,33
1605,0,3061.0122680664062,0,0,-3061.0122680664062,0,0.0067636159710675325,0.1,0.006,1,0,33
1605.125,0,3061.0198974609375,0,0.06103515625,-3061.0198974609375,0,0.0067627565043728716,0.1,0.007,1,0,33
1605.25,0,3061.0122680664062,0,-0.06103515625,-3061.0122680664062,0,0.0067636309785914506,0.1,0.0068,1,0,33
1605.375,0,3061.004638671875,0,-0.06103515625,-3061.004638671875,0,0.0067644934736639795,0.1,0.0064,1,0,33
1605.5,0,3061.0084533691406,0,0.030517578125,-3061.0084533691406,0,0.0067640525317631678,0.1,0.0058,1,0,33
1605.625,0,3061.0008239746094,0,-0.06103515625,-3061.0008239746094,0,0.0067649093298707275,0.1,0.006,1,0,33
1605.75,0,3061.0122680664062,0,0.091552734375,-3061.0122680664062,0,0.00676360167641285,0.1,0.005,1,0,33
1605.875,0,3061.004638671875,0,-0.06103515625,-3061.004638671875,0,0.0067644647181627354,0.1,0.0058,1,0,33
1606,0,3061.0122680664062,0,0.06103515625,-3061.0122680664062,0,0.0067635937523012613,0.1,0.0066,1,0,33
1606.125,0,3061.0160827636719,0,0.030517578125,-3061.0160827636719,0,0.0067631652605709414,0.1,0.0064,1,0,33
1606.25,0,3061.0084533691406,0,-0.06103515625,-3061.0084533691406,0,0.0067640342765718509,0.1,0.005,1,0,33
1606.375,0,3061.0084533691406,0,0,-3061.0084533691406,0,0.0067640302943803438,0.1,0.0066,1,0,33
1606.5,0,3061.0122680664062,0,0.030517578125,-3061.0122680664062,0,0.0067635958260438556,0.1,0.0054,1,0,33
1606.625,0,3061.0122680664062,0,0,-3061.0122680664062,0,0.0067635978560635773,0.1,0.007,1,0,33
1606.75,0,3061.0122680664062,0,0,-3061.0122680664062,0,0.00676359984821015,0.1,0.0066,1,0,33
1606.875,0,3061.0084533691406,0,-0.030517578125,-3061.0084533691406,0,0.0067640323636290606,0.1,0.0072,1,0,33
1607,0,3061.0122680664062,0,0.030517578125,-3061.0122680664062,0,0.00676359785668755,0.1,0.006,1,0,33
1607.125,0,3061.0160827636719,0,0.030517578125,-3061.0160827636719,0,0.0067631692883835665,0.1,0.0058,1,0,33
1607.25,0,3061.0160827636719,0,0,-3061.0160827636719,0,0.0067631771083615788,0.1,0.0076,1,0,33
1607.375,0,3061.0122680664062,0,-0.030517578125,-3061.0122680664062,0,0.006763615342884749,0.1,0.0066,1,0,33
1607.5,0,3061.0122680664062,0,0,-3061.0122680664062,0,0.0067636170087876923,0.1,0.0052,1,0,33
1607.625,0,3061.0122680664062,0,0,-3061.0122680664062,0,0.006763618643610636,0.1,0.0054,1,0,33
1607.75,0,3061.0122680664062,0,0,-3061.0122680664062,0,0.0067636202479334356,0.1,0.0072,1,0,33
1607.875,0,3061.0160827636719,0,0.030517578125,-3061.0160827636719,0,0.0067631912618862089,0.1,0.0068,1,0,33
1608,0,3061.0122680664062,0,-0.030517578125,-3061.0122680664062,0,0.0067636292323535324,0.1,0.0058,1,0,33
1608.125,0,3061.0122680664062,0,0,-3061.0122680664062,0,0.006763630639126994,0.1,0.006,1,0,33
1608.25,0,3061.0122680664062,0,0,-3061.0122680664062,0,0.0067636320196549221,0.1,0.0064,1,0,33
1608.375,0,3061.0084533691406,0,-0.030517578125,-3061.0084533691406,0,0.0067640639348658937,0.1,0.0054,1,0,33
1608.5,0,3061.0084533691406,0,0,-3061.0084533691406,0,0.0067640593993531506,0.1,0.006,1,0,33
1608.625,0,3061.0084533691406,0,0,-3061.0084533691406,0,0.0067640549484573875,0.1,0.0052,1,0,33
1608.75,0,3061.0122680664062,0,0.030517578125,-3061.0122680664062,0,0.0067636200201610513,0.1,0.0068,1,0,33
1608.875,0,3061.0122680664062,0,0,-3061.0122680664062,0,0.0067636215988021858,0.1,0.0064,1,0,33
1609,0,3061.0122680664062,0,0,-3061.0122680664062,0,0.0067636231479913239,0.1,0.0062,1,0,33
1609.125,0,3061.0122680664062,0,0,-3061.0122680664062,0,0.0067636246682779566,0.1,0.0058,1,0,33
1609.25,0,3061.0084533691406,0,-0.030517578125,-3061.0084533691406,0,0.0067640567206402047,0.1,0.007,1,0,33
1609.375,0,3061.0084533691406,0,0,-3061.0084533691406,0,0.0067640523197199653,0.1,0.0064,1,0,33
1609.5,0,3061.0122680664062,0,0.030517578125,-3061.0122680664062,0,0.0067636174404667737,0.1,0.0064,1,0,33
1609.625,0,3061.0084533691406,0,-0.030517578125,-3061.0084533691406,0,0.0067640496276749895,0.1,0.007,1,0,33
1609.75,0,3061.0160827636719,0,0.06103515625,-3061.0160827636719,0,0.00676318423820714,0.1,0.0058,1,0,33
1609.875,0,3061.0084533691406,0,-0.06103515625,-3061.0084533691406,0,0.00676405290015096,0.1,0.0068,1,0,33
1610,0,3061.0122680664062,0,0.030517578125,-3061.0122680664062,0,0.0067636180100689308,0.1,0.0066,1,0,33
1610.125,0,3061.0160827636719,0,0.030517578125,-3061.0160827636719,0,0.0067631890657725152,0.1,0.006,1,0,33
1610.25,0,3061.0198974609375,0,0.030517578125,-3061.0198974609375,0,0.0067627659563338494,0.1,0.0062,1,0,33
1610.375,0,3061.0122680664062,0,-0.06103515625,-3061.0122680664062,0,0.0067636402542115143,0.1,0.006,1,0,33
1610.5,0,3061.0122680664062,0,0,-3061.0122680664062,0,0.0067636414553552127,0.1,0.0062,1,0,33
1610.625,0,3061.0084533691406,0,-0.030517578125,-3061.0084533691406,0,0.0067640731945286248,0.1,0.0056,1,0,33
1610.75,0,3061.0122680664062,0,0.030517578125,-3061.0122680664062,0,0.0067636379258236706,0.1,0.0062,1,0,33
1610.875,0,3061.0122680664062,0,0,-3061.0122680664062,0,0.0067636391704070375,0.1,0.006,1,0,33
1611,0,3061.0084533691406,0,-0.030517578125,-3061.0084533691406,0,0.006764070952209697,0.1,0.0064,1,0,33
1611.125,0,3061.0122680664062,0,0.030517578125,-3061.0122680664062,0,0.0067636357253386542,0.1,0.0056,1,0,33
1611.25,0,3061.0122680664062,0,0,-3061.0122680664062,0,0.0067636370109754596,0.1,0.0062,1,0,33
1611.375,0,3061.0160827636719,0,0.030517578125,-3061.0160827636719,0,0.0067632077121878159,0.1,0.0058,1,0,33
1611.5,0,3061.0122680664062,0,-0.030517578125,-3061.0122680664062,0,0.0067636453757493886,0.1,0.0064,1,0,33
1611.625,0,3061.0160827636719,0,0.030517578125,-3061.0160827636719,0,0.006763215920903981,0.1,0.0068,1,0,33
1611.75,0,3061.0084533691406,0,-0.06103515625,-3061.0084533691406,0,0.0067640839917581935,0.1,0.0062,1,0,33
1611.875,0,3061.0122680664062,0,0.030517578125,-3061.0122680664062,0,0.0067636485216142628,0.1,0.0058,1,0,33
1612,0,3061.0084533691406,0,-0.030517578125,-3061.0084533691406,0,0.0067640801289557129,0.1,0.006,1,0,33
1612.125,0,3061.004638671875,0,-0.030517578125,-3061.004638671875,0,0.0067645058517561418,0.1,0.0064,1,0,33
1612.25,0,3061.004638671875,0,0,-3061.004638671875,0,0.0067644952393618313,0.1,0.0068,1,0,33
1612.375,0,3061.004638671875,0,0,-3061.004638671875,0,0.0067644848249581169,0.1,0.0066,1,0,33
1612.5,0,3061.0122680664062,0,0.06103515625,-3061.0122680664062,0,0.0067636134839733492,0.1,0.0052,1,0,33
1612.625,0,3061.0122680664062,0,0,-3061.0122680664062,0,0.0067636151845571479,0.1,0.0062,1,0,33
1612.75,0,3061.0122680664062,0,0,-3061.0122680664062,0,0.0067636168534139368,0.1,0.0058,1,0,33
1612.875,0,3061.004638671875,0,-0.06103515625,-3061.004638671875,0,0.0067644796120134437,0.1,0.0058,1,0,33
1613,0,3061.0084533691406,0,0.030517578125,-3061.0084533691406,0,0.0067640389287231123,0.1,0.0072,1,0,33
1613.125,0,3061.0122680664062,0,0.030517578125,-3061.0122680664062,0,0.0067636042992996331,0.1,0.0058,1,0,33
1613.25,0,3061.0160827636719,0,0.030517578125,-3061.0160827636719,0,0.0067631756107987828,0.1,0.0064,1,0,33
1613.375,0,3061.0122680664062,0,-0.030517578125,-3061.0122680664062,0,0.0067636138732612983,0.1,0.0064,1,0,33
1613.5,0,3061.0160827636719,0,0.030517578125,-3061.0160827636719,0,0.00676318500614341,0.1,0.0064,1,0,33
1613.625,0,3061.0084533691406,0,-0.06103515625,-3061.0084533691406,0,0.0067640536537601909,0.1,0.006,1,0,33
1613.75,0,3061.0122680664062,0,0.030517578125,-3061.0122680664062,0,0.0067636187496184219,0.1,0.006,1,0,33
1613.875,0,3061.0122680664062,0,0,-3061.0122680664062,0,0.0067636203519634841,0.1,0.0064,1,0,33
1614,0,3061.0122680664062,0,0,-3061.0122680664062,0,0.0067636219244143342,0.1,0.007,1,0,33
1614.125,0,3061.0084533691406,0,-0.030517578125,-3061.0084533691406,0,0.006764054027967592,0.1,0.0054,1,0,33
1614.25,0,3061.0122680664062,0,0.030517578125,-3061.0122680664062,0,0.0067636191168444076,0.1,0.0068,1,0,33
1614.375,0,3061.0084533691406,0,-0.030517578125,-3061.0084533691406,0,0.0067640512727772106,0.1,0.0064,1,0,33
1614.5,0,3061.0122680664062,0,0.030517578125,-3061.0122680664062,0,0.0067636164130563531,0.1,0.0074,1,0,33
1614.625,0,3061.0160827636719,0,0.030517578125,-3061.0160827636719,0,0.0067631874985546736,0.1,0.0064,1,0,33
1614.75,0,3061.0084533691406,0,-0.06103515625,-3061.0084533691406,0,0.0067640560996716781,0.1,0.0064,1,0,33
1614.875,0,3061.0122680664062,0,0.030517578125,-3061.0122680664062,0,0.0067636211498976612,0.1,0.0074,1,0,33
1615,0,3061.0160827636719,0,0.030517578125,-3061.0160827636719,0,0.0067631921470228951,0.1,0.0064,1,0,33
1615.125,0,3061.004638671875,0,-0.091552734375,-3061.004638671875,0,0.0067644912218544628,0.1,0.0064,1,0,33
1615.25,0,3061.0122680664062,0,0.06103515625,-3061.0122680664062,0,0.006763619761525716,0.1,0.0054,1,0,33
1615.375,0,3061.0160827636719,0,0.030517578125,-3061.0160827636719,0,0.0067631907845531747,0.1,0.0056,1,0,33
1615.5,0,3061.0084533691406,0,-0.06103515625,-3061.0084533691406,0,0.0067640593243648017,0.1,0.0058,1,0,33
1615.625,0,3061.004638671875,0,-0.030517578125,-3061.004638671875,0,0.0067644854353069855,0.1,0.0062,1,0,33
1615.75,0,3061.0122680664062,0,0.06103515625,-3061.0122680664062,0,0.0067636140829352154,0.1,0.0062,1,0,33
1615.875,0,3061.0122680664062,0,0,-3061.0122680664062,0,0.0067636157723444529,0.1,0.0066,1,0,33
1616,0,3061.004638671875,0,-0.06103515625,-3061.004638671875,0,0.006764478551112979,0.1,0.0052,1,0,33
1616.125,0,3061.0122680664062,0,0.06103515625,-3061.0122680664062,0,0.0067636073271764713,0.1,0.005,1,0,33
1616.25,0,3061.0084533691406,0,-0.030517578125,-3061.0084533691406,0,0.0067640397030637317,0.1,0.0064,1,0,33
1616.375,0,3061.0198974609375,0,0.091552734375,-3061.0198974609375,0,0.0067627439383158572,0.1,0.0054,1,0,33
1616.5,0,3061.0122680664062,0,-0.06103515625,-3061.0122680664062,0,0.0067636186469736265,0.1,0.0058,1,0,33
1616.625,0,3061.0160827636719,0,0.030517578125,-3061.0160827636719,0,0.0067631896907947714,0.1,0.006,1,0,33
1616.75,0,3061.0122680664062,0,-0.030517578125,-3061.0122680664062,0,0.0067636276905732318,0.1,0.0068,1,0,33
1616.875,0,3061.0198974609375,0,0.06103515625,-3061.0198974609375,0,0.0067627680052331079,0.1,0.0052,1,0,33
1617,0,3061.0122680664062,0,-0.06103515625,-3061.0122680664062,0,0.0067636422648853917,0.1,0.0052,1,0,33
1617.125,0,3061.0160827636719,0,0.030517578125,-3061.0160827636719,0,0.0067632128680779474,0.1,0.006,1,0,33
1617.25,0,3061.0122680664062,0,-0.030517578125,-3061.0122680664062,0,0.0067636504354484234,0.1,0.0072,1,0,33
1617.375,0,3061.0160827636719,0,0.030517578125,-3061.0160827636719,0,0.0067632208862065252,0.1,0.0064,1,0,33
1617.5,0,3061.0122680664062,0,-0.030517578125,-3061.0122680664062,0,0.006763658303986439,0.1,0.0056,1,0,33
1617.625,0,3061.0084533691406,0,-0.030517578125,-3061.0084533691406,0,0.006764089728822642,0.1,0.0066,1,0,33
1617.75,0,3061.0122680664062,0,0.030517578125,-3061.0122680664062,0,0.0067636541516449128,0.1,0.007,1,0,33
1617.875,0,3061.0122680664062,0,0,-3061.0122680664062,0,0.00676365509351054,0.1,0.0058,1,0,33
1618,0,3061.0122680664062,0,0,-3061.0122680664062,0,0.0067636560178042093,0.1,0.0058,1,0,33
1618.125,0,3061.0084533691406,0,-0.030517578125,-3061.0084533691406,0,0.0067640874852926691,0.1,0.0056,1,0,33
1618.25,0,3061.0084533691406,0,0,-3061.0084533691406,0,0.0067640825104103713,0.1,0.0064,1,0,33
1618.375,0,3061.004638671875,0,-0.030517578125,-3061.004638671875,0,0.00676450818878109,0.1,0.0058,1,0,33
1618.5,0,3061.0084533691406,0,0.030517578125,-3061.0084533691406,0,0.0067640669723470631,0.1,0.006,1,0,33
1618.625,0,3061.0084533691406,0,0,-3061.0084533691406,0,0.0067640623801654143,0.1,0.006,1,0,33
1618.75,0,3061.0122680664062,0,0.030517578125,-3061.0122680664062,0,0.0067636273132190977,0.1,0.007,1,0,33
1618.875,0,3061.0122680664062,0,0,-3061.0122680664062,0,0.0067636287557969743,0.1,0.0058,1,0,33
1619,0,3061.0084533691406,0,-0.030517578125,-3061.0084533691406,0,0.006764060731900251,0.1,0.0062,1,0,33
1619.125,0,3061.0122680664062,0,0.030517578125,-3061.0122680664062,0,0.006763625695704864,0.1,0.0064,1,0,33
1619.25,0,3061.0122680664062,0,0,-3061.0122680664062,0,0.0067636271684599625,0.1,0.0054,1,0,33
1619.375,0,3061.0160827636719,0,0.030517578125,-3061.0160827636719,0,0.0067631980532996266,0.1,0.0056,1,0,33
1619.5,0,3061.0122680664062,0,-0.030517578125,-3061.0122680664062,0,0.0067636358970626642,0.1,0.0066,1,0,33
1619.625,0,3061.0160827636719,0,0.030517578125,-3061.0160827636719,0,0.0067632066190567858,0.1,0.006,1,0,33
1619.75,0,3061.0160827636719,0,0,-3061.0160827636719,0,0.0067632137425734928,0.1,0.0062,1,0,33
1619.875,0,3061.0122680664062,0,-0.030517578125,-3061.0122680664062,0,0.0067636512936289084,0.1,0.0062,1,0,33
1620,0,3061.004638671875,0,-0.06103515625,-3061.004638671875,0,0.006764513409693057,0.1,0.006,1,0,33
1620.125,0,3061.0122680664062,0,0.06103515625,-3061.0122680664062,0,0.0067636415354159485,0.1,0.0072,1,0,33
1620.25,0,3061.0084533691406,0,-0.030517578125,-3061.0084533691406,0,0.0067640732730957082,0.1,0.006,1,0,33
1620.375,0,3061.0160827636719,0,0.06103515625,-3061.0160827636719,0,0.0067632074424860411,0.1,0.0056,1,0,33
1620.5,0,3061.004638671875,0,-0.091552734375,-3061.004638671875,0,0.0067645062319571375,0.1,0.0076,1,0,33
1620.625,0,3061.0084533691406,0,0.030517578125,-3061.0084533691406,0,0.006764065052030685,0.1,0.0058,1,0,33
1620.75,0,3061.0122680664062,0,0.030517578125,-3061.0122680664062,0,0.00676362993523659,0.1,0.0064,1,0,33
1620.875,0,3061.004638671875,0,-0.06103515625,-3061.004638671875,0,0.0067644924497745063,0.1,0.0062,1,0,33
1621,0,3061.0084533691406,0,0.030517578125,-3061.0084533691406,0,0.0067640515269759283,0.1,0.0056,1,0,33
1621.125,0,3061.0084533691406,0,0,-3061.0084533691406,0,0.0067640472229515136,0.1,0.006,1,0,33
1621.25,0,3061.0084533691406,0,0,-3061.0084533691406,0,0.0067640429992253254,0.1,0.006,1,0,33
1621.375,0,3061.0084533691406,0,0,-3061.0084533691406,0,0.0067640388542992563,0.1,0.0066,1,0,33
1621.5,0,3061.0008239746094,0,-0.06103515625,-3061.0008239746094,0,0.0067648959075810033,0.1,0.0072,1,0,33
1621.625,0,3061.0084533691406,0,0.06103515625,-3061.0084533691406,0,0.0067640190649755627,0.1,0.0072,1,0,33
1621.75,0,3061.0122680664062,0,0.030517578125,-3061.0122680664062,0,0.0067635848061409487,0.1,0.0062,1,0,33
1621.875,0,3061.0160827636719,0,0.030517578125,-3061.0160827636719,0,0.00676315648131505,0.1,0.0064,1,0,33
1622,0,3061.0084533691406,0,-0.06103515625,-3061.0084533691406,0,0.0067640256611065236,0.1,0.007,1,0,33
1622.125,0,3061.0160827636719,0,0.06103515625,-3061.0160827636719,0,0.0067631607187719905,0.1,0.0064,1,0,33
1622.25,0,3061.0122680664062,0,-0.030517578125,-3061.0122680664062,0,0.0067635992590682481,0.1,0.0058,1,0,33
1622.375,0,3061.0084533691406,0,-0.030517578125,-3061.0084533691406,0,0.0067640317854785192,0.1,0.0066,1,0,33
1622.5,0,3061.0084533691406,0,0,-3061.0084533691406,0,0.0067640278497622108,0.1,0.0068,1,0,33
1622.625,0,3061.0122680664062,0,0.030517578125,-3061.0122680664062,0,0.006763593427033851,0.1,0.0058,1,0,33
1622.75,0,3061.0084533691406,0,-0.030517578125,-3061.0084533691406,0,0.0067640260622497256,0.1,0.006,1,0,33
1622.875,0,3061.0160827636719,0,0.06103515625,-3061.0160827636719,0,0.0067631611124312485,0.1,0.0062,1,0,33
1623,0,3061.0084533691406,0,-0.06103515625,-3061.0084533691406,0,0.0067640302058221,0.1,0.006,1,0,33
1623.125,0,3061.0084533691406,0,0,-3061.0084533691406,0,0.006764026299576717,0.1,0.0042,1,0,33
1623.25,0,3061.0084533691406,0,0,-3061.0084533691406,0,0.006764022466208372,0.1,0.0064,1,0,33
1623.375,0,3061.0122680664062,0,0.030517578125,-3061.0122680664062,0,0.0067635881439185169,0.1,0.0064,1,0,33
1623.5,0,3061.0122680664062,0,0,-3061.0122680664062,0,0.0067635903172601347,0.1,0.0074,1,0,33
1623.625,0,3061.0122680664062,0,0,-3061.0122680664062,0,0.0067635924500547145,0.1,0.0052,1,0,33
1623.75,0,3061.0122680664062,0,0,-3061.0122680664062,0,0.0067635945430587208,0.1,0.005,1,0,33
1623.875,0,3061.0122680664062,0,0,-3061.0122680664062,0,0.006763596597014504,0.1,0.0064,1,0,33
1624,0,3061.0084533691406,0,-0.030517578125,-3061.0084533691406,0,0.0067640291730894919,0.1,0.0068,1,0,33
1624.125,0,3061.0084533691406,0,0,-3061.0084533691406,0,0.006764025286111322,0.1,0.006,1,0,33
1624.25,0,3061.0160827636719,0,0.06103515625,-3061.0160827636719,0,0.006763160350772901,0.1,0.0068,1,0,33
1624.375,0,3061.0084533691406,0,-0.06103515625,-3061.0084533691406,0,0.0067640294583736632,0.1,0.0066,1,0,33
1624.5,0,3061.0122680664062,0,0.030517578125,-3061.0122680664062,0,0.0067635950056341709,0.1,0.006,1,0,33
1624.625,0,3061.0122680664062,0,0,-3061.0122680664062,0,0.0067635970509598992,0.1,0.006,1,0,33
1624.75,0,3061.0122680664062,0,0,-3061.0122680664062,0,0.0067635990581269151,0.1,0.0066,1,0,33
1624.875,0,3061.0122680664062,0,0,-3061.0122680664062,0,0.0067636010278471353,0.1,0.006,1,0,33
1625,0,3061.0122680664062,0,0,-3061.0122680664062,0,0.0067636029608191955,0.1,0.0062,1,0,33
1625.125,0,3061.0122680664062,0,0,-3061.0122680664062,0,0.0067636048577286723,0.1,0.0054,1,0,33
1625.25,0,3061.0122680664062,0,0,-3061.0122680664062,0,0.0067636067192483745,0.1,0.006,1,0,33
1625.375,0,3061.0122680664062,0,0,-3061.0122680664062,0,0.006763608546038552,0.1,0.0068,1,0,33
1625.5,0,3061.0084533691406,0,-0.030517578125,-3061.0084533691406,0,0.0067640408991860579,0.1,0.0058,1,0,33
1625.625,0,3061.0122680664062,0,0.030517578125,-3061.0122680664062,0,0.0067636062330005547,0.1,0.0066,1,0,33
1625.75,0,3061.0122680664062,0,0,-3061.0122680664062,0,0.0067636080688624339,0.1,0.0064,1,0,33
1625.875,0,3061.0084533691406,0,-0.030517578125,-3061.0084533691406,0,0.0067640404309124019,0.1,0.0062,1,0,33
1626,0,3061.0084533691406,0,0,-3061.0084533691406,0,0.0067640363339021847,0.1,0.0068,1,0,33
1626.125,0,3061.0084533691406,0,0,-3061.0084533691406,0,0.0067640323133280056,0.1,0.0076,1,0,33
1626.25,0,3061.004638671875,0,-0.030517578125,-3061.004638671875,0,0.0067644589282027656,0.1,0.007,1,0,33
1626.375,0,3061.0160827636719,0,0.091552734375,-3061.0160827636719,0,0.0067631575099230123,0.1,0.0052,1,0,33
1626.5,0,3061.0084533691406,0,-0.06103515625,-3061.0084533691406,0,0.0067640266705242119,0.1,0.0066,1,0,33
1626.625,0,3061.0122680664062,0,0.030517578125,-3061.0122680664062,0,0.0067635922697963508,0.1,0.0066,1,0,33
1626.75,0,3061.0160827636719,0,0.030517578125,-3061.0160827636719,0,0.0067631638057244481,0.1,0.0074,1,0,33
1626.875,0,3061.0122680664062,0,-0.030517578125,-3061.0122680664062,0,0.0067636022884288438,0.1,0.0064,1,0,33
1627,0,3061.0122680664062,0,0,-3061.0122680664062,0,0.0067636041978828,0.1,0.007,1,0,33
1627.125,0,3061.0122680664062,0,0,-3061.0122680664062,0,0.0067636060717129465,0.1,0.0062,1,0,33
1627.25,0,3061.0160827636719,0,0.030517578125,-3061.0160827636719,0,0.0067631773501449916,0.1,0.0056,1,0,33
1627.375,0,3061.0122680664062,0,-0.030517578125,-3061.0122680664062,0,0.0067636155801573256,0.1,0.0074,1,0,33
1627.5,0,3061.0122680664062,0,0,-3061.0122680664062,0,0.0067636172416335738,0.1,0.0064,1,0,33
1627.625,0,3061.0122680664062,0,0,-3061.0122680664062,0,0.006763618872112423,0.1,0.007,1,0,33
1627.75,0,3061.0122680664062,0,0,-3061.0122680664062,0,0.0067636204721721743,0.1,0.0064,1,0,33
1627.875,0,3061.0160827636719,0,0.030517578125,-3061.0160827636719,0,0.0067631914819414329,0.1,0.006,1,0,33
1628,0,3061.0122680664062,0,-0.030517578125,-3061.0122680664062,0,0.0067636294483032905,0.1,0.0062,1,0,33
1628.125,0,3061.004638671875,0,-0.06103515625,-3061.004638671875,0,0.0067644919719257041,0.1,0.0068,1,0,33
1628.25,0,3061.0122680664062,0,0.06103515625,-3061.0122680664062,0,0.0067636204976032205,0.1,0.0066,1,0,33
1628.375,0,3061.0084533691406,0,-0.030517578125,-3061.0084533691406,0,0.0067640526277758378,0.1,0.0062,1,0,33
1628.5,0,3061.0122680664062,0,0.030517578125,-3061.0122680664062,0,0.0067636177427753963,0.1,0.005,1,0,33
1628.625,0,3061.0122680664062,0,0,-3061.0122680664062,0,0.0067636193639046688,0.1,0.0066,1,0,33
1628.75,0,3061.0122680664062,0,0,-3061.0122680664062,0,0.0067636209547892734,0.1,0.0076,1,0,33
1628.875,0,3061.0160827636719,0,0.030517578125,-3061.0160827636719,0,0.0067631919555545539,0.1,0.0072,1,0,33
1629,0,3061.0122680664062,0,-0.030517578125,-3061.0122680664062,0,0.0067636299130804239,0.1,0.0058,1,0,33
1629.125,0,3061.0084533691406,0,-0.030517578125,-3061.0084533691406,0,0.006764061867592791,0.1,0.0066,1,0,33
1629.25,0,3061.0122680664062,0,0.030517578125,-3061.0122680664062,0,0.0067636268102092972,0.1,0.0066,1,0,33
1629.375,0,3061.0198974609375,0,0.06103515625,-3061.0198974609375,0,0.0067627671412937157,0.1,0.006,1,0,33
1629.5,0,3061.0160827636719,0,-0.030517578125,-3061.0160827636719,0,0.0067632108566252069,0.1,0.0064,1,0,33
1629.625,0,3061.0084533691406,0,-0.06103515625,-3061.0084533691406,0,0.0067640790219613556,0.1,0.0064,1,0,33
1629.75,0,3061.0160827636719,0,0.06103515625,-3061.0160827636719,0,0.0067632130840977328,0.1,0.0058,1,0,33
1629.875,0,3061.0122680664062,0,-0.030517578125,-3061.0122680664062,0,0.00676365064743803,0.1,0.006,1,0,33
1630,0,3061.0084533691406,0,-0.030517578125,-3061.0084533691406,0,0.006764082215118955,0.1,0.0074,1,0,33
1630.125,0,3061.0084533691406,0,0,-3061.0084533691406,0,0.0067640773385598818,0.1,0.0062,1,0,33
1630.25,0,3061.0122680664062,0,0.030517578125,-3061.0122680664062,0,0.006763641992541633,0.1,0.0064,1,0,33
1630.375,0,3061.0122680664062,0,0,-3061.0122680664062,0,0.0067636431612540932,0.1,0.006,1,0,33
1630.5,0,3061.0122680664062,0,0,-3061.0122680664062,0,0.0067636443081624253,0.1,0.0066,1,0,33
1630.625,0,3061.0160827636719,0,0.030517578125,-3061.0160827636719,0,0.0067632148732345021,0.1,0.0068,1,0,33
1630.75,0,3061.0084533691406,0,-0.06103515625,-3061.0084533691406,0,0.0067640829636346073,0.1,0.0058,1,0,33
1630.875,0,3061.0122680664062,0,0.030517578125,-3061.0122680664062,0,0.0067636475126719026,0.1,0.0062,1,0,33
1631,0,3061.0084533691406,0,-0.030517578125,-3061.0084533691406,0,0.0067640791388367261,0.1,0.005,1,0,33
1631.125,0,3061.0122680664062,0,0.030517578125,-3061.0122680664062,0,0.0067636437592315246,0.1,0.0066,1,0,33
1631.25,0,3061.0084533691406,0,-0.030517578125,-3061.0084533691406,0,0.006764075455422569,0.1,0.0066,1,0,33
1631.375,0,3061.0122680664062,0,0.030517578125,-3061.0122680664062,0,0.0067636401445371475,0.1,0.0072,1,0,33
1631.5,0,3061.0122680664062,0,0,-3061.0122680664062,0,0.0067636413477269869,0.1,0.0064,1,0,33
1631.625,0,3061.0084533691406,0,-0.030517578125,-3061.0084533691406,0,0.0067640730889083761,0.1,0.0058,1,0,33
1631.75,0,3061.0084533691406,0,0,-3061.0084533691406,0,0.0067640683826128423,0.1,0.0072,1,0,33
1631.875,0,3061.0122680664062,0,0.030517578125,-3061.0122680664062,0,0.0067636332036816044,0.1,0.0052,1,0,33
1632,0,3061.0084533691406,0,-0.030517578125,-3061.0084533691406,0,0.0067640650968027322,0.1,0.0062,1,0,33
1632.125,0,3061.0084533691406,0,0,-3061.0084533691406,0,0.00676406053961226,0.1,0.0068,1,0,33
1632.25,0,3061.0122680664062,0,0.030517578125,-3061.0122680664062,0,0.006763625507004295,0.1,0.0058,1,0,33
1632.375,0,3061.0084533691406,0,-0.030517578125,-3061.0084533691406,0,0.00676405754371881,0.1,0.0072,1,0,33
1632.5,0,3061.0160827636719,0,0.06103515625,-3061.0160827636719,0,0.0067631920065649442,0.1,0.0066,1,0,33
1632.625,0,3061.004638671875,0,-0.091552734375,-3061.004638671875,0,0.0067644910840169714,0.1,0.0066,1,0,33
1632.75,0,3061.004638671875,0,0,-3061.004638671875,0,0.0067644807471376328,0.1,0.0062,1,0,33
1632.875,0,3061.0084533691406,0,0.030517578125,-3061.0084533691406,0,0.0067640400426698111,0.1,0.0068,1,0,33
1633,0,3061.0122680664062,0,0.030517578125,-3061.0122680664062,0,0.0067636053924639422,0.1,0.0056,1,0,33
1633.125,0,3061.0084533691406,0,-0.030517578125,-3061.0084533691406,0,0.0067640378044462462,0.1,0.006,1,0,33
1633.25,0,3061.0084533691406,0,0,-3061.0084533691406,0,0.0067640337564368047,0.1,0.0068,1,0,33
1633.375,0,3061.0084533691406,0,0,-3061.0084533691406,0,0.00676402978394923,0.1,0.007,1,0,33
1633.5,0,3061.0084533691406,0,0,-3061.0084533691406,0,0.0067640258855745372,0.1,0.0056,1,0,33
1633.625,0,3061.0122680664062,0,0.030517578125,-3061.0122680664062,0,0.0067635914994911284,0.1,0.0058,1,0,33
1633.75,0,3061.0122680664062,0,0,-3061.0122680664062,0,0.0067635936102293653,0.1,0.0062,1,0,33
1633.875,0,3061.0160827636719,0,0.030517578125,-3061.0160827636719,0,0.0067631651211496058,0.1,0.007,1,0,33
1634,0,3061.0122680664062,0,-0.030517578125,-3061.0122680664062,0,0.0067636035793127158,0.1,0.0064,1,0,33
1634.125,0,3061.0084533691406,0,-0.030517578125,-3061.0084533691406,0,0.0067640360251221554,0.1,0.0068,1,0,33
1634.25,0,3061.0122680664062,0,0.030517578125,-3061.0122680664062,0,0.00676360144986983,0.1,0.006,1,0,33
1634.375,0,3061.0122680664062,0,0,-3061.0122680664062,0,0.0067636033749683966,0.1,0.0062,1,0,33
1634.5,0,3061.0084533691406,0,-0.030517578125,-3061.0084533691406,0,0.0067640358245901894,0.1,0.0074,1,0,33
1634.625,0,3061.0084533691406,0,0,-3061.0084533691406,0,0.0067640318135180205,0.1,0.006,1,0,33
1634.75,0,3061.0122680664062,0,0.030517578125,-3061.0122680664062,0,0.0067635973168396757,0.1,0.0058,1,0,33
1634.875,0,3061.0122680664062,0,0,-3061.0122680664062,0,0.0067635993190462984,0.1,0.0064,1,0,33
1635,0,3061.0122680664062,0,0,-3061.0122680664062,0,0.0067636012838986626,0.1,0.0064,1,0,33
1635.125,0,3061.0160827636719,0,0.030517578125,-3061.0160827636719,0,0.00676317265165477,0.1,0.0066,1,0,33
1635.25,0,3061.0084533691406,0,-0.06103515625,-3061.0084533691406,0,0.0067640415297635925,0.1,0.0048,1,0,33
1635.375,0,3061.0122680664062,0,0.030517578125,-3061.0122680664062,0,0.0067636068518136944,0.1,0.0068,1,0,33
1635.5,0,3061.0122680664062,0,0,-3061.0122680664062,0,0.00676360867613067,0.1,0.007,1,0,33
1635.625,0,3061.004638671875,0,-0.06103515625,-3061.004638671875,0,0.0067644715872900163,0.1,0.005,1,0,33
1635.75,0,3061.0122680664062,0,0.06103515625,-3061.0122680664062,0,0.0067636004932743743,0.1,0.0066,1,0,33
1635.875,0,3061.0122680664062,0,0,-3061.0122680664062,0,0.0067636024362197067,0.1,0.0066,1,0,33
1636,0,3061.0122680664062,0,0,-3061.0122680664062,0,0.0067636043429163961,0.1,0.0062,1,0,33
1636.125,0,3061.0122680664062,0,0,-3061.0122680664062,0,0.006763606214040721,0.1,0.0054,1,0,33
1636.25,0,3061.0122680664062,0,0,-3061.0122680664062,0,0.0067636080502563312,0.1,0.0058,1,0,33
1636.375,0,3061.0122680664062,0,0,-3061.0122680664062,0,0.0067636098522145111,0.1,0.0062,1,0,33
1636.5,0,3061.0122680664062,0,0,-3061.0122680664062,0,0.0067636116205543745,0.1,0.0058,1,0,33
1636.625,0,3061.0084533691406,0,-0.030517578125,-3061.0084533691406,0,0.0067640439163420413,0.1,0.0062,1,0,33
1636.75,0,3061.0084533691406,0,0,-3061.0084533691406,0,0.0067640397543057423,0.1,0.006,1,0,33
1636.875,0,3061.0084533691406,0,0,-3061.0084533691406,0,0.0067640356699186638,0.1,0.0062,1,0,33
1637,0,3061.0122680664062,0,0.030517578125,-3061.0122680664062,0,0.0067636011012932179,0.1,0.0074,1,0,33
1637.125,0,3061.0084533691406,0,-0.030517578125,-3061.0084533691406,0,0.00676403359333394,0.1,0.0058,1,0,33
1637.25,0,3061.0084533691406,0,0,-3061.0084533691406,0,0.0067640296238892922,0.1,0.0062,1,0,33
1637.375,0,3061.0160827636719,0,0.06103515625,-3061.0160827636719,0,0.00676316460762294,0.1,0.0064,1,0,33
1637.5,0,3061.0160827636719,0,0,-3061.0160827636719,0,0.0067631725149277649,0.1,0.005,1,0,33
1637.625,0,3061.0122680664062,0,-0.030517578125,-3061.0122680664062,0,0.0067636108351485369,0.1,0.0052,1,0,33
1637.75,0,3061.0160827636719,0,0.030517578125,-3061.0160827636719,0,0.0067631820247113367,0.1,0.0062,1,0,33
1637.875,0,3061.0160827636719,0,0,-3061.0160827636719,0,0.0067631896070735054,0.1,0.0058,1,0,33
1638,0,3061.0084533691406,0,-0.06103515625,-3061.0084533691406,0,0.0067640581688528378,0.1,0.006,1,0,33
1638.125,0,3061.0084533691406,0,0,-3061.0084533691406,0,0.0067640537409139612,0.1,0.006,1,0,33
1638.25,0,3061.0122680664062,0,0.030517578125,-3061.0122680664062,0,0.0067636188351462012,0.1,0.0068,1,0,33
1638.375,0,3061.0122680664062,0,0,-3061.0122680664062,0,0.0067636204358956092,0.1,0.0066,1,0,33
1638.5,0,3061.0122680664062,0,0,-3061.0122680664062,0,0.006763622006780573,0.1,0.0056,1,0,33
1638.625,0,3061.0084533691406,0,-0.030517578125,-3061.0084533691406,0,0.0067640541087971573,0.1,0.0068,1,0,33
1638.75,0,3061.0198974609375,0,0.091552734375,-3061.0198974609375,0,0.0067627580752880889,0.1,0.006,1,0,33
1638.875,0,3061.0122680664062,0,-0.06103515625,-3061.0122680664062,0,0.00676363252019882,0.1,0.005,1,0,33
1639,0,3061.0122680664062,0,0,-3061.0122680664062,0,0.00676363386563246,0.1,0.0058,1,0,33
1639.125,0,3061.0160827636719,0,0.030517578125,-3061.0160827636719,0,0.0067632046255260425,0.1,0.0064,1,0,33
1639.25,0,3061.0160827636719,0,0,-3061.0160827636719,0,0.0067632117862351376,0.1,0.0066,1,0,33
1639.375,0,3061.0122680664062,0,-0.030517578125,-3061.0122680664062,0,0.0067636493737890657,0.1,0.0058,1,0,33
1639.5,0,3061.0160827636719,0,0.030517578125,-3061.0160827636719,0,0.00676321984435406,0.1,0.0058,1,0,33
1639.625,0,3061.0160827636719,0,0,-3061.0160827636719,0,0.0067632267211324287,0.1,0.0068,1,0,33
1639.75,0,3061.0198974609375,0,0.030517578125,-3061.0198974609375,0,0.0067628029091749142,0.1,0.007,1,0,33
1639.875,0,3061.0122680664062,0,-0.06103515625,-3061.0122680664062,0,0.0067636765176403019,0.1,0.006,1,0,33
1640,0,3061.0160827636719,0,0.030517578125,-3061.0160827636719,0,0.0067632464817948545,0.1,0.0066,1,0,33
1640.125,0,3061.0122680664062,0,-0.030517578125,-3061.0122680664062,0,0.0067636834220495684,0.1,0.006,1,0,33
1640.25,0,3061.0122680664062,0,0,-3061.0122680664062,0,0.0067636838178306291,0.1,0.006,1,0,33
1640.375,0,3061.0122680664062,0,0,-3061.0122680664062,0,0.0067636842062277769,0.1,0.0066,1,0,33
1640.5,0,3061.0160827636719,0,0.030517578125,-3061.0160827636719,0,0.0067632540269398633,0.1,0.0068,1,0,33
1640.625,0,3061.0160827636719,0,0,-3061.0160827636719,0,0.0067632602659893487,0.1,0.007,1,0,33
1640.75,0,3061.0160827636719,0,0,-3061.0160827636719,0,0.0067632663886397354,0.1,0.005,1,0,33
1640.875,0,3061.0084533691406,0,-0.06103515625,-3061.0084533691406,0,0.00676413351794046,0.1,0.0076,1,0,33
1641,0,3061.0084533691406,0,0,-3061.0084533691406,0,0.0067641276842480835,0.1,0.0058,1,0,33
1641.125,0,3061.0122680664062,0,0.030517578125,-3061.0122680664062,0,0.0067636913989533309,0.1,0.0062,1,0,33
1641.25,0,3061.0122680664062,0,0,-3061.0122680664062,0,0.0067636916459129365,0.1,0.0062,1,0,33
1641.375,0,3061.0084533691406,0,-0.030517578125,-3061.0084533691406,0,0.0067641224487040436,0.1,0.0066,1,0,33
1641.5,0,3061.0084533691406,0,0,-3061.0084533691406,0,0.0067641168215253483,0.1,0.006,1,0,33
1641.625,0,3061.0084533691406,0,0,-3061.0084533691406,0,0.0067641112993303554,0.1,0.0054,1,0,33
1641.75,0,3061.0122680664062,0,0.030517578125,-3061.0122680664062,0,0.0067636753197215238,0.1,0.0056,1,0,33
1641.875,0,3061.0122680664062,0,0,-3061.0122680664062,0,0.0067636758666640151,0.1,0.0062,1,0,33
1642,0,3061.0122680664062,0,0,-3061.0122680664062,0,0.0067636764034024466,0.1,0.0074,1,0,33
1642.125,0,3061.004638671875,0,-0.06103515625,-3061.004638671875,0,0.00676453805100502,0.1,0.006,1,0,33
1642.25,0,3061.0160827636719,0,0.091552734375,-3061.0160827636719,0,0.0067632351565672932,0.1,0.007,1,0,33
1642.375,0,3061.0122680664062,0,-0.030517578125,-3061.0122680664062,0,0.006763672308111604,0.1,0.0064,1,0,33
1642.5,0,3061.0084533691406,0,-0.030517578125,-3061.0084533691406,0,0.0067641034716792448,0.1,0.0064,1,0,33
1642.625,0,3061.0084533691406,0,0,-3061.0084533691406,0,0.0067640981985462312,0.1,0.006,1,0,33
1642.75,0,3061.0122680664062,0,0.030517578125,-3061.0122680664062,0,0.0067636624633527348,0.1,0.0064,1,0,33
1642.875,0,3061.0160827636719,0,0.030517578125,-3061.0160827636719,0,0.0067632326897117123,0.1,0.0056,1,0,33
1643,0,3061.0084533691406,0,-0.06103515625,-3061.0084533691406,0,0.0067641004477179412,0.1,0.0064,1,0,33
1643.125,0,3061.0084533691406,0,0,-3061.0084533691406,0,0.0067640952310015906,0.1,0.0058,1,0,33
1643.25,0,3061.0084533691406,0,0,-3061.0084533691406,0,0.0067640901116111374,0.1,0.0074,1,0,33
1643.375,0,3061.0160827636719,0,0.06103515625,-3061.0160827636719,0,0.0067632239668529853,0.1,0.007,1,0,33
1643.5,0,3061.0084533691406,0,-0.06103515625,-3061.0084533691406,0,0.0067640918875976064,0.1,0.0064,1,0,33
1643.625,0,3061.0122680664062,0,0.030517578125,-3061.0122680664062,0,0.0067636562701446079,0.1,0.0066,1,0,33
1643.75,0,3061.0122680664062,0,0,-3061.0122680664062,0,0.0067636571724863509,0.1,0.006,1,0,33
1643.875,0,3061.0084533691406,0,-0.030517578125,-3061.0084533691406,0,0.0067640886184324317,0.1,0.0062,1,0,33
1644,0,3061.0122680664062,0,0.030517578125,-3061.0122680664062,0,0.0067636530619707425,0.1,0.0058,1,0,33
1644.125,0,3061.0122680664062,0,0,-3061.0122680664062,0,0.0067636540241659271,0.1,0.0056,1,0,33
1644.25,0,3061.0084533691406,0,-0.030517578125,-3061.0084533691406,0,0.0067640855288487872,0.1,0.0062,1,0,33
1644.375,0,3061.0122680664062,0,0.030517578125,-3061.0122680664062,0,0.0067636500300280594,0.1,0.0062,1,0,33
1644.5,0,3061.0122680664062,0,0,-3061.0122680664062,0,0.0067636510487888157,0.1,0.0068,1,0,33
1644.625,0,3061.0160827636719,0,0.030517578125,-3061.0160827636719,0,0.0067632214881040986,0.1,0.0062,1,0,33
1644.75,0,3061.0160827636719,0,0,-3061.0160827636719,0,0.0067632283342157762,0.1,0.0068,1,0,33
1644.875,0,3061.0084533691406,0,-0.06103515625,-3061.0084533691406,0,0.006764096173480505,0.1,0.0048,1,0,33
1645,0,3061.0084533691406,0,0,-3061.0084533691406,0,0.0067640910365066587,0.1,0.006,1,0,33
1645.125,0,3061.0160827636719,0,0.06103515625,-3061.0160827636719,0,0.0067632248744931567,0.1,0.0062,1,0,33
1645.25,0,3061.0122680664062,0,-0.030517578125,-3061.0122680664062,0,0.0067636622178654376,0.1,0.0056,1,0,33
1645.375,0,3061.0084533691406,0,-0.030517578125,-3061.0084533691406,0,0.0067640935696821891,0.1,0.0066,1,0,33
1645.5,0,3061.0160827636719,0,0.06103515625,-3061.0160827636719,0,0.0067632273604083942,0.1,0.0068,1,0,33
1645.625,0,3061.0122680664062,0,-0.030517578125,-3061.0122680664062,0,0.00676366465740208,0.1,0.006,1,0,33
1645.75,0,3061.0122680664062,0,0,-3061.0122680664062,0,0.0067636654032666027,0.1,0.0068,1,0,33
1645.875,0,3061.0122680664062,0,0,-3061.0122680664062,0,0.0067636661352158678,0.1,0.0064,1,0,33
1646,0,3061.0122680664062,0,0,-3061.0122680664062,0,0.0067636668535094868,0.1,0.0066,1,0,33
1646.125,0,3061.0160827636719,0,0.030517578125,-3061.0160827636719,0,0.006763236997963315,0.1,0.0066,1,0,33
1646.25,0,3061.0160827636719,0,0,-3061.0160827636719,0,0.0067632435547146375,0.1,0.0064,1,0,33
1646.375,0,3061.0084533691406,0,-0.06103515625,-3061.0084533691406,0,0.0067641111100174706,0.1,0.0062,1,0,33
1646.5,0,3061.0084533691406,0,0,-3061.0084533691406,0,0.006764105694379477,0.1,0.0066,1,0,33
1646.625,0,3061.0122680664062,0,0.030517578125,-3061.0122680664062,0,0.0067636698193396516,0.1,0.0072,1,0,33
1646.75,0,3061.0122680664062,0,0,-3061.0122680664062,0,0.0067636704689002514,0.1,0.0068,1,0,33
1646.875,0,3061.0122680664062,0,0,-3061.0122680664062,0,0.006763671106342295,0.1,0.0064,1,0,33
1647,0,3061.0160827636719,0,0.030517578125,-3061.0160827636719,0,0.0067632411714529661,0.1,0.0064,1,0,33
1647.125,0,3061.0122680664062,0,-0.030517578125,-3061.0122680664062,0,0.0067636782107803051,0.1,0.0064,1,0,33
1647.25,0,3061.0122680664062,0,0,-3061.0122680664062,0,0.0067636787037856361,0.1,0.0058,1,0,33
1647.375,0,3061.0084533691406,0,-0.030517578125,-3061.0084533691406,0,0.0067641097480320989,0.1,0.0072,1,0,33
1647.5,0,3061.0084533691406,0,0,-3061.0084533691406,0,0.0067641043578040433,0.1,0.006,1,0,33
1647.625,0,3061.0122680664062,0,0.030517578125,-3061.0122680664062,0,0.0067636685077000908,0.1,0.0066,1,0,33
1647.75,0,3061.0122680664062,0,0,-3061.0122680664062,0,0.0067636691817313521,0.1,0.0068,1,0,33
1647.875,0,3061.0084533691406,0,-0.030517578125,-3061.0084533691406,0,0.0067641004036264329,0.1,0.0062,1,0,33
1648,0,3061.0122680664062,0,0.030517578125,-3061.0122680664062,0,0.006763664627293775,0.1,0.0066,1,0,33
1648.125,0,3061.0084533691406,0,-0.030517578125,-3061.0084533691406,0,0.0067640959341589285,0.1,0.0058,1,0,33
1648.25,0,3061.0084533691406,0,0,-3061.0084533691406,0,0.0067640908016499968,0.1,0.006,1,0,33
1648.375,0,3061.0084533691406,0,0,-3061.0084533691406,0,0.0067640857648959274,0.1,0.0068,1,0,33
1648.5,0,3061.0084533691406,0,0,-3061.0084533691406,0,0.0067640808221102883,0.1,0.0064,1,0,33
1648.625,0,3061.004638671875,0,-0.030517578125,-3061.004638671875,0,0.0067645065319788533,0.1,0.007,1,0,33
1648.75,0,3061.0122680664062,0,0.06103515625,-3061.0122680664062,0,0.0067636347860161178,0.1,0.0056,1,0,33
1648.875,0,3061.0160827636719,0,0.030517578125,-3061.0160827636719,0,0.0067632055287385195,0.1,0.0064,1,0,33
1649,0,3061.0198974609375,0,0.030517578125,-3061.0198974609375,0,0.00676278211215782,0.1,0.0066,1,0,33
1649.125,0,3061.0084533691406,0,-0.091552734375,-3061.0084533691406,0,0.0067640866690625717,0.1,0.007,1,0,33
1649.25,0,3061.0122680664062,0,0.030517578125,-3061.0122680664062,0,0.0067636511489693879,0.1,0.0062,1,0,33
1649.375,0,3061.0160827636719,0,0.030517578125,-3061.0160827636719,0,0.006763221586415652,0.1,0.0056,1,0,33
1649.5,0,3061.0084533691406,0,-0.06103515625,-3061.0084533691406,0,0.0067640895515709981,0.1,0.0054,1,0,33
1649.625,0,3061.0198974609375,0,0.091552734375,-3061.0198974609375,0,0.0067627928568222972,0.1,0.0066,1,0,33
1649.75,0,3061.0160827636719,0,-0.030517578125,-3061.0160827636719,0,0.00676323609239092,0.1,0.0066,1,0,33
1649.875,0,3061.0122680664062,0,-0.030517578125,-3061.0122680664062,0,0.0067636732264760024,0.1,0.0064,1,0,33
1650,0,3061.0122680664062,0,0,-3061.0122680664062,0,0.006763673812471227,0.1,0.0066,1,0,33
1650.125,0,3061.0084533691406,0,-0.030517578125,-3061.0084533691406,0,0.0067641049479727072,0.1,0.007,1,0,33
1650.25,0,3061.0122680664062,0,0.030517578125,-3061.0122680664062,0,0.0067636690868582566,0.1,0.0056,1,0,33
1650.375,0,3061.0160827636719,0,0.030517578125,-3061.0160827636719,0,0.0067632391896455257,0.1,0.006,1,0,33
1650.5,0,3061.0122680664062,0,-0.030517578125,-3061.0122680664062,0,0.0067636762659465388,0.1,0.0068,1,0,33
1650.625,0,3061.0084533691406,0,-0.030517578125,-3061.0084533691406,0,0.0067641073556746617,0.1,0.0066,1,0,33
1650.75,0,3061.0122680664062,0,0.030517578125,-3061.0122680664062,0,0.00676367144964081,0.1,0.0058,1,0,33
1650.875,0,3061.0122680664062,0,0,-3061.0122680664062,0,0.0067636720687856283,0.1,0.007,1,0,33
1651,0,3061.0122680664062,0,0,-3061.0122680664062,0,0.0067636726763793537,0.1,0.0066,1,0,33
1651.125,0,3061.0122680664062,0,0,-3061.0122680664062,0,0.00676367327263748,0.1,0.0064,1,0,33
1651.25,0,3061.0160827636719,0,0.030517578125,-3061.0160827636719,0,0.0067632432973325773,0.1,0.0056,1,0,33
1651.375,0,3061.0160827636719,0,0,-3061.0160827636719,0,0.0067632497365594374,0.1,0.0062,1,0,33
1651.5,0,3061.0122680664062,0,-0.030517578125,-3061.0122680664062,0,0.0067636866160915021,0.1,0.0058,1,0,33
1651.625,0,3061.0122680664062,0,0,-3061.0122680664062,0,0.0067636869522827853,0.1,0.0064,1,0,33
1651.75,0,3061.0122680664062,0,0,-3061.0122680664062,0,0.0067636872822018912,0.1,0.0064,1,0,33
1651.875,0,3061.0160827636719,0,0.030517578125,-3061.0160827636719,0,0.0067632570455269381,0.1,0.0058,1,0,33
1652,0,3061.0122680664062,0,-0.030517578125,-3061.0122680664062,0,0.0067636937886989407,0.1,0.0066,1,0,33
1652.125,0,3061.0122680664062,0,0,-3061.0122680664062,0,0.0067636939910741545,0.1,0.0062,1,0,33
1652.25,0,3061.0084533691406,0,-0.030517578125,-3061.0084533691406,0,0.0067641247501126628,0.1,0.0066,1,0,33
1652.375,0,3061.0122680664062,0,0.030517578125,-3061.0122680664062,0,0.0067636885195587332,0.1,0.0064,1,0,33
1652.5,0,3061.0122680664062,0,0,-3061.0122680664062,0,0.0067636888202378953,0.1,0.007,1,0,33
1652.625,0,3061.0122680664062,0,0,-3061.0122680664062,0,0.00676368911530742,0.1,0.0062,1,0,33
1652.75,0,3061.0122680664062,0,0,-3061.0122680664062,0,0.0067636894048719726,0.1,0.0062,1,0,33
1652.875,0,3061.0122680664062,0,0,-3061.0122680664062,0,0.00676368968903425,0.1,0.0066,1,0,33
1653,0,3061.0122680664062,0,0,-3061.0122680664062,0,0.0067636899678950452,0.1,0.0066,1,0,33
1653.125,0,3061.0160827636719,0,0.030517578125,-3061.0160827636719,0,0.0067632596811143392,0.1,0.0054,1,0,33
1653.25,0,3061.0122680664062,0,-0.030517578125,-3061.0122680664062,0,0.0067636963751153828,0.1,0.0064,1,0,33
1653.375,0,3061.0084533691406,0,-0.030517578125,-3061.0084533691406,0,0.0067641270896759281,0.1,0.0064,1,0,33
1653.5,0,3061.0160827636719,0,0.06103515625,-3061.0160827636719,0,0.0067632602550349169,0.1,0.007,1,0,33
1653.625,0,3061.0122680664062,0,-0.030517578125,-3061.0122680664062,0,0.006763696938328595,0.1,0.0068,1,0,33
1653.75,0,3061.0084533691406,0,-0.030517578125,-3061.0084533691406,0,0.0067641276423815316,0.1,0.0068,1,0,33
1653.875,0,3061.0084533691406,0,0,-3061.0084533691406,0,0.0067641219183067758,0.1,0.0054,1,0,33
1654,0,3061.0122680664062,0,0.030517578125,-3061.0122680664062,0,0.0067636857405845435,0.1,0.0058,1,0,33
1654.125,0,3061.0122680664062,0,0,-3061.0122680664062,0,0.0067636860931097609,0.1,0.006,1,0,33
1654.25,0,3061.0122680664062,0,0,-3061.0122680664062,0,0.0067636864390580725,0.1,0.0062,1,0,33
1654.375,0,3061.0084533691406,0,-0.030517578125,-3061.0084533691406,0,0.0067641173389910991,0.1,0.0058,1,0,33
1654.5,0,3061.0122680664062,0,0.030517578125,-3061.0122680664062,0,0.0067636812467030683,0.1,0.0052,1,0,33
1654.625,0,3061.0122680664062,0,0,-3061.0122680664062,0,0.0067636816830685814,0.1,0.0058,1,0,33
1654.75,0,3061.0160827636719,0,0.030517578125,-3061.0160827636719,0,0.0067632515508540964,0.1,0.0064,1,0,33
1654.875,0,3061.0122680664062,0,-0.030517578125,-3061.0122680664062,0,0.0067636883965376954,0.1,0.0048,1,0,33
1655,0,3061.0122680664062,0,0,-3061.0122680664062,0,0.0067636886995120077,0.1,0.0064,1,0,33
1655.125,0,3061.0122680664062,0,0,-3061.0122680664062,0,0.0067636889968338693,0.1,0.0064,1,0,33
1655.25,0,3061.0122680664062,0,0,-3061.0122680664062,0,0.0067636892886087235,0.1,0.0068,1,0,33
1655.375,0,3061.0122680664062,0,0,-3061.0122680664062,0,0.0067636895749400711,0.1,0.0062,1,0,33
1655.5,0,3061.0122680664062,0,0,-3061.0122680664062,0,0.0067636898559294695,0.1,0.0066,1,0,33
1655.625,0,3061.0198974609375,0,0.06103515625,-3061.0198974609375,0,0.0067628290107986933,0.1,0.0072,1,0,33
1655.75,0,3061.0160827636719,0,-0.030517578125,-3061.0160827636719,0,0.006763271571859103,0.1,0.0064,1,0,33
1655.875,0,3061.0160827636719,0,0,-3061.0160827636719,0,0.0067632774835810483,0.1,0.0066,1,0,33
1656,0,3061.0160827636719,0,0,-3061.0160827636719,0,0.0067632832850106905,0.1,0.0072,1,0,33
1656.125,0,3061.0084533691406,0,-0.06103515625,-3061.0084533691406,0,0.0067641500990835435,0.1,0.0062,1,0,33
1656.25,0,3061.0122680664062,0,0.030517578125,-3061.0122680664062,0,0.0067637133956054418,0.1,0.0068,1,0,33
1656.375,0,3061.0160827636719,0,0.030517578125,-3061.0160827636719,0,0.0067632826717446554,0.1,0.0064,1,0,33
1656.5,0,3061.0084533691406,0,-0.06103515625,-3061.0084533691406,0,0.0067641494972589256,0.1,0.0058,1,0,33
1656.625,0,3061.0122680664062,0,0.030517578125,-3061.0122680664062,0,0.0067637128050087869,0.1,0.0058,1,0,33
1656.75,0,3061.0122680664062,0,0,-3061.0122680664062,0,0.0067637126526054053,0.1,0.0062,1,0,33
1656.875,0,3061.0160827636719,0,0.030517578125,-3061.0160827636719,0,0.0067632819426064333,0.1,0.007,1,0,33
1657,0,3061.0084533691406,0,-0.06103515625,-3061.0084533691406,0,0.0067641487817239054,0.1,0.0058,1,0,33
1657.125,0,3061.0084533691406,0,0,-3061.0084533691406,0,0.0067641426632620849,0.1,0.0068,1,0,33
1657.25,0,3061.0122680664062,0,0.030517578125,-3061.0122680664062,0,0.0067637060985107078,0.1,0.0064,1,0,33
1657.375,0,3061.0084533691406,0,-0.030517578125,-3061.0084533691406,0,0.0067641366316663065,0.1,0.006,1,0,33
1657.5,0,3061.0084533691406,0,0,-3061.0084533691406,0,0.0067641307398825651,0.1,0.0066,1,0,33
1657.625,0,3061.004638671875,0,-0.030517578125,-3061.004638671875,0,0.00676455551845806,0.1,0.0064,1,0,33
1657.75,0,3061.0084533691406,0,0.030517578125,-3061.0084533691406,0,0.0067641134190158658,0.1,0.0078,1,0,33
1657.875,0,3061.0084533691406,0,0,-3061.0084533691406,0,0.0067641079602999421,0.1,0.0062,1,0,33
1658,0,3061.0122680664062,0,0.030517578125,-3061.0122680664062,0,0.0067636720429858771,0.1,0.0056,1,0,33
1658.125,0,3061.0122680664062,0,0,-3061.0122680664062,0,0.0067636726510609257,0.1,0.0068,1,0,33
1658.25,0,3061.0084533691406,0,-0.030517578125,-3061.0084533691406,0,0.0067641038082303095,0.1,0.0054,1,0,33
1658.375,0,3061.0084533691406,0,0,-3061.0084533691406,0,0.0067640985288184158,0.1,0.0064,1,0,33
1658.5,0,3061.004638671875,0,-0.030517578125,-3061.004638671875,0,0.006764523908341008,0.1,0.0066,1,0,33
1658.625,0,3061.0160827636719,0,0.091552734375,-3061.0160827636719,0,0.0067632212777565121,0.1,0.0064,1,0,33
1658.75,0,3061.0160827636719,0,0,-3061.0160827636719,0,0.0067632281277925504,0.1,0.006,1,0,33
1658.875,0,3061.0084533691406,0,-0.06103515625,-3061.0084533691406,0,0.0067640959709084209,0.1,0.007,1,0,33
1659,0,3061.0084533691406,0,0,-3061.0084533691406,0,0.0067640908377138709,0.1,0.0076,1,0,33
1659.125,0,3061.0122680664062,0,0.030517578125,-3061.0122680664062,0,0.0067636552398480654,0.1,0.0062,1,0,33
1659.25,0,3061.0160827636719,0,0.030517578125,-3061.0160827636719,0,0.0067632256009726721,0.1,0.0064,1,0,33
1659.375,0,3061.0084533691406,0,-0.06103515625,-3061.0084533691406,0,0.0067640934912302636,0.1,0.0064,1,0,33
1659.5,0,3061.0084533691406,0,0,-3061.0084533691406,0,0.00676408840429793,0.1,0.0058,1,0,33
1659.625,0,3061.004638671875,0,-0.030517578125,-3061.004638671875,0,0.00676451397270908,0.1,0.006,1,0,33
1659.75,0,3061.0084533691406,0,0.030517578125,-3061.0084533691406,0,0.0067640726483669533,0.1,0.006,1,0,33
1659.875,0,3061.0122680664062,0,0.030517578125,-3061.0122680664062,0,0.0067636373898514873,0.1,0.0058,1,0,33
1660,0,3061.0122680664062,0,0,-3061.0122680664062,0,0.0067636386444342445,0.1,0.0064,1,0,33
1660.125,0,3061.0122680664062,0,0,-3061.0122680664062,0,0.0067636398756108218,0.1,0.0058,1,0,33
1660.25,0,3061.004638671875,0,-0.06103515625,-3061.004638671875,0,0.0067645022046957243,0.1,0.0058,1,0,33
1660.375,0,3061.0084533691406,0,0.030517578125,-3061.0084533691406,0,0.0067640610999040451,0.1,0.0056,1,0,33
1660.5,0,3061.0160827636719,0,0.06103515625,-3061.0160827636719,0,0.0067631954964040564,0.1,0.0064,1,0,33
1660.625,0,3061.0122680664062,0,-0.030517578125,-3061.0122680664062,0,0.0067636333878699217,0.1,0.0066,1,0,33
1660.75,0,3061.0122680664062,0,0,-3061.0122680664062,0,0.0067636347171158157,0.1,0.0056,1,0,33
1660.875,0,3061.0160827636719,0,0.030517578125,-3061.0160827636719,0,0.0067632054611236614,0.1,0.0066,1,0,33
1661,0,3061.0122680664062,0,-0.030517578125,-3061.0122680664062,0,0.0067636431666823066,0.1,0.006,1,0,33
1661.125,0,3061.0122680664062,0,0,-3061.0122680664062,0,0.0067636443134893587,0.1,0.0066,1,0,33
1661.25,0,3061.0084533691406,0,-0.030517578125,-3061.0084533691406,0,0.0067640759993398691,0.1,0.007,1,0,33
1661.375,0,3061.0084533691406,0,0,-3061.0084533691406,0,0.0067640712387457419,0.1,0.0068,1,0,33
1661.5,0,3061.0122680664062,0,0.030517578125,-3061.0122680664062,0,0.0067636360065289336,0.1,0.006,1,0,33
1661.625,0,3061.0160827636719,0,0.030517578125,-3061.0160827636719,0,0.006763206726480786,0.1,0.007,1,0,33
1661.75,0,3061.0084533691406,0,-0.06103515625,-3061.0084533691406,0,0.0067640749688711588,0.1,0.006,1,0,33
1661.875,0,3061.0122680664062,0,0.030517578125,-3061.0122680664062,0,0.006763639667063101,0.1,0.0058,1,0,33
1662,0,3061.0122680664062,0,0,-3061.0122680664062,0,0.0067636408791609537,0.1,0.0054,1,0,33
1662.125,0,3061.0160827636719,0,0.030517578125,-3061.0160827636719,0,0.0067632115082063432,0.1,0.0068,1,0,33
1662.25,0,3061.0122680664062,0,-0.030517578125,-3061.0122680664062,0,0.00676364910094733,0.1,0.0064,1,0,33
1662.375,0,3061.0122680664062,0,0,-3061.0122680664062,0,0.0067636501370415131,0.1,0.0062,1,0,33
1662.5,0,3061.0122680664062,0,0,-3061.0122680664062,0,0.0067636511538057692,0.1,0.0066,1,0,33
1662.625,0,3061.0084533691406,0,-0.030517578125,-3061.0084533691406,0,0.0067640827120396263,0.1,0.006,1,0,33
1662.75,0,3061.0084533691406,0,0,-3061.0084533691406,0,0.0067640778262097329,0.1,0.0068,1,0,33
1662.875,0,3061.004638671875,0,-0.030517578125,-3061.004638671875,0,0.0067645035919714491,0.1,0.0052,1,0,33
1663,0,3061.0122680664062,0,0.06103515625,-3061.0122680664062,0,0.0067636319008590878,0.1,0.0052,1,0,33
1663.125,0,3061.004638671875,0,-0.06103515625,-3061.004638671875,0,0.0067644943787252831,0.1,0.0056,1,0,33
1663.25,0,3061.0122680664062,0,0.06103515625,-3061.0122680664062,0,0.0067636228595002457,0.1,0.0064,1,0,33
1663.375,0,3061.0084533691406,0,-0.030517578125,-3061.0084533691406,0,0.0067640549456080279,0.1,0.0062,1,0,33
1663.5,0,3061.0122680664062,0,0.030517578125,-3061.0122680664062,0,0.0067636200173648436,0.1,0.006,1,0,33
1663.625,0,3061.0122680664062,0,0,-3061.0122680664062,0,0.0067636215960581447,0.1,0.0068,1,0,33
1663.75,0,3061.0160827636719,0,0.030517578125,-3061.0160827636719,0,0.0067631925848595648,0.1,0.008,1,0,33
1663.875,0,3061.0122680664062,0,-0.030517578125,-3061.0122680664062,0,0.0067636305306447847,0.1,0.006,1,0,33
1664,0,3061.004638671875,0,-0.06103515625,-3061.004638671875,0,0.006764493034074448,0.1,0.0058,1,0,33
1664.125,0,3061.0198974609375,0,0.1220703125,-3061.0198974609375,0,0.0067627604190580587,0.1,0.0062,1,0,33
1664.25,0,3061.0122680664062,0,-0.06103515625,-3061.0122680664062,0,0.0067636348202421426,0.1,0.0072,1,0,33
1664.375,0,3061.0198974609375,0,0.06103515625,-3061.0198974609375,0,0.0067627750018870447,0.1,0.0064,1,0,33
1664.5,0,3061.0122680664062,0,-0.06103515625,-3061.0122680664062,0,0.0067636491310059527,0.1,0.0068,1,0,33
1664.625,0,3061.0198974609375,0,0.06103515625,-3061.0198974609375,0,0.0067627890456614659,0.1,0.0046,1,0,33
1664.75,0,3061.0160827636719,0,-0.030517578125,-3061.0160827636719,0,0.0067632323523331844,0.1,0.0058,1,0,33
1664.875,0,3061.0122680664062,0,-0.030517578125,-3061.0122680664062,0,0.0067636695561948124,0.1,0.0058,1,0,33
1665,0,3061.0160827636719,0,0.030517578125,-3061.0160827636719,0,0.0067632396502258774,0.1,0.007,1,0,33
1665.125,0,3061.0122680664062,0,-0.030517578125,-3061.0122680664062,0,0.0067636767179340557,0.1,0.0056,1,0,33
1665.25,0,3061.0198974609375,0,0.06103515625,-3061.0198974609375,0,0.006762816117912851,0.1,0.0064,1,0,33
1665.375,0,3061.0084533691406,0,-0.091552734375,-3061.0084533691406,0,0.006764120040387761,0.1,0.0074,1,0,33
1665.5,0,3061.0122680664062,0,0.030517578125,-3061.0122680664062,0,0.0067636838977010172,0.1,0.0064,1,0,33
1665.625,0,3061.0122680664062,0,0,-3061.0122680664062,0,0.0067636842846080653,0.1,0.006,1,0,33
1665.75,0,3061.0160827636719,0,0.030517578125,-3061.0160827636719,0,0.0067632541038578492,0.1,0.0064,1,0,33
1665.875,0,3061.0122680664062,0,-0.030517578125,-3061.0122680664062,0,0.006763690901911229,0.1,0.0068,1,0,33
1666,0,3061.0122680664062,0,0,-3061.0122680664062,0,0.0067636911581439307,0.1,0.0058,1,0,33
1666.125,0,3061.0160827636719,0,0.030517578125,-3061.0160827636719,0,0.0067632608491572932,0.1,0.0056,1,0,33
1666.25,0,3061.0122680664062,0,-0.030517578125,-3061.0122680664062,0,0.0067636975213666989,0.1,0.0058,1,0,33
1666.375,0,3061.0084533691406,0,-0.030517578125,-3061.0084533691406,0,0.0067641282145421561,0.1,0.0062,1,0,33
1666.5,0,3061.0160827636719,0,0.06103515625,-3061.0160827636719,0,0.0067632613589150292,0.1,0.0056,1,0,33
1666.625,0,3061.0122680664062,0,-0.030517578125,-3061.0122680664062,0,0.0067636980216141118,0.1,0.006,1,0,33
1666.75,0,3061.0084533691406,0,-0.030517578125,-3061.0084533691406,0,0.0067641287054566734,0.1,0.0052,1,0,33
1666.875,0,3061.0160827636719,0,0.06103515625,-3061.0160827636719,0,0.0067632618406707756,0.1,0.0066,1,0,33
1667,0,3061.0160827636719,0,0,-3061.0160827636719,0,0.0067632679339430513,0.1,0.0068,1,0,33
1667.125,0,3061.0122680664062,0,-0.030517578125,-3061.0122680664062,0,0.0067637044739748409,0.1,0.0054,1,0,33
1667.25,0,3061.0122680664062,0,0,-3061.0122680664062,0,0.0067637044769997545,0.1,0.007,1,0,33
1667.375,0,3061.0160827636719,0,0.030517578125,-3061.0160827636719,0,0.006763273919529314,0.1,0.0062,1,0,33
1667.5,0,3061.0160827636719,0,0,-3061.0160827636719,0,0.0067632797874518508,0.1,0.0056,1,0,33
1667.625,0,3061.0122680664062,0,-0.030517578125,-3061.0122680664062,0,0.00676371610633815,0.1,0.0062,1,0,33
1667.75,0,3061.0122680664062,0,0,-3061.0122680664062,0,0.0067637158923433693,0.1,0.0072,1,0,33
1667.875,0,3061.0160827636719,0,0.030517578125,-3061.0160827636719,0,0.0067632851219020795,0.1,0.007,1,0,33
1668,0,3061.0160827636719,0,0,-3061.0160827636719,0,0.0067632907808270609,0.1,0.006,1,0,33
1668.125,0,3061.0160827636719,0,0,-3061.0160827636719,0,0.0067632963341760638,0.1,0.0056,1,0,33
1668.25,0,3061.0122680664062,0,-0.030517578125,-3061.0122680664062,0,0.00676373234435769,0.1,0.0068,1,0,33
1668.375,0,3061.0122680664062,0,0,-3061.0122680664062,0,0.0067637318274176017,0.1,0.006,1,0,33
1668.5,0,3061.0084533691406,0,-0.030517578125,-3061.0084533691406,0,0.00676416188056074,0.1,0.0064,1,0,33
1668.625,0,3061.0084533691406,0,0,-3061.0084533691406,0,0.0067641555177199164,0.1,0.0066,1,0,33
1668.75,0,3061.0160827636719,0,0.06103515625,-3061.0160827636719,0,0.0067632881527098787,0.1,0.006,1,0,33
1668.875,0,3061.0122680664062,0,-0.030517578125,-3061.0122680664062,0,0.0067637243155293791,0.1,0.0064,1,0,33
1669,0,3061.0160827636719,0,0.030517578125,-3061.0160827636719,0,0.0067632933879405582,0.1,0.0064,1,0,33
1669.125,0,3061.0122680664062,0,-0.030517578125,-3061.0122680664062,0,0.0067637294530887432,0.1,0.0058,1,0,33
1669.25,0,3061.0160827636719,0,0.030517578125,-3061.0160827636719,0,0.0067632984296508158,0.1,0.0072,1,0,33
1669.375,0,3061.0122680664062,0,-0.030517578125,-3061.0122680664062,0,0.0067637344007381167,0.1,0.0062,1,0,33
1669.5,0,3061.0122680664062,0,0,-3061.0122680664062,0,0.0067637338454330787,0.1,0.0058,1,0,33
1669.625,0,3061.0160827636719,0,0.030517578125,-3061.0160827636719,0,0.0067633027400492013,0.1,0.0062,1,0,33
1669.75,0,3061.0122680664062,0,-0.030517578125,-3061.0122680664062,0,0.0067637386307193709,0.1,0.0062,1,0,33
1669.875,0,3061.0084533691406,0,-0.030517578125,-3061.0084533691406,0,0.0067641685569364146,0.1,0.0062,1,0,33
1670,0,3061.0084533691406,0,0,-3061.0084533691406,0,0.006764162069537491,0.1,0.007,1,0,33
1670.125,0,3061.0122680664062,0,0.030517578125,-3061.0122680664062,0,0.0067637251427321021,0.1,0.0064,1,0,33
1670.25,0,3061.0122680664062,0,0,-3061.0122680664062,0,0.0067637247601494421,0.1,0.0064,1,0,33
1670.375,0,3061.0084533691406,0,-0.030517578125,-3061.0084533691406,0,0.0067641549451433747,0.1,0.0068,1,0,33
1670.5,0,3061.0084533691406,0,0,-3061.0084533691406,0,0.0067641487116934657,0.1,0.0068,1,0,33
1670.625,0,3061.0122680664062,0,0.030517578125,-3061.0122680664062,0,0.00676371203409927,0.1,0.006,1,0,33
1670.75,0,3061.0160827636719,0,0.030517578125,-3061.0160827636719,0,0.0067632813356394844,0.1,0.0066,1,0,33
1670.875,0,3061.0122680664062,0,-0.030517578125,-3061.0122680664062,0,0.0067637176256419435,0.1,0.0066,1,0,33
1671,0,3061.0160827636719,0,0.030517578125,-3061.0160827636719,0,0.0067632868228632986,0.1,0.0062,1,0,33
1671.125,0,3061.0160827636719,0,0,-3061.0160827636719,0,0.00676329245005422,0.1,0.0068,1,0,33
1671.25,0,3061.0084533691406,0,-0.06103515625,-3061.0084533691406,0,0.0067641590931390438,0.1,0.0064,1,0,33
1671.375,0,3061.0160827636719,0,0.06103515625,-3061.0160827636719,0,0.0067632916614240451,0.1,0.006,1,0,33
1671.5,0,3061.0084533691406,0,-0.06103515625,-3061.0084533691406,0,0.0067641583192219745,0.1,0.0064,1,0,33
1671.625,0,3061.0160827636719,0,0.06103515625,-3061.0160827636719,0,0.0067632909019455928,0.1,0.0052,1,0,33
1671.75,0,3061.0122680664062,0,-0.030517578125,-3061.0122680664062,0,0.0067637270134738581,0.1,0.0056,1,0,33
1671.875,0,3061.0122680664062,0,0,-3061.0122680664062,0,0.00676372659598963,0.1,0.0066,1,0,33
1672,0,3061.0084533691406,0,-0.030517578125,-3061.0084533691406,0,0.0067641567467331271,0.1,0.006,1,0,33
1672.125,0,3061.0160827636719,0,0.06103515625,-3061.0160827636719,0,0.0067632893587939447,0.1,0.0064,1,0,33
1672.25,0,3061.0122680664062,0,-0.030517578125,-3061.0122680664062,0,0.0067637254991120832,0.1,0.0054,1,0,33
1672.375,0,3061.0122680664062,0,0,-3061.0122680664062,0,0.0067637251098806167,0.1,0.0068,1,0,33
1672.5,0,3061.0122680664062,0,0,-3061.0122680664062,0,0.0067637247279108553,0.1,0.0058,1,0,33
1672.625,0,3061.0122680664062,0,0,-3061.0122680664062,0,0.006763724353067338,0.1,0.0058,1,0,33
1672.75,0,3061.0122680664062,0,0,-3061.0122680664062,0,0.0067637239852171016,0.1,0.0062,1,0,33
1672.875,0,3061.0122680664062,0,0,-3061.0122680664062,0,0.0067637236242296811,0.1,0.0058,1,0,33
1673,0,3061.0122680664062,0,0,-3061.0122680664062,0,0.00676372326997704,0.1,0.0064,1,0,33
1673.125,0,3061.0160827636719,0,0.030517578125,-3061.0160827636719,0,0.0067632923618946156,0.1,0.0064,1,0,33
1673.25,0,3061.0160827636719,0,0,-3061.0160827636719,0,0.0067632978857463666,0.1,0.006,1,0,33
1673.375,0,3061.0198974609375,0,0.030517578125,-3061.0198974609375,0,0.0067628727461031685,0.1,0.0068,1,0,33
1673.5,0,3061.0122680664062,0,-0.06103515625,-3061.0122680664062,0,0.0067637450516528919,0.1,0.0066,1,0,33
1673.625,0,3061.0122680664062,0,0,-3061.0122680664062,0,0.0067637442976385964,0.1,0.006,1,0,33
1673.75,0,3061.0160827636719,0,0.030517578125,-3061.0160827636719,0,0.0067633129972526906,0.1,0.0066,1,0,33
1673.875,0,3061.0160827636719,0,0,-3061.0160827636719,0,0.0067633181361199946,0.1,0.0062,1,0,33
1674,0,3061.0160827636719,0,0,-3061.0160827636719,0,0.0067633231791137949,0.1,0.0056,1,0,33
1674.125,0,3061.0122680664062,0,-0.030517578125,-3061.0122680664062,0,0.0067637586884616713,0.1,0.0064,1,0,33
1674.25,0,3061.0122680664062,0,0,-3061.0122680664062,0,0.0067637576800316651,0.1,0.0062,1,0,33
1674.375,0,3061.0122680664062,0,0,-3061.0122680664062,0,0.0067637566904154844,0.1,0.0062,1,0,33
1674.5,0,3061.0198974609375,0,0.06103515625,-3061.0198974609375,0,0.0067628945983842365,0.1,0.0072,1,0,33
1674.625,0,3061.0122680664062,0,-0.06103515625,-3061.0122680664062,0,0.0067637664962459376,0.1,0.0064,1,0,33
1674.75,0,3061.0122680664062,0,0,-3061.0122680664062,0,0.0067637653421496746,0.1,0.0054,1,0,33
1674.875,0,3061.0122680664062,0,0,-3061.0122680664062,0,0.0067637642095848549,0.1,0.0062,1,0,33
1675,0,3061.0160827636719,0,0.030517578125,-3061.0160827636719,0,0.0067633325377108588,0.1,0.0062,1,0,33
1675.125,0,3061.0122680664062,0,-0.030517578125,-3061.0122680664062,0,0.0067637678724596639,0.1,0.0064,1,0,33
1675.25,0,3061.0122680664062,0,0,-3061.0122680664062,0,0.0067637666926880086,0.1,0.0058,1,0,33
1675.375,0,3061.0122680664062,0,0,-3061.0122680664062,0,0.0067637655349268161,0.1,0.0054,1,0,33
1675.5,0,3061.0160827636719,0,0.030517578125,-3061.0160827636719,0,0.00676333383832653,0.1,0.0072,1,0,33
1675.625,0,3061.0122680664062,0,-0.030517578125,-3061.0122680664062,0,0.0067637691488103419,0.1,0.0068,1,0,33
1675.75,0,3061.0160827636719,0,0.030517578125,-3061.0160827636719,0,0.0067633373847874739,0.1,0.0054,1,0,33
1675.875,0,3061.0122680664062,0,-0.030517578125,-3061.0122680664062,0,0.0067637726291065875,0.1,0.0072,1,0,33
1676,0,3061.0122680664062,0,0,-3061.0122680664062,0,0.0067637713605923355,0.1,0.0062,1,0,33
1676.125,0,3061.0122680664062,0,0,-3061.0122680664062,0,0.00676377011574418,0.1,0.0054,1,0,33
1676.25,0,3061.0122680664062,0,0,-3061.0122680664062,0,0.0067637688941205865,0.1,0.0064,1,0,33
1676.375,0,3061.0084533691406,0,-0.030517578125,-3061.0084533691406,0,0.0067641982557271746,0.1,0.0064,1,0,33
1676.5,0,3061.0160827636719,0,0.06103515625,-3061.0160827636719,0,0.006763330093373654,0.1,0.0072,1,0,33
1676.625,0,3061.0160827636719,0,0,-3061.0160827636719,0,0.0067633349132864284,0.1,0.006,1,0,33
1676.75,0,3061.0160827636719,0,0,-3061.0160827636719,0,0.0067633396432763004,0.1,0.0058,1,0,33
1676.875,0,3061.0122680664062,0,-0.030517578125,-3061.0122680664062,0,0.0067637748454598273,0.1,0.0066,1,0,33
1677,0,3061.004638671875,0,-0.06103515625,-3061.004638671875,0,0.0067646346564739224,0.1,0.007,1,0,33
1677.125,0,3061.0122680664062,0,0.06103515625,-3061.0122680664062,0,0.0067637605201510131,0.1,0.0058,1,0,33
1677.25,0,3061.0122680664062,0,0,-3061.0122680664062,0,0.0067637594775480231,0.1,0.0064,1,0,33
1677.375,0,3061.0198974609375,0,0.06103515625,-3061.0198974609375,0,0.0067628973335185083,0.1,0.0066,1,0,33
1677.5,0,3061.0160827636719,0,-0.030517578125,-3061.0160827636719,0,0.0067633386199131423,0.1,0.0066,1,0,33
1677.625,0,3061.0198974609375,0,0.030517578125,-3061.0198974609375,0,0.0067629127203111955,0.1,0.0068,1,0,33
1677.75,0,3061.0160827636719,0,-0.030517578125,-3061.0160827636719,0,0.0067633537196414711,0.1,0.0068,1,0,33
1677.875,0,3061.0160827636719,0,0,-3061.0160827636719,0,0.0067633580987697672,0.1,0.0058,1,0,33
1678,0,3061.0122680664062,0,-0.030517578125,-3061.0122680664062,0,0.0067637929566375793,0.1,0.0062,1,0,33
1678.125,0,3061.0122680664062,0,0,-3061.0122680664062,0,0.00676379130888187,0.1,0.0064,1,0,33
1678.25,0,3061.0160827636719,0,0.030517578125,-3061.0160827636719,0,0.00676335913142867,0.1,0.0064,1,0,33
1678.375,0,3061.0084533691406,0,-0.06103515625,-3061.0084533691406,0,0.0067642245304695425,0.1,0.0072,1,0,33
1678.5,0,3061.0122680664062,0,0.030517578125,-3061.0122680664062,0,0.006763786438359079,0.1,0.0052,1,0,33
1678.625,0,3061.0198974609375,0,0.06103515625,-3061.0198974609375,0,0.00676292379133403,0.1,0.0058,1,0,33
1678.75,0,3061.0122680664062,0,-0.06103515625,-3061.0122680664062,0,0.0067637951445562033,0.1,0.0056,1,0,33
1678.875,0,3061.0122680664062,0,0,-3061.0122680664062,0,0.0067637934559814927,0.1,0.0058,1,0,33
1679,0,3061.0084533691406,0,-0.030517578125,-3061.0084533691406,0,0.0067642223593486622,0.1,0.0058,1,0,33
1679.125,0,3061.0122680664062,0,0.030517578125,-3061.0122680664062,0,0.0067637843077437976,0.1,0.0062,1,0,33
1679.25,0,3061.0084533691406,0,-0.030517578125,-3061.0084533691406,0,0.0067642133817854694,0.1,0.0068,1,0,33
1679.375,0,3061.0084533691406,0,0,-3061.0084533691406,0,0.0067642060581098173,0.1,0.0062,1,0,33
1679.5,0,3061.0122680664062,0,0.030517578125,-3061.0122680664062,0,0.00676376831062972,0.1,0.0058,1,0,33
1679.625,0,3061.0122680664062,0,0,-3061.0122680664062,0,0.0067637671226833257,0.1,0.0068,1,0,33
1679.75,0,3061.0084533691406,0,-0.030517578125,-3061.0084533691406,0,0.0067641965173388108,0.1,0.0072,1,0,33
1679.875,0,3061.0122680664062,0,0.030517578125,-3061.0122680664062,0,0.0067637589478565241,0.1,0.006,1,0,33
1680,0,3061.0122680664062,0,0,-3061.0122680664062,0,0.0067637579345871113,0.1,0.0058,1,0,33
1680.125,0,3061.0122680664062,0,0,-3061.0122680664062,0,0.006763756940221799,0.1,0.0072,1,0,33
1680.25,0,3061.0122680664062,0,0,-3061.0122680664062,0,0.0067637559644079109,0.1,0.0066,1,0,33
1680.375,0,3061.0122680664062,0,0,-3061.0122680664062,0,0.0067637550067993352,0.1,0.0072,1,0,33
1680.5,0,3061.0122680664062,0,0,-3061.0122680664062,0,0.0067637540670564267,0.1,0.0066,1,0,33
1680.625,0,3061.0160827636719,0,0.030517578125,-3061.0160827636719,0,0.0067633225844069556,0.1,0.0056,1,0,33
1680.75,0,3061.0122680664062,0,-0.030517578125,-3061.0122680664062,0,0.0067637581048500123,0.1,0.0054,1,0,33
1680.875,0,3061.0084533691406,0,-0.030517578125,-3061.0084533691406,0,0.0067641876677470986,0.1,0.0068,1,0,33
1681,0,3061.0122680664062,0,0.030517578125,-3061.0122680664062,0,0.0067637502633676044,0.1,0.0072,1,0,33
1681.125,0,3061.0122680664062,0,0,-3061.0122680664062,0,0.0067637494121207259,0.1,0.0066,1,0,33
1681.25,0,3061.0160827636719,0,0.030517578125,-3061.0160827636719,0,0.0067633180163162582,0.1,0.0062,1,0,33
1681.375,0,3061.0084533691406,0,-0.06103515625,-3061.0084533691406,0,0.006764184182423,0.1,0.0072,1,0,33
1681.5,0,3061.0160827636719,0,0.06103515625,-3061.0160827636719,0,0.00676331628262869,0.1,0.0058,1,0,33
1681.625,0,3061.0160827636719,0,0,-3061.0160827636719,0,0.0067633213602022318,0.1,0.0068,1,0,33
1681.75,0,3061.0160827636719,0,0,-3061.0160827636719,0,0.0067633263430458,0.1,0.0066,1,0,33
1681.875,0,3061.0160827636719,0,0,-3061.0160827636719,0,0.0067633312329267309,0.1,0.0054,1,0,33
1682,0,3061.0084533691406,0,-0.06103515625,-3061.0084533691406,0,0.0067641971524572131,0.1,0.0056,1,0,33
1682.125,0,3061.0198974609375,0,0.091552734375,-3061.0198974609375,0,0.0067628984502479256,0.1,0.0062,1,0,33
1682.25,0,3061.0122680664062,0,-0.06103515625,-3061.0122680664062,0,0.0067637702762471663,0.1,0.0068,1,0,33
1682.375,0,3061.0160827636719,0,0.030517578125,-3061.0160827636719,0,0.006763338491190235,0.1,0.0072,1,0,33
1682.5,0,3061.0160827636719,0,0,-3061.0160827636719,0,0.00676334315442878,0.1,0.0058,1,0,33
1682.625,0,3061.0084533691406,0,-0.06103515625,-3061.0084533691406,0,0.0067642088515452448,0.1,0.0062,1,0,33
1682.75,0,3061.0084533691406,0,0,-3061.0084533691406,0,0.0067642016123882209,0.1,0.006,1,0,33
1682.875,0,3061.0084533691406,0,0,-3061.0084533691406,0,0.0067641945082888427,0.1,0.0068,1,0,33
1683,0,3061.0160827636719,0,0.06103515625,-3061.0160827636719,0,0.0067633264158495632,0.1,0.0058,1,0,33
1683.125,0,3061.0084533691406,0,-0.06103515625,-3061.0084533691406,0,0.00676419242525006,0.1,0.0062,1,0,33
1683.25,0,3061.0122680664062,0,0.030517578125,-3061.0122680664062,0,0.0067637549321120094,0.1,0.0052,1,0,33
1683.375,0,3061.0160827636719,0,0.030517578125,-3061.0160827636719,0,0.006763323433323587,0.1,0.0066,1,0,33
1683.5,0,3061.0122680664062,0,-0.030517578125,-3061.0122680664062,0,0.0067637589379287849,0.1,0.0074,1,0,33
1683.625,0,3061.0160827636719,0,0.030517578125,-3061.0160827636719,0,0.0067633273644056718,0.1,0.0056,1,0,33
1683.75,0,3061.0122680664062,0,-0.030517578125,-3061.0122680664062,0,0.0067637627956704666,0.1,0.005,1,0,33
1683.875,0,3061.0122680664062,0,0,-3061.0122680664062,0,0.006763761710614144,0.1,0.0062,1,0,33
1684,0,3061.0160827636719,0,0.030517578125,-3061.0160827636719,0,0.0067633300853623124,0.1,0.0068,1,0,33
1684.125,0,3061.0122680664062,0,-0.030517578125,-3061.0122680664062,0,0.0067637654658634638,0.1,0.006,1,0,33
1684.25,0,3061.0160827636719,0,0.030517578125,-3061.0160827636719,0,0.0067633337705516605,0.1,0.0054,1,0,33
1684.375,0,3061.0084533691406,0,-0.06103515625,-3061.0084533691406,0,0.0067641996427388329,0.1,0.006,1,0,33
1684.5,0,3061.0160827636719,0,0.06103515625,-3061.0160827636719,0,0.00676333145450847,0.1,0.0054,1,0,33
1684.625,0,3061.0122680664062,0,-0.030517578125,-3061.0122680664062,0,0.0067637668094660958,0.1,0.0058,1,0,33
1684.75,0,3061.0160827636719,0,0.030517578125,-3061.0160827636719,0,0.0067633350890873023,0.1,0.0074,1,0,33
1684.875,0,3061.0122680664062,0,-0.030517578125,-3061.0122680664062,0,0.0067637703762362528,0.1,0.0058,1,0,33
1685,0,3061.0084533691406,0,-0.030517578125,-3061.0084533691406,0,0.0067641997101916956,0.1,0.0058,1,0,33
1685.125,0,3061.0122680664062,0,0.030517578125,-3061.0122680664062,0,0.0067637620811418081,0.1,0.0068,1,0,33
1685.25,0,3061.0122680664062,0,0,-3061.0122680664062,0,0.0067637610094161138,0.1,0.0068,1,0,33
1685.375,0,3061.0122680664062,0,0,-3061.0122680664062,0,0.00676375995768512,0.1,0.0058,1,0,33
1685.5,0,3061.0160827636719,0,0.030517578125,-3061.0160827636719,0,0.0067633283651368781,0.1,0.0044,1,0,33
1685.625,0,3061.0160827636719,0,0,-3061.0160827636719,0,0.0067633332172925831,0.1,0.0066,1,0,33
1685.75,0,3061.0122680664062,0,-0.030517578125,-3061.0122680664062,0,0.0067637685393627522,0.1,0.006,1,0,33
1685.875,0,3061.0122680664062,0,0,-3061.0122680664062,0,0.00676376734714898,0.1,0.0066,1,0,33
1686,0,3061.0122680664062,0,0,-3061.0122680664062,0,0.0067637661771778046,0.1,0.0058,1,0,33
1686.125,0,3061.0122680664062,0,0,-3061.0122680664062,0,0.0067637650290342383,0.1,0.0066,1,0,33
1686.25,0,3061.0160827636719,0,0.030517578125,-3061.0160827636719,0,0.006763333341872152,0.1,0.0074,1,0,33
1686.375,0,3061.0122680664062,0,-0.030517578125,-3061.0122680664062,0,0.006763768661618097,0.1,0.0052,1,0,33
1686.5,0,3061.0198974609375,0,0.06103515625,-3061.0198974609375,0,0.0067629063462455868,0.1,0.0052,1,0,33
1686.625,0,3061.0122680664062,0,-0.06103515625,-3061.0122680664062,0,0.0067637780249328039,0.1,0.0066,1,0,33
1686.75,0,3061.0084533691406,0,-0.030517578125,-3061.0084533691406,0,0.0067642072161900046,0.1,0.0056,1,0,33
1686.875,0,3061.0122680664062,0,0.030517578125,-3061.0122680664062,0,0.0067637694471041343,0.1,0.0068,1,0,33
1687,0,3061.0084533691406,0,-0.030517578125,-3061.0084533691406,0,0.0067641987983939611,0.1,0.0066,1,0,33
1687.125,0,3061.0122680664062,0,0.030517578125,-3061.0122680664062,0,0.0067637611863550634,0.1,0.0066,1,0,33
1687.25,0,3061.0160827636719,0,0.030517578125,-3061.0160827636719,0,0.0067633295708840885,0.1,0.0064,1,0,33
1687.375,0,3061.0122680664062,0,-0.030517578125,-3061.0122680664062,0,0.0067637649609836314,0.1,0.0062,1,0,33
1687.5,0,3061.0084533691406,0,-0.030517578125,-3061.0084533691406,0,0.0067641943959689671,0.1,0.0056,1,0,33
1687.625,0,3061.0160827636719,0,0.06103515625,-3061.0160827636719,0,0.0067633263056251919,0.1,0.0064,1,0,33
1687.75,0,3061.0122680664062,0,-0.030517578125,-3061.0122680664062,0,0.0067637617566431718,0.1,0.0068,1,0,33
1687.875,0,3061.0084533691406,0,-0.030517578125,-3061.0084533691406,0,0.006764191251410423,0.1,0.007,1,0,33
1688,0,3061.0122680664062,0,0.030517578125,-3061.0122680664062,0,0.00676375378017216,0.1,0.0062,1,0,33
1688.125,0,3061.0122680664062,0,0,-3061.0122680664062,0,0.0067637528633138766,0.1,0.0062,1,0,33
1688.25,0,3061.0160827636719,0,0.030517578125,-3061.0160827636719,0,0.00676332140312208,0.1,0.0066,1,0,33
1688.375,0,3061.0160827636719,0,0,-3061.0160827636719,0,0.0067633263851649139,0.1,0.006,1,0,33
1688.5,0,3061.0122680664062,0,-0.030517578125,-3061.0122680664062,0,0.00676376183469897,0.1,0.0072,1,0,33
1688.625,0,3061.0122680664062,0,0,-3061.0122680664062,0,0.0067637607675710559,0.1,0.006,1,0,33
1688.75,0,3061.0198974609375,0,0.06103515625,-3061.0198974609375,0,0.0067628985994741819,0.1,0.0066,1,0,33
1688.875,0,3061.0122680664062,0,-0.06103515625,-3061.0122680664062,0,0.0067637704226893719,0.1,0.006,1,0,33
1689,0,3061.0122680664062,0,0,-3061.0122680664062,0,0.0067637691953392476,0.1,0.0064,1,0,33
1689.125,0,3061.0160827636719,0,0.030517578125,-3061.0160827636719,0,0.00676333743044831,0.1,0.0068,1,0,33
1689.25,0,3061.0084533691406,0,-0.06103515625,-3061.0084533691406,0,0.0067642032343544628,0.1,0.0062,1,0,33
1689.375,0,3061.0160827636719,0,0.06103515625,-3061.0160827636719,0,0.0067633349791169639,0.1,0.007,1,0,33
1689.5,0,3061.0160827636719,0,0,-3061.0160827636719,0,0.0067633397078786656,0.1,0.0052,1,0,33
1689.625,0,3061.0160827636719,0,0,-3061.0160827636719,0,0.0067633443484180211,0.1,0.0062,1,0,33
1689.75,0,3061.0122680664062,0,-0.030517578125,-3061.0122680664062,0,0.0067637794628198633,0.1,0.0066,1,0,33
1689.875,0,3061.0084533691406,0,-0.030517578125,-3061.0084533691406,0,0.0067642086272510643,0.1,0.0066,1,0,33
1690,0,3061.0122680664062,0,0.030517578125,-3061.0122680664062,0,0.0067637708318396828,0.1,0.006,1,0,33
1690.125,0,3061.0084533691406,0,-0.030517578125,-3061.0084533691406,0,0.0067642001572951332,0.1,0.0054,1,0,33
1690.25,0,3061.0122680664062,0,0.030517578125,-3061.0122680664062,0,0.0067637625199038487,0.1,0.0058,1,0,33
1690.375,0,3061.0122680664062,0,0,-3061.0122680664062,0,0.0067637614399923829,0.1,0.0066,1,0,33
1690.5,0,3061.0160827636719,0,0.030517578125,-3061.0160827636719,0,0.0067633298197894154,0.1,0.006,1,0,33
1690.625,0,3061.0122680664062,0,-0.030517578125,-3061.0122680664062,0,0.0067637652052452424,0.1,0.006,1,0,33
1690.75,0,3061.0084533691406,0,-0.030517578125,-3061.0084533691406,0,0.0067641946356735011,0.1,0.0066,1,0,33
1690.875,0,3061.0122680664062,0,0.030517578125,-3061.0122680664062,0,0.0067637571012965775,0.1,0.0056,1,0,33
1691,0,3061.004638671875,0,-0.06103515625,-3061.004638671875,0,0.00676461724335542,0.1,0.006,1,0,33
1691.125,0,3061.0160827636719,0,0.091552734375,-3061.0160827636719,0,0.0067633128714621876,0.1,0.0066,1,0,33
1691.25,0,3061.0122680664062,0,-0.030517578125,-3061.0122680664062,0,0.0067637485731152081,0.1,0.0052,1,0,33
1691.375,0,3061.0122680664062,0,0,-3061.0122680664062,0,0.0067637477534026047,0.1,0.0054,1,0,33
1691.5,0,3061.0122680664062,0,0,-3061.0122680664062,0,0.0067637469489830043,0.1,0.0068,1,0,33
1691.625,0,3061.0122680664062,0,0,-3061.0122680664062,0,0.0067637461595710935,0.1,0.0062,1,0,33
1691.75,0,3061.0084533691406,0,-0.030517578125,-3061.0084533691406,0,0.0067641759453257871,0.1,0.0072,1,0,33
1691.875,0,3061.0160827636719,0,0.06103515625,-3061.0160827636719,0,0.00676330819920723,0.1,0.0058,1,0,33
1692,0,3061.0160827636719,0,0,-3061.0160827636719,0,0.0067633134275894707,0.1,0.0064,1,0,33
1692.125,0,3061.0122680664062,0,-0.030517578125,-3061.0122680664062,0,0.0067637491188670823,0.1,0.006,1,0,33
1692.25,0,3061.0160827636719,0,0.030517578125,-3061.0160827636719,0,0.0067633177285337243,0.1,0.0062,1,0,33
1692.375,0,3061.0122680664062,0,-0.030517578125,-3061.0122680664062,0,0.0067637533395705912,0.1,0.007,1,0,33
1692.5,0,3061.0084533691406,0,-0.030517578125,-3061.0084533691406,0,0.006764182991371312,0.1,0.0062,1,0,33
1692.625,0,3061.004638671875,0,-0.030517578125,-3061.004638671875,0,0.0067646067951146471,0.1,0.0056,1,0,33
1692.75,0,3061.0122680664062,0,0.06103515625,-3061.0122680664062,0,0.0067637331785883881,0.1,0.0058,1,0,33
1692.875,0,3061.0160827636719,0,0.030517578125,-3061.0160827636719,0,0.0067633020856455173,0.1,0.0074,1,0,33
1693,0,3061.0160827636719,0,0,-3061.0160827636719,0,0.0067633074280856881,0.1,0.0062,1,0,33
1693.125,0,3061.0122680664062,0,-0.030517578125,-3061.0122680664062,0,0.0067637432312933066,0.1,0.0048,1,0,33
1693.25,0,3061.0160827636719,0,0.030517578125,-3061.0160827636719,0,0.0067633119508017231,0.1,0.007,1,0,33
1693.375,0,3061.0160827636719,0,0,-3061.0160827636719,0,0.006763317109192174,0.1,0.0058,1,0,33
1693.5,0,3061.0084533691406,0,-0.06103515625,-3061.0084533691406,0,0.0067641832922227252,0.1,0.0064,1,0,33
1693.625,0,3061.004638671875,0,-0.030517578125,-3061.004638671875,0,0.0067646070903532168,0.1,0.006,1,0,33
1693.75,0,3061.0122680664062,0,0.06103515625,-3061.0122680664062,0,0.0067637334683188222,0.1,0.007,1,0,33
1693.875,0,3061.0122680664062,0,0,-3061.0122680664062,0,0.0067637329304095078,0.1,0.006,1,0,33
1694,0,3061.0084533691406,0,-0.030517578125,-3061.0084533691406,0,0.0067641629629746347,0.1,0.006,1,0,33
1694.125,0,3061.0160827636719,0,0.06103515625,-3061.0160827636719,0,0.0067632954590618743,0.1,0.0066,1,0,33
1694.25,0,3061.0160827636719,0,0,-3061.0160827636719,0,0.00676330092513118,0.1,0.0072,1,0,33
1694.375,0,3061.0122680664062,0,-0.030517578125,-3061.0122680664062,0,0.0067637368496614447,0.1,0.0058,1,0,33
1694.5,0,3061.0160827636719,0,0.030517578125,-3061.0160827636719,0,0.0067633056882290404,0.1,0.0068,1,0,33
1694.625,0,3061.0122680664062,0,-0.030517578125,-3061.0122680664062,0,0.0067637415238963605,0.1,0.0062,1,0,33
1694.75,0,3061.0160827636719,0,0.030517578125,-3061.0160827636719,0,0.0067633102752588936,0.1,0.007,1,0,33
1694.875,0,3061.0160827636719,0,0,-3061.0160827636719,0,0.0067633154649091864,0.1,0.0068,1,0,33
1695,0,3061.0084533691406,0,-0.06103515625,-3061.0084533691406,0,0.0067641816786163655,0.1,0.0058,1,0,33
1695.125,0,3061.0160827636719,0,0.06103515625,-3061.0160827636719,0,0.0067633138255344255,0.1,0.0066,1,0,33
1695.25,0,3061.0160827636719,0,0,-3061.0160827636719,0,0.0067633189489488543,0.1,0.0062,1,0,33
1695.375,0,3061.0160827636719,0,0,-3061.0160827636719,0,0.0067633239767780767,0.1,0.0062,1,0,33
1695.5,0,3061.0160827636719,0,0,-3061.0160827636719,0,0.0067633289108053884,0.1,0.006,1,0,33
1695.625,0,3061.0198974609375,0,0.030517578125,-3061.0198974609375,0,0.0067629031923418376,0.1,0.0064,1,0,33
1695.75,0,3061.0160827636719,0,-0.030517578125,-3061.0160827636719,0,0.0067633443694310874,0.1,0.0068,1,0,33
1695.875,0,3061.0198974609375,0,0.030517578125,-3061.0198974609375,0,0.006762918362563014,0.1,0.0062,1,0,33
1696,0,3061.0160827636719,0,-0.030517578125,-3061.0160827636719,0,0.0067633592566283679,0.1,0.0058,1,0,33
1696.125,0,3061.0160827636719,0,0,-3061.0160827636719,0,0.00676336353245563,0.1,0.0062,1,0,33
1696.25,0,3061.0122680664062,0,-0.030517578125,-3061.0122680664062,0,0.0067637982889496434,0.1,0.0068,1,0,33
1696.375,0,3061.0122680664062,0,0,-3061.0122680664062,0,0.0067637965417114282,0.1,0.0062,1,0,33
1696.5,0,3061.0122680664062,0,0,-3061.0122680664062,0,0.0067637948270706377,0.1,0.0062,1,0,33
1696.625,0,3061.0198974609375,0,0.06103515625,-3061.0198974609375,0,0.0067629320235412377,0.1,0.005,1,0,33
1696.75,0,3061.0122680664062,0,-0.06103515625,-3061.0122680664062,0,0.0067638032231788769,0.1,0.006,1,0,33
1696.875,0,3061.0084533691406,0,-0.030517578125,-3061.0084533691406,0,0.0067642319443239063,0.1,0.007,1,0,33
1697,0,3061.0160827636719,0,0.06103515625,-3061.0160827636719,0,0.00676336315345763,0.1,0.0068,1,0,33
1697.125,0,3061.0122680664062,0,-0.030517578125,-3061.0122680664062,0,0.0067637979170224322,0.1,0.0054,1,0,33
1697.25,0,3061.0160827636719,0,0.030517578125,-3061.0160827636719,0,0.0067633656162841838,0.1,0.0068,1,0,33
1697.375,0,3061.0122680664062,0,-0.030517578125,-3061.0122680664062,0,0.0067638003339011571,0.1,0.0056,1,0,33
1697.5,0,3061.0122680664062,0,0,-3061.0122680664062,0,0.00676379854851121,0.1,0.006,1,0,33
1697.625,0,3061.0122680664062,0,0,-3061.0122680664062,0,0.0067637967964304657,0.1,0.006,1,0,33
1697.75,0,3061.0084533691406,0,-0.030517578125,-3061.0084533691406,0,0.0067642256374764037,0.1,0.006,1,0,33
1697.875,0,3061.0122680664062,0,0.030517578125,-3061.0122680664062,0,0.0067637875247130164,0.1,0.0074,1,0,33
1698,0,3061.0122680664062,0,0,-3061.0122680664062,0,0.0067637859782982424,0.1,0.0076,1,0,33
1698.125,0,3061.0160827636719,0,0.030517578125,-3061.0160827636719,0,0.00676335390029531,0.1,0.0066,1,0,33
1698.25,0,3061.0160827636719,0,0,-3061.0160827636719,0,0.0067633582760532329,0.1,0.0046,1,0,33
1698.375,0,3061.0160827636719,0,0,-3061.0160827636719,0,0.0067633625701746386,0.1,0.0072,1,0,33
1698.5,0,3061.0122680664062,0,-0.030517578125,-3061.0122680664062,0,0.0067637973446214861,0.1,0.006,1,0,33
1698.625,0,3061.0160827636719,0,0.030517578125,-3061.0160827636719,0,0.0067633650545622509,0.1,0.0062,1,0,33
1698.75,0,3061.0198974609375,0,0.030517578125,-3061.0198974609375,0,0.00676293866178114,0.1,0.0064,1,0,33
1698.875,0,3061.0198974609375,0,0,-3061.0198974609375,0,0.0067629486166942837,0.1,0.0064,1,0,33
1699,0,3061.0160827636719,0,-0.030517578125,-3061.0160827636719,0,0.0067633889463221408,0.1,0.0064,1,0,33
1699.125,0,3061.0160827636719,0,0,-3061.0160827636719,0,0.0067633926682423434,0.1,0.0062,1,0,33
1699.25,0,3061.0198974609375,0,0.030517578125,-3061.0198974609375,0,0.0067629657602854137,0.1,0.007,1,0,33
1699.375,0,3061.0122680664062,0,-0.06103515625,-3061.0122680664062,0,0.00676383633051203,0.1,0.0064,1,0,33
1699.5,0,3061.0160827636719,0,0.030517578125,-3061.0160827636719,0,0.006763403313110844,0.1,0.006,1,0,33
1699.625,0,3061.0237121582031,0,0.06103515625,-3061.0237121582031,0,0.0067625456461186118,0.1,0.0062,1,0,33
1699.75,0,3061.0160827636719,0,-0.06103515625,-3061.0160827636719,0,0.0067634218864633389,0.1,0.0064,1,0,33
1699.875,0,3061.0122680664062,0,-0.030517578125,-3061.0122680664062,0,0.0067638555542732931,0.1,0.0068,1,0,33
1700,0,3061.0198974609375,0,0.06103515625,-3061.0198974609375,0,0.0067629916177842087,0.1,0.0062,1,0,33
1700.125,0,3061.0160827636719,0,-0.030517578125,-3061.0160827636719,0,0.00676343114516037,0.1,0.0068,1,0,33
1700.25,0,3061.0160827636719,0,0,-3061.0160827636719,0,0.0067634340797961268,0.1,0.0072,1,0,33
1700.375,0,3061.0160827636719,0,0,-3061.0160827636719,0,0.0067634369596817345,0.1,0.007,1,0,33
1700.5,0,3061.0122680664062,0,-0.030517578125,-3061.0122680664062,0,0.00676387034627754,0.1,0.0062,1,0,33
1700.625,0,3061.0198974609375,0,0.06103515625,-3061.0198974609375,0,0.00676300613382079,0.1,0.0054,1,0,33
1700.75,0,3061.0160827636719,0,-0.030517578125,-3061.0160827636719,0,0.00676344539037789,0.1,0.0058,1,0,33
1700.875,0,3061.0160827636719,0,0,-3061.0160827636719,0,0.00676344805924714,0.1,0.006,1,0,33
1701,0,3061.0122680664062,0,-0.030517578125,-3061.0122680664062,0,0.0067638812387634251,0.1,0.007,1,0,33
1701.125,0,3061.0160827636719,0,0.030517578125,-3061.0160827636719,0,0.0067634473835295195,0.1,0.0058,1,0,33
1701.25,0,3061.0160827636719,0,0,-3061.0160827636719,0,0.0067634500152134458,0.1,0.0056,1,0,33
1701.375,0,3061.0198974609375,0,0.030517578125,-3061.0198974609375,0,0.0067630220373602751,0.1,0.0072,1,0,33
1701.5,0,3061.0160827636719,0,-0.030517578125,-3061.0160827636719,0,0.0067634609972122978,0.1,0.0064,1,0,33
1701.625,0,3061.0198974609375,0,0.030517578125,-3061.0198974609375,0,0.0067630328144729912,0.1,0.007,1,0,33
1701.75,0,3061.0122680664062,0,-0.06103515625,-3061.0122680664062,0,0.0067639021337002614,0.1,0.0058,1,0,33
1701.875,0,3061.0160827636719,0,0.030517578125,-3061.0160827636719,0,0.00676346788863906,0.1,0.0054,1,0,33
1702,0,3061.0160827636719,0,0,-3061.0160827636719,0,0.0067634701377685263,0.1,0.006,1,0,33
1702.125,0,3061.0160827636719,0,0,-3061.0160827636719,0,0.006763472344937016,0.1,0.0066,1,0,33
1702.25,0,3061.0160827636719,0,0,-3061.0160827636719,0,0.0067634745109273614,0.1,0.0058,1,0,33
1702.375,0,3061.0198974609375,0,0.030517578125,-3061.0198974609375,0,0.0067630460760688543,0.1,0.0058,1,0,33
1702.5,0,3061.0160827636719,0,-0.030517578125,-3061.0160827636719,0,0.0067634845874416788,0.1,0.007,1,0,33
1702.625,0,3061.0198974609375,0,0.030517578125,-3061.0198974609375,0,0.0067630559645902449,0.1,0.0062,1,0,33
1702.75,0,3061.0198974609375,0,0,-3061.0198974609375,0,0.0067630637310384795,0.1,0.0068,1,0,33
1702.875,0,3061.0160827636719,0,-0.030517578125,-3061.0160827636719,0,0.0067635019130306007,0.1,0.005,1,0,33
1703,0,3061.0160827636719,0,0,-3061.0160827636719,0,0.0067635035273825306,0.1,0.006,1,0,33
1703.125,0,3061.0160827636719,0,0,-3061.0160827636719,0,0.0067635051116162331,0.1,0.0072,1,0,33
1703.25,0,3061.0160827636719,0,0,-3061.0160827636719,0,0.00676350666629362,0.1,0.0062,1,0,33
1703.375,0,3061.0160827636719,0,0,-3061.0160827636719,0,0.0067635081919660972,0.1,0.007,1,0,33
1703.5,0,3061.0198974609375,0,0.030517578125,-3061.0198974609375,0,0.0067630791287358327,0.1,0.006,1,0,33
1703.625,0,3061.0160827636719,0,-0.030517578125,-3061.0160827636719,0,0.0067635170234601472,0.1,0.0062,1,0,33
1703.75,0,3061.0160827636719,0,0,-3061.0160827636719,0,0.0067635183559037054,0.1,0.006,1,0,33
1703.875,0,3061.0122680664062,0,-0.030517578125,-3061.0122680664062,0,0.0067639502239273813,0.1,0.0056,1,0,33
1704,0,3061.0160827636719,0,0.030517578125,-3061.0160827636719,0,0.0067635150816687806,0.1,0.0066,1,0,33
1704.125,0,3061.0122680664062,0,-0.030517578125,-3061.0122680664062,0,0.0067639470107783567,0.1,0.0064,1,0,33
1704.25,0,3061.0160827636719,0,0.030517578125,-3061.0160827636719,0,0.0067635119284660122,0.1,0.0062,1,0,33
1704.375,0,3061.0160827636719,0,0,-3061.0160827636719,0,0.0067635133559645483,0.1,0.006,1,0,33
1704.5,0,3061.0160827636719,0,0,-3061.0160827636719,0,0.0067635147568308879,0.1,0.0058,1,0,33
1704.625,0,3061.0122680664062,0,-0.030517578125,-3061.0122680664062,0,0.0067639466920008245,0.1,0.0066,1,0,33
1704.75,0,3061.0122680664062,0,0,-3061.0122680664062,0,0.0067639421760746776,0.1,0.0068,1,0,33
1704.875,0,3061.0160827636719,0,0.030517578125,-3061.0160827636719,0,0.0067635071839611954,0.1,0.0062,1,0,33
1705,0,3061.0084533691406,0,-0.06103515625,-3061.0084533691406,0,0.0067643698208536135,0.1,0.0068,1,0,33
1705.125,0,3061.0122680664062,0,0.030517578125,-3061.0122680664062,0,0.0067639290181268213,0.1,0.007,1,0,33
1705.25,0,3061.0160827636719,0,0.030517578125,-3061.0160827636719,0,0.0067634942714951546,0.1,0.006,1,0,33
1705.375,0,3061.0122680664062,0,-0.030517578125,-3061.0122680664062,0,0.0067639265888506384,0.1,0.0062,1,0,33
1705.5,0,3061.0122680664062,0,0,-3061.0122680664062,0,0.0067639224479797838,0.1,0.0074,1,0,33
1705.625,0,3061.0160827636719,0,0.030517578125,-3061.0160827636719,0,0.006763487823924344,0.1,0.0072,1,0,33
1705.75,0,3061.0122680664062,0,-0.030517578125,-3061.0122680664062,0,0.0067639202615692173,0.1,0.0056,1,0,33
1705.875,0,3061.0160827636719,0,0.030517578125,-3061.0160827636719,0,0.0067634856783046482,0.1,0.0054,1,0,33
1706,0,3061.0198974609375,0,0.030517578125,-3061.0198974609375,0,0.00676305703510148,0.1,0.007,1,0,33
1706.125,0,3061.0198974609375,0,0,-3061.0198974609375,0,0.0067630647815776768,0.1,0.0056,1,0,33
1706.25,0,3061.0160827636719,0,-0.030517578125,-3061.0160827636719,0,0.0067635029439703648,0.1,0.0068,1,0,33
1706.375,0,3061.0122680664062,0,-0.030517578125,-3061.0122680664062,0,0.0067639350995274405,0.1,0.0066,1,0,33
1706.5,0,3061.0198974609375,0,0.06103515625,-3061.0198974609375,0,0.0067630696789988953,0.1,0.0062,1,0,33
1706.625,0,3061.0160827636719,0,-0.030517578125,-3061.0160827636719,0,0.0067635077500226432,0.1,0.0058,1,0,33
1706.75,0,3061.0122680664062,0,-0.030517578125,-3061.0122680664062,0,0.0067639398159154013,0.1,0.0068,1,0,33
1706.875,0,3061.0122680664062,0,0,-3061.0122680664062,0,0.006763935428273235,0.1,0.0058,1,0,33
1707,0,3061.0160827636719,0,0.030517578125,-3061.0160827636719,0,0.006763500562050398,0.1,0.0054,1,0,33
1707.125,0,3061.0198974609375,0,0.030517578125,-3061.0198974609375,0,0.0067630716411679892,0.1,0.0064,1,0,33
1707.25,0,3061.0160827636719,0,-0.030517578125,-3061.0160827636719,0,0.0067635096755844365,0.1,0.0066,1,0,33
1707.375,0,3061.0160827636719,0,0,-3061.0160827636719,0,0.0067635111451139485,0.1,0.0054,1,0,33
1707.5,0,3061.0122680664062,0,-0.030517578125,-3061.0122680664062,0,0.0067639431476660405,0.1,0.0068,1,0,33
1707.625,0,3061.0160827636719,0,0.030517578125,-3061.0160827636719,0,0.0067635081374260164,0.1,0.0068,1,0,33
1707.75,0,3061.0160827636719,0,0,-3061.0160827636719,0,0.0067635096356522539,0.1,0.0066,1,0,33
1707.875,0,3061.0160827636719,0,0,-3061.0160827636719,0,0.0067635111059267672,0.1,0.006,1,0,33
1708,0,3061.0122680664062,0,-0.030517578125,-3061.0122680664062,0,0.006763943109209955,0.1,0.0066,1,0,33
1708.125,0,3061.0160827636719,0,0.030517578125,-3061.0160827636719,0,0.0067635080996873848,0.1,0.0062,1,0,33
1708.25,0,3061.0160827636719,0,0,-3061.0160827636719,0,0.0067635095986176841,0.1,0.0054,1,0,33
1708.375,0,3061.0237121582031,0,0.06103515625,-3061.0237121582031,0,0.0067626499487053043,0.1,0.0064,1,0,33
1708.5,0,3061.0160827636719,0,-0.06103515625,-3061.0160827636719,0,0.0067635242431243192,0.1,0.0062,1,0,33
1708.625,0,3061.0160827636719,0,0,-3061.0160827636719,0,0.0067635254408738993,0.1,0.0066,1,0,33
1708.75,0,3061.0160827636719,0,0,-3061.0160827636719,0,0.0067635266162776042,0.1,0.0058,1,0,33
1708.875,0,3061.0160827636719,0,0,-3061.0160827636719,0,0.0067635277697523505,0.1,0.0068,1,0,33
1709,0,3061.0160827636719,0,0,-3061.0160827636719,0,0.0067635289017072414,0.1,0.006,1,0,33
1709.125,0,3061.0198974609375,0,0.030517578125,-3061.0198974609375,0,0.0067630994521047927,0.1,0.0066,1,0,33
1709.25,0,3061.0160827636719,0,-0.030517578125,-3061.0160827636719,0,0.0067635369676652957,0.1,0.0064,1,0,33
1709.375,0,3061.0160827636719,0,0,-3061.0160827636719,0,0.0067635379280189256,0.1,0.0058,1,0,33
1709.5,0,3061.0160827636719,0,0,-3061.0160827636719,0,0.0067635388704556793,0.1,0.007,1,0,33
1709.625,0,3061.0084533691406,0,-0.06103515625,-3061.0084533691406,0,0.0067644009161876434,0.1,0.0068,1,0,33
1709.75,0,3061.0198974609375,0,0.091552734375,-3061.0198974609375,0,0.0067630984124515264,0.1,0.0066,1,0,33
1709.875,0,3061.0198974609375,0,0,-3061.0198974609375,0,0.0067631053869694063,0.1,0.0058,1,0,33
1710,0,3061.0160827636719,0,-0.030517578125,-3061.0160827636719,0,0.0067635427918058544,0.1,0.0066,1,0,33
1710.125,0,3061.0160827636719,0,0,-3061.0160827636719,0,0.006763543643501152,0.1,0.0058,1,0,33
1710.25,0,3061.0160827636719,0,0,-3061.0160827636719,0,0.0067635444793067573,0.1,0.0058,1,0,33
1710.375,0,3061.0122680664062,0,-0.030517578125,-3061.0122680664062,0,0.0067639758599580407,0.1,0.0058,1,0,33
1710.5,0,3061.0160827636719,0,0.030517578125,-3061.0160827636719,0,0.0067635402394197325,0.1,0.0062,1,0,33
1710.625,0,3061.0160827636719,0,0,-3061.0160827636719,0,0.0067635411387337308,0.1,0.006,1,0,33
1710.75,0,3061.0198974609375,0,0.030517578125,-3061.0198974609375,0,0.0067631114608306675,0.1,0.0064,1,0,33
1710.875,0,3061.0160827636719,0,-0.030517578125,-3061.0160827636719,0,0.0067635487523498572,0.1,0.0068,1,0,33
1711,0,3061.0160827636719,0,0,-3061.0160827636719,0,0.0067635494928420109,0.1,0.0072,1,0,33
1711.125,0,3061.0160827636719,0,0,-3061.0160827636719,0,0.006763550219519146,0.1,0.0056,1,0,33
1711.25,0,3061.0198974609375,0,0.030517578125,-3061.0198974609375,0,0.0067631203722000183,0.1,0.0062,1,0,33
1711.375,0,3061.0160827636719,0,-0.030517578125,-3061.0160827636719,0,0.0067635574974638651,0.1,0.0066,1,0,33
1711.5,0,3061.0198974609375,0,0.030517578125,-3061.0198974609375,0,0.0067631275143634484,0.1,0.0064,1,0,33
1711.625,0,3061.0122680664062,0,-0.06103515625,-3061.0122680664062,0,0.0067639950668181292,0.1,0.0064,1,0,33
1711.75,0,3061.0122680664062,0,0,-3061.0122680664062,0,0.0067639896483851214,0.1,0.0068,1,0,33
1711.875,0,3061.0198974609375,0,0.06103515625,-3061.0198974609375,0,0.006763123210163452,0.1,0.0066,1,0,33
1712,0,3061.0160827636719,0,-0.030517578125,-3061.0160827636719,0,0.0067635602824807073,0.1,0.0066,1,0,33
1712.125,0,3061.0160827636719,0,0,-3061.0160827636719,0,0.0067635608078604748,0.1,0.0068,1,0,33
1712.25,0,3061.0160827636719,0,0,-3061.0160827636719,0,0.0067635613234384717,0.1,0.0062,1,0,33
1712.375,0,3061.0160827636719,0,0,-3061.0160827636719,0,0.0067635618293975658,0.1,0.005,1,0,33
1712.5,0,3061.0122680664062,0,-0.030517578125,-3061.0122680664062,0,0.0067639928863561238,0.1,0.0068,1,0,33
1712.625,0,3061.0237121582031,0,0.091552734375,-3061.0237121582031,0,0.0067626958272862525,0.1,0.006,1,0,33
1712.75,0,3061.0160827636719,0,-0.06103515625,-3061.0160827636719,0,0.0067635692657695423,0.1,0.0058,1,0,33
1712.875,0,3061.0122680664062,0,-0.030517578125,-3061.0122680664062,0,0.0067640001839911063,0.1,0.0054,1,0,33
1713,0,3061.0160827636719,0,0.030517578125,-3061.0160827636719,0,0.0067635641096504273,0.1,0.006,1,0,33
1713.125,0,3061.0160827636719,0,0,-3061.0160827636719,0,0.0067635645636284353,0.1,0.0062,1,0,33
1713.25,0,3061.0122680664062,0,-0.030517578125,-3061.0122680664062,0,0.0067639955695757009,0.1,0.0064,1,0,33
1713.375,0,3061.0122680664062,0,0,-3061.0122680664062,0,0.0067639901417629739,0.1,0.0058,1,0,33
1713.5,0,3061.0122680664062,0,0,-3061.0122680664062,0,0.006763984815214466,0.1,0.0058,1,0,33
1713.625,0,3061.0122680664062,0,0,-3061.0122680664062,0,0.0067639795880409387,0.1,0.0068,1,0,33
1713.75,0,3061.0160827636719,0,0.030517578125,-3061.0160827636719,0,0.0067635438979494894,0.1,0.006,1,0,33
1713.875,0,3061.0160827636719,0,0,-3061.0160827636719,0,0.0067635447290079753,0.1,0.0064,1,0,33
1714,0,3061.0122680664062,0,-0.030517578125,-3061.0122680664062,0,0.0067639761050006936,0.1,0.0068,1,0,33
1714.125,0,3061.0122680664062,0,0,-3061.0122680664062,0,0.00676397104032965,0.1,0.0064,1,0,33
1714.25,0,3061.0122680664062,0,0,-3061.0122680664062,0,0.006763966070147856,0.1,0.007,1,0,33
1714.375,0,3061.0122680664062,0,0,-3061.0122680664062,0,0.006763961192692472,0.1,0.0066,1,0,33
1714.5,0,3061.0160827636719,0,0.030517578125,-3061.0160827636719,0,0.0067635258457946351,0.1,0.0074,1,0,33
1714.625,0,3061.0160827636719,0,0,-3061.0160827636719,0,0.0067635270136439246,0.1,0.0054,1,0,33
1714.75,0,3061.0122680664062,0,-0.030517578125,-3061.0122680664062,0,0.0067639587201440976,0.1,0.0068,1,0,33
1714.875,0,3061.0160827636719,0,0.030517578125,-3061.0160827636719,0,0.0067635234193754584,0.1,0.0062,1,0,33
1715,0,3061.0160827636719,0,0,-3061.0160827636719,0,0.0067635246324933423,0.1,0.007,1,0,33
1715.125,0,3061.0160827636719,0,0,-3061.0160827636719,0,0.006763525822978636,0.1,0.0062,1,0,33
1715.25,0,3061.0160827636719,0,0,-3061.0160827636719,0,0.0067635269912535989,0.1,0.0062,1,0,33
1715.375,0,3061.0237121582031,0,0.06103515625,-3061.0237121582031,0,0.0067626670168547537,0.1,0.005,1,0,33
1715.5,0,3061.0160827636719,0,-0.06103515625,-3061.0160827636719,0,0.0067635409928410994,0.1,0.0062,1,0,33
1715.625,0,3061.0160827636719,0,0,-3061.0160827636719,0,0.0067635418780988693,0.1,0.0066,1,0,33
1715.75,0,3061.0198974609375,0,0.030517578125,-3061.0198974609375,0,0.0067631121864018123,0.1,0.0066,1,0,33
1715.875,0,3061.0160827636719,0,-0.030517578125,-3061.0160827636719,0,0.006763549464384358,0.1,0.0056,1,0,33
1716,0,3061.0160827636719,0,0,-3061.0160827636719,0,0.0067635501915924157,0.1,0.0056,1,0,33
1716.125,0,3061.0160827636719,0,0,-3061.0160827636719,0,0.0067635509052332843,0.1,0.0062,1,0,33
1716.25,0,3061.0084533691406,0,-0.06103515625,-3061.0084533691406,0,0.0067644127264379073,0.1,0.0064,1,0,33
1716.375,0,3061.0122680664062,0,0.030517578125,-3061.0122680664062,0,0.00676397112324123,0.1,0.0058,1,0,33
1716.5,0,3061.0122680664062,0,0,-3061.0122680664062,0,0.00676396615151259,0.1,0.0066,1,0,33
1716.625,0,3061.0122680664062,0,0,-3061.0122680664062,0,0.0067639612725392262,0.1,0.0062,1,0,33
1716.75,0,3061.0122680664062,0,0,-3061.0122680664062,0,0.006763956484590633,0.1,0.0058,1,0,33
1716.875,0,3061.0122680664062,0,0,-3061.0122680664062,0,0.0067639517859686138,0.1,0.005,1,0,33
1717,0,3061.0160827636719,0,0.030517578125,-3061.0160827636719,0,0.0067635166145677272,0.1,0.0062,1,0,33
1717.125,0,3061.0160827636719,0,0,-3061.0160827636719,0,0.0067635179546397944,0.1,0.0072,1,0,33
1717.25,0,3061.0160827636719,0,0,-3061.0160827636719,0,0.0067635192697107493,0.1,0.0062,1,0,33
1717.375,0,3061.0160827636719,0,0,-3061.0160827636719,0,0.0067635205602470383,0.1,0.0068,1,0,33
1717.5,0,3061.0084533691406,0,-0.06103515625,-3061.0084533691406,0,0.0067643829475842049,0.1,0.0068,1,0,33
1717.625,0,3061.0160827636719,0,0.06103515625,-3061.0160827636719,0,0.0067635113395190793,0.1,0.007,1,0,33
1717.75,0,3061.0160827636719,0,0,-3061.0160827636719,0,0.0067635127780053261,0.1,0.0058,1,0,33
1717.875,0,3061.0160827636719,0,0,-3061.0160827636719,0,0.0067635141896543877,0.1,0.005,1,0,33
1718,0,3061.0198974609375,0,0.030517578125,-3061.0198974609375,0,0.0067630850145279919,0.1,0.007,1,0,33
1718.125,0,3061.0122680664062,0,-0.06103515625,-3061.0122680664062,0,0.0067639533598826823,0.1,0.0068,1,0,33
1718.25,0,3061.0122680664062,0,0,-3061.0122680664062,0,0.0067639487195569059,0.1,0.0062,1,0,33
1718.375,0,3061.0160827636719,0,0.030517578125,-3061.0160827636719,0,0.00676351360536466,0.1,0.0062,1,0,33
1718.5,0,3061.0160827636719,0,0,-3061.0160827636719,0,0.0067635150015780549,0.1,0.0058,1,0,33
1718.625,0,3061.0122680664062,0,-0.030517578125,-3061.0122680664062,0,0.0067639469321818524,0.1,0.006,1,0,33
1718.75,0,3061.0160827636719,0,0.030517578125,-3061.0160827636719,0,0.0067635118513358489,0.1,0.0066,1,0,33
1718.875,0,3061.0160827636719,0,0,-3061.0160827636719,0,0.0067635132802733589,0.1,0.0064,1,0,33
1719,0,3061.0160827636719,0,0,-3061.0160827636719,0,0.0067635146825518327,0.1,0.0064,1,0,33
1719.125,0,3061.0160827636719,0,0,-3061.0160827636719,0,0.0067635160586686366,0.1,0.0058,1,0,33
1719.25,0,3061.0198974609375,0,0.030517578125,-3061.0198974609375,0,0.0067630868486728973,0.1,0.0056,1,0,33
1719.375,0,3061.0160827636719,0,-0.030517578125,-3061.0160827636719,0,0.00676352459936988,0.1,0.0066,1,0,33
1719.5,0,3061.0122680664062,0,-0.030517578125,-3061.0122680664062,0,0.0067639563509120648,0.1,0.0068,1,0,33
1719.625,0,3061.0198974609375,0,0.06103515625,-3061.0198974609375,0,0.0067630905339061409,0.1,0.0062,1,0,33
1719.75,0,3061.0122680664062,0,-0.06103515625,-3061.0122680664062,0,0.0067639587762883258,0.1,0.006,1,0,33
1719.875,0,3061.0160827636719,0,0.030517578125,-3061.0160827636719,0,0.0067635234744722328,0.1,0.0066,1,0,33
1720,0,3061.0198974609375,0,0.030517578125,-3061.0198974609375,0,0.0067630941261232341,0.1,0.0058,1,0,33
1720.125,0,3061.0160827636719,0,-0.030517578125,-3061.0160827636719,0,0.0067635317410481427,0.1,0.0054,1,0,33
1720.25,0,3061.0122680664062,0,-0.030517578125,-3061.0122680664062,0,0.0067639633593512966,0.1,0.0058,1,0,33
1720.375,0,3061.0160827636719,0,0.030517578125,-3061.0160827636719,0,0.0067635279720311,0.1,0.0064,1,0,33
1720.5,0,3061.0198974609375,0,0.030517578125,-3061.0198974609375,0,0.0067630985397731935,0.1,0.0058,1,0,33
1720.625,0,3061.0198974609375,0,0,-3061.0198974609375,0,0.0067631055119156819,0.1,0.0064,1,0,33
1720.75,0,3061.0198974609375,0,0,-3061.0198974609375,0,0.0067631123539820953,0.1,0.005,1,0,33
1720.875,0,3061.0198974609375,0,0,-3061.0198974609375,0,0.006763119068399201,0.1,0.0068,1,0,33
1721,0,3061.0160827636719,0,-0.030517578125,-3061.0160827636719,0,0.0067635562179874653,0.1,0.0064,1,0,33
1721.125,0,3061.0198974609375,0,0.030517578125,-3061.0198974609375,0,0.0067631262587576624,0.1,0.0064,1,0,33
1721.25,0,3061.0122680664062,0,-0.06103515625,-3061.0122680664062,0,0.006763993834637605,0.1,0.007,1,0,33
1721.375,0,3061.0160827636719,0,0.030517578125,-3061.0160827636719,0,0.0067635578787539063,0.1,0.0068,1,0,33
1721.5,0,3061.0160827636719,0,0,-3061.0160827636719,0,0.0067635584489789125,0.1,0.0064,1,0,33
1721.625,0,3061.0122680664062,0,-0.030517578125,-3061.0122680664062,0,0.0067639895690043972,0.1,0.0062,1,0,33
1721.75,0,3061.0160827636719,0,0.030517578125,-3061.0160827636719,0,0.0067635536927026646,0.1,0.0072,1,0,33
1721.875,0,3061.0122680664062,0,-0.030517578125,-3061.0122680664062,0,0.0067639849014638209,0.1,0.0068,1,0,33
1722,0,3061.0122680664062,0,0,-3061.0122680664062,0,0.0067639796726811779,0.1,0.0054,1,0,33
1722.125,0,3061.0160827636719,0,0.030517578125,-3061.0160827636719,0,0.0067635439810106307,0.1,0.0064,1,0,33
1722.25,0,3061.0160827636719,0,0,-3061.0160827636719,0,0.0067635448105194812,0.1,0.0054,1,0,33
1722.375,0,3061.0122680664062,0,-0.030517578125,-3061.0122680664062,0,0.0067639761849914715,0.1,0.0062,1,0,33
1722.5,0,3061.0160827636719,0,0.030517578125,-3061.0160827636719,0,0.0067635405583891528,0.1,0.0062,1,0,33
1722.625,0,3061.0122680664062,0,-0.030517578125,-3061.0122680664062,0,0.0067639720121911995,0.1,0.0052,1,0,33
1722.75,0,3061.0160827636719,0,0.030517578125,-3061.0160827636719,0,0.0067635364634389128,0.1,0.0064,1,0,33
1722.875,0,3061.0237121582031,0,0.06103515625,-3061.0237121582031,0,0.0067626763123218442,0.1,0.006,1,0,33
1723,0,3061.0160827636719,0,-0.06103515625,-3061.0160827636719,0,0.0067635501148869126,0.1,0.0068,1,0,33
1723.125,0,3061.0198974609375,0,0.030517578125,-3061.0198974609375,0,0.0067631202695198622,0.1,0.0058,1,0,33
1723.25,0,3061.0122680664062,0,-0.06103515625,-3061.0122680664062,0,0.0067639879571382844,0.1,0.0064,1,0,33
1723.375,0,3061.0122680664062,0,0,-3061.0122680664062,0,0.0067639826713473267,0.1,0.0066,1,0,33
1723.5,0,3061.0160827636719,0,0.030517578125,-3061.0160827636719,0,0.0067635469237320306,0.1,0.007,1,0,33
1723.625,0,3061.0160827636719,0,0,-3061.0160827636719,0,0.0067635476983398668,0.1,0.0054,1,0,33
1723.75,0,3061.0122680664062,0,-0.030517578125,-3061.0122680664062,0,0.0067639790189351207,0.1,0.0066,1,0,33
1723.875,0,3061.0198974609375,0,0.06103515625,-3061.0198974609375,0,0.0067631127790222512,0.1,0.0072,1,0,33
1724,0,3061.0160827636719,0,-0.030517578125,-3061.0160827636719,0,0.0067635500459485437,0.1,0.006,1,0,33
1724.125,0,3061.0122680664062,0,-0.030517578125,-3061.0122680664062,0,0.006763981322745527,0.1,0.006,1,0,33
1724.25,0,3061.0198974609375,0,0.06103515625,-3061.0198974609375,0,0.0067631150398515111,0.1,0.0064,1,0,33
1724.375,0,3061.0122680664062,0,-0.06103515625,-3061.0122680664062,0,0.0067639828250374567,0.1,0.0066,1,0,33
1724.5,0,3061.0122680664062,0,0,-3061.0122680664062,0,0.0067639776349937564,0.1,0.007,1,0,33
1724.625,0,3061.0160827636719,0,0.030517578125,-3061.0160827636719,0,0.00676354198133941,0.1,0.0072,1,0,33
1724.75,0,3061.0160827636719,0,0,-3061.0160827636719,0,0.00676354284815521,0.1,0.0056,1,0,33
1724.875,0,3061.0084533691406,0,-0.06103515625,-3061.0084533691406,0,0.00676440481967705,0.1,0.007,1,0,33
1725,0,3061.0160827636719,0,0.06103515625,-3061.0160827636719,0,0.0067635328035542813,0.1,0.0064,1,0,33
1725.125,0,3061.0198974609375,0,0.030517578125,-3061.0198974609375,0,0.0067631032811568542,0.1,0.0064,1,0,33
1725.25,0,3061.0198974609375,0,0,-3061.0198974609375,0,0.0067631101648415182,0.1,0.0054,1,0,33
1725.375,0,3061.0160827636719,0,-0.030517578125,-3061.0160827636719,0,0.0067635474805393947,0.1,0.007,1,0,33
1725.5,0,3061.0160827636719,0,0,-3061.0160827636719,0,0.0067635482447591377,0.1,0.0062,1,0,33
1725.625,0,3061.0084533691406,0,-0.06103515625,-3061.0084533691406,0,0.0067644101155990011,0.1,0.0064,1,0,33
1725.75,0,3061.0198974609375,0,0.091552734375,-3061.0198974609375,0,0.0067631074402336733,0.1,0.006,1,0,33
1725.875,0,3061.0122680664062,0,-0.06103515625,-3061.0122680664062,0,0.0067639753672022185,0.1,0.0068,1,0,33
1726,0,3061.0122680664062,0,0,-3061.0122680664062,0,0.0067639703162959419,0.1,0.0072,1,0,33
1726.125,0,3061.0084533691406,0,-0.030517578125,-3061.0084533691406,0,0.0067643959200610337,0.1,0.0066,1,0,33
1726.25,0,3061.0160827636719,0,0.06103515625,-3061.0160827636719,0,0.0067635240699743387,0.1,0.007,1,0,33
1726.375,0,3061.0122680664062,0,-0.030517578125,-3061.0122680664062,0,0.0067639558313932063,0.1,0.0064,1,0,33
1726.5,0,3061.0084533691406,0,-0.030517578125,-3061.0084533691406,0,0.006764381705396505,0.1,0.0058,1,0,33
1726.625,0,3061.0122680664062,0,0.030517578125,-3061.0122680664062,0,0.0067639406809452268,0.1,0.0072,1,0,33
1726.75,0,3061.0160827636719,0,0.030517578125,-3061.0160827636719,0,0.0067635057167256818,0.1,0.0072,1,0,33
1726.875,0,3061.0122680664062,0,-0.030517578125,-3061.0122680664062,0,0.0067639378205527345,0.1,0.0068,1,0,33
1727,0,3061.0122680664062,0,0,-3061.0122680664062,0,0.0067639334701371373,0.1,0.006,1,0,33
1727.125,0,3061.0160827636719,0,0.030517578125,-3061.0160827636719,0,0.0067634986404463554,0.1,0.0066,1,0,33
1727.25,0,3061.0122680664062,0,-0.030517578125,-3061.0122680664062,0,0.0067639308762923178,0.1,0.0068,1,0,33
1727.375,0,3061.0160827636719,0,0.030517578125,-3061.0160827636719,0,0.0067634960949937012,0.1,0.0068,1,0,33
1727.5,0,3061.0084533691406,0,-0.06103515625,-3061.0084533691406,0,0.0067643589387679226,0.1,0.007,1,0,33
1727.625,0,3061.0160827636719,0,0.06103515625,-3061.0160827636719,0,0.0067634877786243164,0.1,0.007,1,0,33
1727.75,0,3061.0160827636719,0,0,-3061.0160827636719,0,0.006763489656675406,0.1,0.0062,1,0,33
1727.875,0,3061.0160827636719,0,0,-3061.0160827636719,0,0.0067634914996885648,0.1,0.006,1,0,33
1728,0,3061.0160827636719,0,0,-3061.0160827636719,0,0.0067634933083174642,0.1,0.0068,1,0,33
1728.125,0,3061.0084533691406,0,-0.06103515625,-3061.0084533691406,0,0.0067643562040814315,0.1,0.0066,1,0,33
1728.25,0,3061.0160827636719,0,0.06103515625,-3061.0160827636719,0,0.0067634850949576247,0.1,0.0052,1,0,33
1728.375,0,3061.0160827636719,0,0,-3061.0160827636719,0,0.0067634870230766642,0.1,0.006,1,0,33
1728.5,0,3061.0160827636719,0,0,-3061.0160827636719,0,0.0067634889152236727,0.1,0.0058,1,0,33
1728.625,0,3061.0160827636719,0,0,-3061.0160827636719,0,0.0067634907720697524,0.1,0.0066,1,0,33
1728.75,0,3061.0122680664062,0,-0.030517578125,-3061.0122680664062,0,0.0067639231547124146,0.1,0.0068,1,0,33
1728.875,0,3061.0160827636719,0,0.030517578125,-3061.0160827636719,0,0.0067634885174717857,0.1,0.0066,1,0,33
1729,0,3061.0084533691406,0,-0.06103515625,-3061.0084533691406,0,0.006764351502616367,0.1,0.007,1,0,33
1729.125,0,3061.0122680664062,0,0.030517578125,-3061.0122680664062,0,0.00676391104164456,0.1,0.0066,1,0,33
1729.25,0,3061.0084533691406,0,-0.030517578125,-3061.0084533691406,0,0.0067643377512697361,0.1,0.0062,1,0,33
1729.375,0,3061.0084533691406,0,0,-3061.0084533691406,0,0.0067643281072894412,0.1,0.0064,1,0,33
1729.5,0,3061.0122680664062,0,0.030517578125,-3061.0122680664062,0,0.0067638880827935594,0.1,0.0072,1,0,33
1729.625,0,3061.0122680664062,0,0,-3061.0122680664062,0,0.0067638846603126218,0.1,0.0068,1,0,33
1729.75,0,3061.0160827636719,0,0.030517578125,-3061.0160827636719,0,0.0067634507412444311,0.1,0.0058,1,0,33
1729.875,0,3061.0122680664062,0,-0.030517578125,-3061.0122680664062,0,0.0067638838707239218,0.1,0.006,1,0,33
1730,0,3061.0084533691406,0,-0.030517578125,-3061.0084533691406,0,0.0067643110872645518,0.1,0.0062,1,0,33
1730.125,0,3061.0198974609375,0,0.091552734375,-3061.0198974609375,0,0.00676301025942562,0.1,0.0056,1,0,33
1730.25,0,3061.0160827636719,0,-0.030517578125,-3061.0160827636719,0,0.0067634494390131916,0.1,0.006,1,0,33
1730.375,0,3061.0084533691406,0,-0.06103515625,-3061.0084533691406,0,0.006764313153226717,0.1,0.006,1,0,33
1730.5,0,3061.0122680664062,0,0.030517578125,-3061.0122680664062,0,0.006763873407721957,0.1,0.0066,1,0,33
1730.625,0,3061.0198974609375,0,0.06103515625,-3061.0198974609375,0,0.0067630091381492424,0.1,0.006,1,0,33
1730.75,0,3061.0084533691406,0,-0.091552734375,-3061.0084533691406,0,0.0067643094595337822,0.1,0.007,1,0,33
1730.875,0,3061.0084533691406,0,0,-3061.0084533691406,0,0.0067643003433794785,0.1,0.0058,1,0,33
1731,0,3061.0160827636719,0,0.06103515625,-3061.0160827636719,0,0.006763430276423274,0.1,0.006,1,0,33
1731.125,0,3061.0122680664062,0,-0.030517578125,-3061.0122680664062,0,0.0067638637877055763,0.1,0.007,1,0,33
1731.25,0,3061.0084533691406,0,-0.030517578125,-3061.0084533691406,0,0.00676429137892591,0.1,0.0056,1,0,33
1731.375,0,3061.0160827636719,0,0.06103515625,-3061.0160827636719,0,0.0067634214792154229,0.1,0.0064,1,0,33
1731.5,0,3061.0122680664062,0,-0.030517578125,-3061.0122680664062,0,0.0067638551546232162,0.1,0.0062,1,0,33
1731.625,0,3061.0084533691406,0,-0.030517578125,-3061.0084533691406,0,0.0067642829069070182,0.1,0.0074,1,0,33
1731.75,0,3061.0122680664062,0,0.030517578125,-3061.0122680664062,0,0.0067638437256940243,0.1,0.0058,1,0,33
1731.875,0,3061.0198974609375,0,0.06103515625,-3061.0198974609375,0,0.0067629800098853443,0.1,0.0064,1,0,33
1732,0,3061.0122680664062,0,-0.06103515625,-3061.0122680664062,0,0.0067638503142636863,0.1,0.0058,1,0,33
1732.125,0,3061.0122680664062,0,0,-3061.0122680664062,0,0.00676384759641295,0.1,0.0054,1,0,33
1732.25,0,3061.0160827636719,0,0.030517578125,-3061.0160827636719,0,0.0067634143688290044,0.1,0.0062,1,0,33
1732.375,0,3061.0122680664062,0,-0.030517578125,-3061.0122680664062,0,0.0067638481768920317,0.1,0.0058,1,0,33
1732.5,0,3061.0122680664062,0,0,-3061.0122680664062,0,0.0067638454989172592,0.1,0.0064,1,0,33
1732.625,0,3061.0084533691406,0,-0.030517578125,-3061.0084533691406,0,0.0067642734313431568,0.1,0.006,1,0,33
1732.75,0,3061.0122680664062,0,0.030517578125,-3061.0122680664062,0,0.0067638344269114331,0.1,0.0066,1,0,33
1732.875,0,3061.0122680664062,0,0,-3061.0122680664062,0,0.0067638320054637657,0.1,0.007,1,0,33
1733,0,3061.0122680664062,0,0,-3061.0122680664062,0,0.0067638296291919475,0.1,0.0068,1,0,33
1733.125,0,3061.0160827636719,0,0.030517578125,-3061.0160827636719,0,0.0067633967368142395,0.1,0.0058,1,0,33
1733.25,0,3061.0084533691406,0,-0.06103515625,-3061.0084533691406,0,0.0067642614342686147,0.1,0.0066,1,0,33
1733.375,0,3061.0084533691406,0,0,-3061.0084533691406,0,0.0067642532140997358,0.1,0.0066,1,0,33
1733.5,0,3061.0122680664062,0,0.030517578125,-3061.0122680664062,0,0.0067638145868518795,0.1,0.0062,1,0,33
1733.625,0,3061.0122680664062,0,0,-3061.0122680664062,0,0.0067638125355511391,0.1,0.0062,1,0,33
1733.75,0,3061.0084533691406,0,-0.030517578125,-3061.0084533691406,0,0.0067642410829595045,0.1,0.007,1,0,33
1733.875,0,3061.0084533691406,0,0,-3061.0084533691406,0,0.0067642332424757007,0.1,0.006,1,0,33
1734,0,3061.0122680664062,0,0.030517578125,-3061.0122680664062,0,0.006763794987829308,0.1,0.0062,1,0,33
1734.125,0,3061.0084533691406,0,-0.030517578125,-3061.0084533691406,0,0.0067642238626174911,0.1,0.0068,1,0,33
1734.25,0,3061.0160827636719,0,0.06103515625,-3061.0160827636719,0,0.0067633552225279253,0.1,0.006,1,0,33
1734.375,0,3061.0122680664062,0,-0.030517578125,-3061.0122680664062,0,0.006763790134056466,0.1,0.006,1,0,33
1734.5,0,3061.0160827636719,0,0.030517578125,-3061.0160827636719,0,0.0067633579785214559,0.1,0.007,1,0,33
1734.625,0,3061.0084533691406,0,-0.06103515625,-3061.0084533691406,0,0.006764223399071595,0.1,0.0054,1,0,33
1734.75,0,3061.0122680664062,0,0.030517578125,-3061.0122680664062,0,0.006763785328069094,0.1,0.0064,1,0,33
1734.875,0,3061.0122680664062,0,0,-3061.0122680664062,0,0.0067637838226361074,0.1,0.0066,1,0,33
1735,0,3061.0122680664062,0,0,-3061.0122680664062,0,0.0067637823452892931,0.1,0.0068,1,0,33
1735.125,0,3061.0122680664062,0,0,-3061.0122680664062,0,0.0067637808955046674,0.1,0.0056,1,0,33
1735.25,0,3061.0084533691406,0,-0.030517578125,-3061.0084533691406,0,0.0067642100332069161,0.1,0.0074,1,0,33
1735.375,0,3061.0160827636719,0,0.06103515625,-3061.0160827636719,0,0.0067633416511263394,0.1,0.0066,1,0,33
1735.5,0,3061.0160827636719,0,0,-3061.0160827636719,0,0.0067633462554114038,0.1,0.0066,1,0,33
1735.625,0,3061.0122680664062,0,-0.030517578125,-3061.0122680664062,0,0.0067637813342353442,0.1,0.0058,1,0,33
1735.75,0,3061.0160827636719,0,0.030517578125,-3061.0160827636719,0,0.0067633493428745778,0.1,0.0058,1,0,33
1735.875,0,3061.0084533691406,0,-0.06103515625,-3061.0084533691406,0,0.0067642149245360356,0.1,0.0052,1,0,33
1736,0,3061.0084533691406,0,0,-3061.0084533691406,0,0.00676420757207799,0.1,0.0074,1,0,33
1736.125,0,3061.0122680664062,0,0.030517578125,-3061.0122680664062,0,0.0067637697963524868,0.1,0.0056,1,0,33
1736.25,0,3061.0084533691406,0,-0.030517578125,-3061.0084533691406,0,0.0067641991411265534,0.1,0.0072,1,0,33
1736.375,0,3061.0160827636719,0,0.06103515625,-3061.0160827636719,0,0.0067633309622545379,0.1,0.0062,1,0,33
1736.5,0,3061.0122680664062,0,-0.030517578125,-3061.0122680664062,0,0.0067637663263959147,0.1,0.0058,1,0,33
1736.625,0,3061.0084533691406,0,-0.030517578125,-3061.0084533691406,0,0.0067641957359073773,0.1,0.0068,1,0,33
1736.75,0,3061.0122680664062,0,0.030517578125,-3061.0122680664062,0,0.006763758181003901,0.1,0.0064,1,0,33
1736.875,0,3061.0160827636719,0,0.030517578125,-3061.0160827636719,0,0.0067633266216023946,0.1,0.0058,1,0,33
1737,0,3061.0160827636719,0,0,-3061.0160827636719,0,0.0067633315062864269,0.1,0.0062,1,0,33
1737.125,0,3061.0198974609375,0,0.030517578125,-3061.0198974609375,0,0.0067629057394001657,0.1,0.0066,1,0,33
1737.25,0,3061.0160827636719,0,-0.030517578125,-3061.0160827636719,0,0.0067633468689701076,0.1,0.0064,1,0,33
1737.375,0,3061.0160827636719,0,0,-3061.0160827636719,0,0.00676335137590825,0.1,0.0068,1,0,33
1737.5,0,3061.0122680664062,0,-0.030517578125,-3061.0122680664062,0,0.0067637863592014125,0.1,0.007,1,0,33
1737.625,0,3061.0160827636719,0,0.030517578125,-3061.0160827636719,0,0.006763354274092151,0.1,0.0056,1,0,33
1737.75,0,3061.0122680664062,0,-0.030517578125,-3061.0122680664062,0,0.0067637892033152319,0.1,0.007,1,0,33
1737.875,0,3061.0160827636719,0,0.030517578125,-3061.0160827636719,0,0.0067633570651446373,0.1,0.0066,1,0,33
1738,0,3061.0122680664062,0,-0.030517578125,-3061.0122680664062,0,0.0067637919422963155,0.1,0.0056,1,0,33
1738.125,0,3061.0160827636719,0,0.030517578125,-3061.0160827636719,0,0.0067633597530257911,0.1,0.0062,1,0,33
1738.25,0,3061.0160827636719,0,0,-3061.0160827636719,0,0.0067633640195919886,0.1,0.007,1,0,33
1738.375,0,3061.0160827636719,0,0,-3061.0160827636719,0,0.0067633682065588174,0.1,0.0048,1,0,33
1738.5,0,3061.0160827636719,0,0,-3061.0160827636719,0,0.0067633723154113118,0.1,0.007,1,0,33
1738.625,0,3061.0122680664062,0,-0.030517578125,-3061.0122680664062,0,0.006763806908045733,0.1,0.0074,1,0,33
1738.75,0,3061.0122680664062,0,0,-3061.0122680664062,0,0.00676380500000498,0.1,0.0054,1,0,33
1738.875,0,3061.0122680664062,0,0,-3061.0122680664062,0,0.0067638031275616683,0.1,0.0056,1,0,33
1739,0,3061.0160827636719,0,0.030517578125,-3061.0160827636719,0,0.0067633707296127638,0.1,0.0076,1,0,33
1739.125,0,3061.0198974609375,0,0.030517578125,-3061.0198974609375,0,0.0067629442309548315,0.1,0.0054,1,0,33
1739.25,0,3061.0160827636719,0,-0.030517578125,-3061.0160827636719,0,0.0067633846424054178,0.1,0.0068,1,0,33
1739.375,0,3061.0160827636719,0,0,-3061.0160827636719,0,0.0067633884446218345,0.1,0.0058,1,0,33
1739.5,0,3061.0198974609375,0,0.030517578125,-3061.0198974609375,0,0.0067629616154630673,0.1,0.0068,1,0,33
1739.625,0,3061.0122680664062,0,-0.06103515625,-3061.0122680664062,0,0.0067638322630177439,0.1,0.006,1,0,33
1739.75,0,3061.0160827636719,0,0.030517578125,-3061.0160827636719,0,0.0067633993215019395,0.1,0.0062,1,0,33
1739.875,0,3061.0084533691406,0,-0.06103515625,-3061.0084533691406,0,0.006764263970734985,0.1,0.0064,1,0,33
1740,0,3061.0160827636719,0,0.06103515625,-3061.0160827636719,0,0.0067633945823665914,0.1,0.0052,1,0,33
1740.125,0,3061.0084533691406,0,-0.06103515625,-3061.0084533691406,0,0.0067642593200155227,0.1,0.0076,1,0,33
1740.25,0,3061.0160827636719,0,0.06103515625,-3061.0160827636719,0,0.0067633900184134732,0.1,0.0068,1,0,33
1740.375,0,3061.0122680664062,0,-0.030517578125,-3061.0122680664062,0,0.0067638242807710747,0.1,0.0054,1,0,33
1740.5,0,3061.0122680664062,0,0,-3061.0122680664062,0,0.0067638220486153228,0.1,0.006,1,0,33
1740.625,0,3061.0084533691406,0,-0.030517578125,-3061.0084533691406,0,0.0067642504185427971,0.1,0.0062,1,0,33
1740.75,0,3061.0084533691406,0,0,-3061.0084533691406,0,0.0067642424038892868,0.1,0.0052,1,0,33
1740.875,0,3061.0160827636719,0,0.06103515625,-3061.0160827636719,0,0.0067633734178836752,0.1,0.007,1,0,33
1741,0,3061.0084533691406,0,-0.06103515625,-3061.0084533691406,0,0.0067642385503886848,0.1,0.0072,1,0,33
1741.125,0,3061.0122680664062,0,0.030517578125,-3061.0122680664062,0,0.0067638001967149919,0.1,0.0064,1,0,33
1741.25,0,3061.0084533691406,0,-0.030517578125,-3061.0084533691406,0,0.006764228974323383,0.1,0.007,1,0,33
1741.375,0,3061.0084533691406,0,0,-3061.0084533691406,0,0.0067642213597448736,0.1,0.0056,1,0,33
1741.5,0,3061.0122680664062,0,0.030517578125,-3061.0122680664062,0,0.0067637833267891606,0.1,0.0068,1,0,33
1741.625,0,3061.0122680664062,0,0,-3061.0122680664062,0,0.0067637818586931409,0.1,0.0062,1,0,33
1741.75,0,3061.0084533691406,0,-0.030517578125,-3061.0084533691406,0,0.0067642109784256249,0.1,0.0054,1,0,33
1741.875,0,3061.0122680664062,0,0.030517578125,-3061.0122680664062,0,0.0067637731391494427,0.1,0.0064,1,0,33
1742,0,3061.0122680664062,0,0,-3061.0122680664062,0,0.0067637718611195524,0.1,0.0052,1,0,33
1742.125,0,3061.0084533691406,0,-0.030517578125,-3061.0084533691406,0,0.0067642011673721969,0.1,0.0068,1,0,33
1742.25,0,3061.004638671875,0,-0.030517578125,-3061.004638671875,0,0.0067646246320141878,0.1,0.0066,1,0,33
1742.375,0,3061.0084533691406,0,0.030517578125,-3061.0084533691406,0,0.006764181243151951,0.1,0.006,1,0,33
1742.5,0,3061.0122680664062,0,0.030517578125,-3061.0122680664062,0,0.0067637439586331893,0.1,0.005,1,0,33
1742.625,0,3061.0084533691406,0,-0.030517578125,-3061.0084533691406,0,0.006764173785449773,0.1,0.0062,1,0,33
1742.75,0,3061.0084533691406,0,0,-3061.0084533691406,0,0.0067641672005048642,0.1,0.006,1,0,33
1742.875,0,3061.0122680664062,0,0.030517578125,-3061.0122680664062,0,0.0067637301779733539,0.1,0.0068,1,0,33
1743,0,3061.0122680664062,0,0,-3061.0122680664062,0,0.0067637297014505049,0.1,0.007,1,0,33
1743.125,0,3061.0084533691406,0,-0.030517578125,-3061.0084533691406,0,0.0067641597942568327,0.1,0.006,1,0,33
1743.25,0,3061.0122680664062,0,0.030517578125,-3061.0122680664062,0,0.0067637229099003077,0.1,0.007,1,0,33
1743.375,0,3061.0160827636719,0,0.030517578125,-3061.0160827636719,0,0.0067632920085356624,0.1,0.0066,1,0,33
1743.5,0,3061.0122680664062,0,-0.030517578125,-3061.0122680664062,0,0.0067637280994187754,0.1,0.0066,1,0,33
1743.625,0,3061.0084533691406,0,-0.030517578125,-3061.0084533691406,0,0.0067641582221134866,0.1,0.0066,1,0,33
1743.75,0,3061.0122680664062,0,0.030517578125,-3061.0122680664062,0,0.0067637213670877216,0.1,0.0064,1,0,33
1743.875,0,3061.0122680664062,0,0,-3061.0122680664062,0,0.0067637210549455346,0.1,0.0058,1,0,33
1744,0,3061.0122680664062,0,0,-3061.0122680664062,0,0.0067637207486268419,0.1,0.0068,1,0,33
1744.125,0,3061.0122680664062,0,0,-3061.0122680664062,0,0.0067637204480230084,0.1,0.0068,1,0,33
1744.25,0,3061.004638671875,0,-0.06103515625,-3061.004638671875,0,0.0067645812739052236,0.1,0.0066,1,0,33
1744.375,0,3061.0122680664062,0,0.06103515625,-3061.0122680664062,0,0.0067637081335165106,0.1,0.006,1,0,33
1744.5,0,3061.0084533691406,0,-0.030517578125,-3061.0084533691406,0,0.0067641386287059374,0.1,0.0062,1,0,33
1744.625,0,3061.0122680664062,0,0.030517578125,-3061.0122680664062,0,0.0067637021392254332,0.1,0.0058,1,0,33
1744.75,0,3061.0122680664062,0,0,-3061.0122680664062,0,0.0067637021858086982,0.1,0.0064,1,0,33
1744.875,0,3061.0122680664062,0,0,-3061.0122680664062,0,0.0067637022315228806,0.1,0.0072,1,0,33
1745,0,3061.0122680664062,0,0,-3061.0122680664062,0,0.00676370227638419,0.1,0.0062,1,0,33
1745.125,0,3061.0084533691406,0,-0.030517578125,-3061.0084533691406,0,0.0067641328808474566,0.1,0.0054,1,0,33
1745.25,0,3061.0084533691406,0,0,-3061.0084533691406,0,0.0067641270590410307,0.1,0.0052,1,0,33
1745.375,0,3061.0122680664062,0,0.030517578125,-3061.0122680664062,0,0.0067636907854104755,0.1,0.006,1,0,33
1745.5,0,3061.0122680664062,0,0,-3061.0122680664062,0,0.0067636910438166747,0.1,0.006,1,0,33
1745.625,0,3061.0084533691406,0,-0.030517578125,-3061.0084533691406,0,0.0067641218578408241,0.1,0.0064,1,0,33
1745.75,0,3061.0084533691406,0,0,-3061.0084533691406,0,0.0067641162416856027,0.1,0.0062,1,0,33
1745.875,0,3061.0084533691406,0,0,-3061.0084533691406,0,0.0067641107303084147,0.1,0.0066,1,0,33
1746,0,3061.0122680664062,0,0.030517578125,-3061.0122680664062,0,0.0067636747613155634,0.1,0.0064,1,0,33
1746.125,0,3061.0084533691406,0,-0.030517578125,-3061.0084533691406,0,0.0067641058791148984,0.1,0.0062,1,0,33
1746.25,0,3061.0122680664062,0,0.030517578125,-3061.0122680664062,0,0.0067636700006285522,0.1,0.0062,1,0,33
1746.375,0,3061.0160827636719,0,0.030517578125,-3061.0160827636719,0,0.0067632400863680137,0.1,0.0064,1,0,33
1746.5,0,3061.0198974609375,0,0.030517578125,-3061.0198974609375,0,0.0067628160250614161,0.1,0.0058,1,0,33
1746.625,0,3061.0084533691406,0,-0.091552734375,-3061.0084533691406,0,0.006764119949268621,0.1,0.006,1,0,33
1746.75,0,3061.0122680664062,0,0.030517578125,-3061.0122680664062,0,0.0067636838082818368,0.1,0.0056,1,0,33
1746.875,0,3061.0122680664062,0,0,-3061.0122680664062,0,0.0067636841968571337,0.1,0.006,1,0,33
1747,0,3061.004638671875,0,-0.06103515625,-3061.004638671875,0,0.0067645456990607922,0.1,0.0062,1,0,33
1747.125,0,3061.0122680664062,0,0.06103515625,-3061.0122680664062,0,0.006763673222375699,0.1,0.0062,1,0,33
1747.25,0,3061.0122680664062,0,0,-3061.0122680664062,0,0.0067636738084474179,0.1,0.0074,1,0,33
1747.375,0,3061.004638671875,0,-0.06103515625,-3061.004638671875,0,0.00676453550446289,0.1,0.0068,1,0,33
1747.5,0,3061.0122680664062,0,0.06103515625,-3061.0122680664062,0,0.0067636632179737532,0.1,0.0064,1,0,33
1747.625,0,3061.0084533691406,0,-0.030517578125,-3061.0084533691406,0,0.0067640945511319439,0.1,0.0058,1,0,33
1747.75,0,3061.0084533691406,0,0,-3061.0084533691406,0,0.0067640894444255112,0.1,0.0076,1,0,33
1747.875,0,3061.0084533691406,0,0,-3061.0084533691406,0,0.006764084432992562,0.1,0.0064,1,0,33
1748,0,3061.0084533691406,0,0,-3061.0084533691406,0,0.0067640795150556293,0.1,0.006,1,0,33
1748.125,0,3061.0084533691406,0,0,-3061.0084533691406,0,0.0067640746888704,0.1,0.0064,1,0,33
1748.25,0,3061.0122680664062,0,0.030517578125,-3061.0122680664062,0,0.0067636393922861915,0.1,0.006,1,0,33
1748.375,0,3061.0084533691406,0,-0.030517578125,-3061.0084533691406,0,0.0067640711699493428,0.1,0.0068,1,0,33
1748.5,0,3061.0122680664062,0,0.030517578125,-3061.0122680664062,0,0.0067636359390160355,0.1,0.006,1,0,33
1748.625,0,3061.0084533691406,0,-0.030517578125,-3061.0084533691406,0,0.0067640677811052763,0.1,0.007,1,0,33
1748.75,0,3061.0084533691406,0,0,-3061.0084533691406,0,0.0067640631738350027,0.1,0.0064,1,0,33
1748.875,0,3061.0198974609375,0,0.091552734375,-3061.0198974609375,0,0.0067627669712036625,0.1,0.0072,1,0,33
1749,0,3061.0084533691406,0,-0.091552734375,-3061.0084533691406,0,0.0067640718105862752,0.1,0.007,1,0,33
1749.125,0,3061.004638671875,0,-0.030517578125,-3061.004638671875,0,0.00676449768857873,0.1,0.0068,1,0,33
1749.25,0,3061.0122680664062,0,0.06103515625,-3061.0122680664062,0,0.0067636261076032683,0.1,0.0066,1,0,33
1749.375,0,3061.0122680664062,0,0,-3061.0122680664062,0,0.0067636275726737638,0.1,0.006,1,0,33
1749.5,0,3061.0084533691406,0,-0.030517578125,-3061.0084533691406,0,0.0067640595708500229,0.1,0.0062,1,0,33
1749.625,0,3061.0160827636719,0,0.06103515625,-3061.0160827636719,0,0.0067631939958768955,0.1,0.0058,1,0,33
1749.75,0,3061.0160827636719,0,0,-3061.0160827636719,0,0.0067632013548984959,0.1,0.0066,1,0,33
1749.875,0,3061.0084533691406,0,-0.06103515625,-3061.0084533691406,0,0.0067640696975040243,0.1,0.0056,1,0,33
1750,0,3061.0122680664062,0,0.030517578125,-3061.0122680664062,0,0.0067636344940414511,0.1,0.0068,1,0,33
1750.125,0,3061.0122680664062,0,0,-3061.0122680664062,0,0.006763635802650006,0.1,0.0062,1,0,33
1750.25,0,3061.0122680664062,0,0,-3061.0122680664062,0,0.0067636370868444512,0.1,0.0064,1,0,33
1750.375,0,3061.0084533691406,0,-0.030517578125,-3061.0084533691406,0,0.0067640689075191829,0.1,0.007,1,0,33
1750.5,0,3061.0084533691406,0,0,-3061.0084533691406,0,0.006764064279233914,0.1,0.0062,1,0,33
1750.625,0,3061.0084533691406,0,0,-3061.0084533691406,0,0.0067640597372964489,0.1,0.0064,1,0,33
1750.75,0,3061.0160827636719,0,0.06103515625,-3061.0160827636719,0,0.0067631941592180139,0.1,0.0066,1,0,33
1750.875,0,3061.0084533691406,0,-0.06103515625,-3061.0084533691406,0,0.006764062636070059,0.1,0.0064,1,0,33
1751,0,3061.0160827636719,0,0.06103515625,-3061.0160827636719,0,0.0067631970039105233,0.1,0.0072,1,0,33
1751.125,0,3061.0160827636719,0,0,-3061.0160827636719,0,0.0067632043068126119,0.1,0.0064,1,0,33
1751.25,0,3061.0160827636719,0,0,-3061.0160827636719,0,0.0067632114734677978,0.1,0.0058,1,0,33
1751.375,0,3061.0122680664062,0,-0.030517578125,-3061.0122680664062,0,0.0067636490668568777,0.1,0.006,1,0,33
1751.5,0,3061.0160827636719,0,0.030517578125,-3061.0160827636719,0,0.0067632195431481662,0.1,0.0074,1,0,33
1751.625,0,3061.0084533691406,0,-0.06103515625,-3061.0084533691406,0,0.0067640875464238248,0.1,0.0058,1,0,33
1751.75,0,3061.0160827636719,0,0.06103515625,-3061.0160827636719,0,0.0067632214495231963,0.1,0.0064,1,0,33
1751.875,0,3061.0160827636719,0,0,-3061.0160827636719,0,0.0067632282963546592,0.1,0.007,1,0,33
1752,0,3061.0160827636719,0,0,-3061.0160827636719,0,0.0067632350154479132,0.1,0.0058,1,0,33
1752.125,0,3061.004638671875,0,-0.091552734375,-3061.004638671875,0,0.006764533290502861,0.1,0.0066,1,0,33
1752.25,0,3061.0084533691406,0,0.030517578125,-3061.0084533691406,0,0.0067640916057574718,0.1,0.0074,1,0,33
1752.375,0,3061.0122680664062,0,0.030517578125,-3061.0122680664062,0,0.0067636559935626284,0.1,0.0062,1,0,33
1752.5,0,3061.0122680664062,0,0,-3061.0122680664062,0,0.0067636569010644382,0.1,0.0056,1,0,33
1752.625,0,3061.0160827636719,0,0.030517578125,-3061.0160827636719,0,0.0067632272311964892,0.1,0.0064,1,0,33
1752.75,0,3061.0160827636719,0,0,-3061.0160827636719,0,0.0067632339701619165,0.1,0.006,1,0,33
1752.875,0,3061.0084533691406,0,-0.06103515625,-3061.0084533691406,0,0.0067641017042793655,0.1,0.0058,1,0,33
1753,0,3061.0122680664062,0,0.030517578125,-3061.0122680664062,0,0.0067636659036810071,0.1,0.006,1,0,33
1753.125,0,3061.004638671875,0,-0.06103515625,-3061.004638671875,0,0.0067645277471720944,0.1,0.006,1,0,33
1753.25,0,3061.0122680664062,0,0.06103515625,-3061.0122680664062,0,0.00676365560540719,0.1,0.0058,1,0,33
1753.375,0,3061.0122680664062,0,0,-3061.0122680664062,0,0.0067636565201506377,0.1,0.0066,1,0,33
1753.5,0,3061.0084533691406,0,-0.030517578125,-3061.0084533691406,0,0.0067640879782670527,0.1,0.0068,1,0,33
1753.625,0,3061.0084533691406,0,0,-3061.0084533691406,0,0.0067640829941875563,0.1,0.0066,1,0,33
1753.75,0,3061.0122680664062,0,0.030517578125,-3061.0122680664062,0,0.0067636475426548354,0.1,0.0064,1,0,33
1753.875,0,3061.004638671875,0,-0.06103515625,-3061.004638671875,0,0.0067645097286992,0.1,0.0064,1,0,33
1754,0,3061.0084533691406,0,0.030517578125,-3061.0084533691406,0,0.0067640684835356263,0.1,0.0064,1,0,33
1754.125,0,3061.004638671875,0,-0.030517578125,-3061.004638671875,0,0.0067644944235993459,0.1,0.0058,1,0,33
1754.25,0,3061.0008239746094,0,-0.030517578125,-3061.0008239746094,0,0.0067649145848538567,0.1,0.0056,1,0,33
1754.375,0,3061.0084533691406,0,0.06103515625,-3061.0084533691406,0,0.0067640373937950665,0.1,0.0066,1,0,33
1754.5,0,3061.0084533691406,0,0,-3061.0084533691406,0,0.0067640333534469549,0.1,0.0062,1,0,33
1754.625,0,3061.0122680664062,0,0.030517578125,-3061.0122680664062,0,0.0067635988280388554,0.1,0.0068,1,0,33
1754.75,0,3061.0084533691406,0,-0.030517578125,-3061.0084533691406,0,0.0067640313624906384,0.1,0.0058,1,0,33
1754.875,0,3061.004638671875,0,-0.030517578125,-3061.004638671875,0,0.0067644579951047362,0.1,0.0064,1,0,33
1755,0,3061.0122680664062,0,0.06103515625,-3061.0122680664062,0,0.00676358715467229,0.1,0.0066,1,0,33
1755.125,0,3061.004638671875,0,-0.06103515625,-3061.004638671875,0,0.0067644504673476519,0.1,0.006,1,0,33
1755.25,0,3061.0084533691406,0,0.030517578125,-3061.0084533691406,0,0.0067640103277960412,0.1,0.0062,1,0,33
1755.375,0,3061.0122680664062,0,0.030517578125,-3061.0122680664062,0,0.0067635762319669945,0.1,0.0064,1,0,33
1755.5,0,3061.0084533691406,0,-0.030517578125,-3061.0084533691406,0,0.0067640091879833664,0.1,0.0064,1,0,33
1755.625,0,3061.0122680664062,0,0.030517578125,-3061.0122680664062,0,0.0067635751134192817,0.1,0.0062,1,0,33
1755.75,0,3061.0084533691406,0,-0.030517578125,-3061.0084533691406,0,0.0067640080903038913,0.1,0.0064,1,0,33
1755.875,0,3061.0160827636719,0,0.06103515625,-3061.0160827636719,0,0.0067631434757798037,0.1,0.0066,1,0,33
1756,0,3061.0160827636719,0,0,-3061.0160827636719,0,0.0067631517773317773,0.1,0.0062,1,0,33
1756.125,0,3061.0160827636719,0,0,-3061.0160827636719,0,0.0067631599240054879,0.1,0.0072,1,0,33
1756.25,0,3061.0122680664062,0,-0.030517578125,-3061.0122680664062,0,0.006763598479129343,0.1,0.0062,1,0,33
1756.375,0,3061.0160827636719,0,0.030517578125,-3061.0160827636719,0,0.0067631698992127454,0.1,0.007,1,0,33
1756.5,0,3061.0122680664062,0,-0.030517578125,-3061.0122680664062,0,0.0067636082682337173,0.1,0.0068,1,0,33
1756.625,0,3061.0122680664062,0,0,-3061.0122680664062,0,0.0067636100661251919,0.1,0.0066,1,0,33
1756.75,0,3061.0122680664062,0,0,-3061.0122680664062,0,0.00676361183047422,0.1,0.006,1,0,33
1756.875,0,3061.0122680664062,0,0,-3061.0122680664062,0,0.0067636135619065924,0.1,0.007,1,0,33
1757,0,3061.0160827636719,0,0.030517578125,-3061.0160827636719,0,0.006763184700597516,0.1,0.006,1,0,33
1757.125,0,3061.0122680664062,0,-0.030517578125,-3061.0122680664062,0,0.00676362279347581,0.1,0.0064,1,0,33
1757.25,0,3061.0122680664062,0,0,-3061.0122680664062,0,0.0067636243203764712,0.1,0.006,1,0,33
1757.375,0,3061.0160827636719,0,0.030517578125,-3061.0160827636719,0,0.0067631952583515342,0.1,0.0054,1,0,33
1757.5,0,3061.0122680664062,0,-0.030517578125,-3061.0122680664062,0,0.0067636331542586386,0.1,0.0068,1,0,33
1757.625,0,3061.0160827636719,0,0.030517578125,-3061.0160827636719,0,0.0067632039274239941,0.1,0.0066,1,0,33
1757.75,0,3061.0084533691406,0,-0.06103515625,-3061.0084533691406,0,0.0067640722220350807,0.1,0.0068,1,0,33
1757.875,0,3061.0122680664062,0,0.030517578125,-3061.0122680664062,0,0.0067636369714734884,0.1,0.006,1,0,33
1758,0,3061.0160827636719,0,0.030517578125,-3061.0160827636719,0,0.0067632076734228108,0.1,0.006,1,0,33
1758.125,0,3061.0122680664062,0,-0.030517578125,-3061.0122680664062,0,0.0067636453377075967,0.1,0.0062,1,0,33
1758.25,0,3061.0198974609375,0,0.06103515625,-3061.0198974609375,0,0.0067627853231329443,0.1,0.006,1,0,33
1758.375,0,3061.0122680664062,0,-0.06103515625,-3061.0122680664062,0,0.0067636592596930778,0.1,0.006,1,0,33
1758.5,0,3061.0084533691406,0,-0.030517578125,-3061.0084533691406,0,0.0067640906666990991,0.1,0.0052,1,0,33
1758.625,0,3061.0160827636719,0,0.06103515625,-3061.0160827636719,0,0.0067632245115849254,0.1,0.0066,1,0,33
1758.75,0,3061.0122680664062,0,-0.030517578125,-3061.0122680664062,0,0.0067636618617278182,0.1,0.0062,1,0,33
1758.875,0,3061.0160827636719,0,0.030517578125,-3061.0160827636719,0,0.0067632320993110395,0.1,0.0062,1,0,33
1759,0,3061.0122680664062,0,-0.030517578125,-3061.0122680664062,0,0.006763669307893197,0.1,0.0062,1,0,33
1759.125,0,3061.0122680664062,0,0,-3061.0122680664062,0,0.0067636699669956224,0.1,0.0076,1,0,33
1759.25,0,3061.0122680664062,0,0,-3061.0122680664062,0,0.0067636706138014813,0.1,0.0058,1,0,33
1759.375,0,3061.0122680664062,0,0,-3061.0122680664062,0,0.0067636712485401734,0.1,0.0064,1,0,33
1759.5,0,3061.0160827636719,0,0.030517578125,-3061.0160827636719,0,0.006763241310997925,0.1,0.0064,1,0,33
1759.625,0,3061.0122680664062,0,-0.030517578125,-3061.0122680664062,0,0.0067636783477218465,0.1,0.0064,1,0,33
1759.75,0,3061.0122680664062,0,0,-3061.0122680664062,0,0.0067636788381723184,0.1,0.0058,1,0,33
1759.875,0,3061.0122680664062,0,0,-3061.0122680664062,0,0.0067636793194726791,0.1,0.0062,1,0,33
1760,0,3061.0122680664062,0,0,-3061.0122680664062,0,0.0067636797917936392,0.1,0.0062,1,0,33
1760.125,0,3061.0084533691406,0,-0.030517578125,-3061.0084533691406,0,0.0067641108157416446,0.1,0.0058,1,0,33
1760.25,0,3061.0122680664062,0,0.030517578125,-3061.0122680664062,0,0.0067636748451549017,0.1,0.0066,1,0,33
1760.375,0,3061.0122680664062,0,0,-3061.0122680664062,0,0.0067636754009511718,0.1,0.0062,1,0,33
1760.5,0,3061.0122680664062,0,0,-3061.0122680664062,0,0.0067636759463781948,0.1,0.006,1,0,33
1760.625,0,3061.0160827636719,0,0.030517578125,-3061.0160827636719,0,0.0067632459211905277,0.1,0.0056,1,0,33
1760.75,0,3061.0122680664062,0,-0.030517578125,-3061.0122680664062,0,0.0067636828719041808,0.1,0.0066,1,0,33
1760.875,0,3061.0084533691406,0,-0.030517578125,-3061.0084533691406,0,0.0067641138383879723,0.1,0.0062,1,0,33
1761,0,3061.0084533691406,0,0,-3061.0084533691406,0,0.0067641083718480155,0.1,0.0066,1,0,33
1761.125,0,3061.0084533691406,0,0,-3061.0084533691406,0,0.0067641030072947972,0.1,0.0058,1,0,33
1761.25,0,3061.0084533691406,0,0,-3061.0084533691406,0,0.0067640977428255894,0.1,0.0062,1,0,33
1761.375,0,3061.0122680664062,0,0.030517578125,-3061.0122680664062,0,0.0067636620161342642,0.1,0.0064,1,0,33
1761.5,0,3061.0122680664062,0,0,-3061.0122680664062,0,0.006763662811275703,0.1,0.0062,1,0,33
1761.625,0,3061.0084533691406,0,-0.030517578125,-3061.0084533691406,0,0.0067640941520214631,0.1,0.0076,1,0,33
1761.75,0,3061.0084533691406,0,0,-3061.0084533691406,0,0.0067640890527610464,0.1,0.0058,1,0,33
1761.875,0,3061.0122680664062,0,0.030517578125,-3061.0122680664062,0,0.0067636534881962973,0.1,0.006,1,0,33
1762,0,3061.0122680664062,0,0,-3061.0122680664062,0,0.0067636544424395789,0.1,0.006,1,0,33
1762.125,0,3061.0122680664062,0,0,-3061.0122680664062,0,0.00676365537887999,0.1,0.0068,1,0,33
1762.25,0,3061.0084533691406,0,-0.030517578125,-3061.0084533691406,0,0.0067640868582885677,0.1,0.0056,1,0,33
1762.375,0,3061.0122680664062,0,0.030517578125,-3061.0122680664062,0,0.0067636513346650828,0.1,0.0052,1,0,33
1762.5,0,3061.0122680664062,0,0,-3061.0122680664062,0,0.006763652329085823,0.1,0.0068,1,0,33
1762.625,0,3061.0122680664062,0,0,-3061.0122680664062,0,0.0067636533049540981,0.1,0.006,1,0,33
1762.75,0,3061.0122680664062,0,0,-3061.0122680664062,0,0.0067636542626160479,0.1,0.007,1,0,33
1762.875,0,3061.0122680664062,0,0,-3061.0122680664062,0,0.006763655202411345,0.1,0.0064,1,0,33
1763,0,3061.0122680664062,0,0,-3061.0122680664062,0,0.0067636561246733062,0.1,0.0062,1,0,33
1763.125,0,3061.0160827636719,0,0.030517578125,-3061.0160827636719,0,0.0067632264692901317,0.1,0.0066,1,0,33
1763.25,0,3061.0160827636719,0,0,-3061.0160827636719,0,0.0067632332224700914,0.1,0.0068,1,0,33
1763.375,0,3061.0160827636719,0,0,-3061.0160827636719,0,0.0067632398496590695,0.1,0.006,1,0,33
1763.5,0,3061.0122680664062,0,-0.030517578125,-3061.0122680664062,0,0.0067636769136465158,0.1,0.0062,1,0,33
1763.625,0,3061.0122680664062,0,0,-3061.0122680664062,0,0.0067636774308518777,0.1,0.0074,1,0,33
1763.75,0,3061.0160827636719,0,0.030517578125,-3061.0160827636719,0,0.0067632473779690588,0.1,0.0066,1,0,33
1763.875,0,3061.0122680664062,0,-0.030517578125,-3061.0122680664062,0,0.0067636843015042719,0.1,0.0058,1,0,33
1764,0,3061.004638671875,0,-0.06103515625,-3061.004638671875,0,0.0067645458017555754,0.1,0.0066,1,0,33
1764.125,0,3061.0122680664062,0,0.06103515625,-3061.0122680664062,0,0.0067636733231545565,0.1,0.0062,1,0,33
1764.25,0,3061.0122680664062,0,0,-3061.0122680664062,0,0.006763673907346085,0.1,0.006,1,0,33
1764.375,0,3061.0160827636719,0,0.030517578125,-3061.0160827636719,0,0.00676324392019971,0.1,0.0072,1,0,33
1764.5,0,3061.0122680664062,0,-0.030517578125,-3061.0122680664062,0,0.0067636809082449456,0.1,0.0062,1,0,33
1764.625,0,3061.0084533691406,0,-0.030517578125,-3061.0084533691406,0,0.006764111911363821,0.1,0.0068,1,0,33
1764.75,0,3061.0122680664062,0,0.030517578125,-3061.0122680664062,0,0.0067636759203365537,0.1,0.0062,1,0,33
1764.875,0,3061.0084533691406,0,-0.030517578125,-3061.0084533691406,0,0.0067641070165125605,0.1,0.006,1,0,33
1765,0,3061.0084533691406,0,0,-3061.0084533691406,0,0.0067641016772452128,0.1,0.0072,1,0,33
1765.125,0,3061.0084533691406,0,0,-3061.0084533691406,0,0.0067640964375901419,0.1,0.0054,1,0,33
1765.25,0,3061.0122680664062,0,0.030517578125,-3061.0122680664062,0,0.0067636607352500044,0.1,0.0064,1,0,33
1765.375,0,3061.0122680664062,0,0,-3061.0122680664062,0,0.0067636615542883138,0.1,0.006,1,0,33
1765.5,0,3061.0122680664062,0,0,-3061.0122680664062,0,0.0067636623580462074,0.1,0.0066,1,0,33
1765.625,0,3061.0122680664062,0,0,-3061.0122680664062,0,0.0067636631468087627,0.1,0.006,1,0,33
1765.75,0,3061.0084533691406,0,-0.030517578125,-3061.0084533691406,0,0.0067640944812946413,0.1,0.0054,1,0,33
1765.875,0,3061.0122680664062,0,0.030517578125,-3061.0122680664062,0,0.0067636588154522115,0.1,0.005,1,0,33
1766,0,3061.0084533691406,0,-0.030517578125,-3061.0084533691406,0,0.0067640902307462281,0.1,0.0062,1,0,33
1766.125,0,3061.0122680664062,0,0.030517578125,-3061.0122680664062,0,0.0067636546442043366,0.1,0.0064,1,0,33
1766.25,0,3061.0122680664062,0,0,-3061.0122680664062,0,0.006763655576880509,0.1,0.0058,1,0,33
1766.375,0,3061.0122680664062,0,0,-3061.0122680664062,0,0.00676365649215617,0.1,0.005,1,0,33
1766.5,0,3061.0122680664062,0,0,-3061.0122680664062,0,0.0067636573903559483,0.1,0.0066,1,0,33
1766.625,0,3061.0084533691406,0,-0.030517578125,-3061.0084533691406,0,0.006764088832237336,0.1,0.0062,1,0,33
1766.75,0,3061.0122680664062,0,0.030517578125,-3061.0122680664062,0,0.0067636532717867959,0.1,0.0062,1,0,33
1766.875,0,3061.0122680664062,0,0,-3061.0122680664062,0,0.0067636542300675284,0.1,0.006,1,0,33
1767,0,3061.0122680664062,0,0,-3061.0122680664062,0,0.006763655170470062,0.1,0.0062,1,0,33
1767.125,0,3061.0160827636719,0,0.030517578125,-3061.0160827636719,0,0.0067632255328890223,0.1,0.006,1,0,33
1767.25,0,3061.0122680664062,0,-0.030517578125,-3061.0122680664062,0,0.0067636628639779067,0.1,0.0066,1,0,33
1767.375,0,3061.0160827636719,0,0.030517578125,-3061.0160827636719,0,0.0067632330828625992,0.1,0.006,1,0,33
1767.5,0,3061.0122680664062,0,-0.030517578125,-3061.0122680664062,0,0.0067636702730950737,0.1,0.0064,1,0,33
1767.625,0,3061.0084533691406,0,-0.030517578125,-3061.0084533691406,0,0.0067641014746290806,0.1,0.0066,1,0,33
1767.75,0,3061.0122680664062,0,0.030517578125,-3061.0122680664062,0,0.0067636656783152116,0.1,0.0068,1,0,33
1767.875,0,3061.0122680664062,0,0,-3061.0122680664062,0,0.006763666405133012,0.1,0.0068,1,0,33
1768,0,3061.0160827636719,0,0.030517578125,-3061.0160827636719,0,0.006763236557951996,0.1,0.0066,1,0,33
1768.125,0,3061.0160827636719,0,0,-3061.0160827636719,0,0.0067632431229124046,0.1,0.0064,1,0,33
1768.25,0,3061.0160827636719,0,0,-3061.0160827636719,0,0.0067632495653933422,0.1,0.0052,1,0,33
1768.375,0,3061.0160827636719,0,0,-3061.0160827636719,0,0.006763255887679856,0.1,0.0062,1,0,33
1768.5,0,3061.0122680664062,0,-0.030517578125,-3061.0122680664062,0,0.0067636926524532737,0.1,0.0076,1,0,33
1768.625,0,3061.0122680664062,0,0,-3061.0122680664062,0,0.0067636928760269055,0.1,0.0062,1,0,33
1768.75,0,3061.0122680664062,0,0,-3061.0122680664062,0,0.0067636930954294294,0.1,0.0052,1,0,33
1768.875,0,3061.0160827636719,0,0.030517578125,-3061.0160827636719,0,0.006763262750299745,0.1,0.0068,1,0,33
1769,0,3061.0160827636719,0,0,-3061.0160827636719,0,0.0067632688266014845,0.1,0.0058,1,0,33
1769.125,0,3061.0084533691406,0,-0.06103515625,-3061.0084533691406,0,0.006764135910418273,0.1,0.0062,1,0,33
1769.25,0,3061.0122680664062,0,0.030517578125,-3061.0122680664062,0,0.0067636994716516186,0.1,0.007,1,0,33
1769.375,0,3061.0160827636719,0,0.030517578125,-3061.0160827636719,0,0.0067632690075636742,0.1,0.0068,1,0,33
1769.5,0,3061.0122680664062,0,-0.030517578125,-3061.0122680664062,0,0.0067637055275654168,0.1,0.0062,1,0,33
1769.625,0,3061.0198974609375,0,0.06103515625,-3061.0198974609375,0,0.0067628443900560886,0.1,0.0066,1,0,33
1769.75,0,3061.0160827636719,0,-0.030517578125,-3061.0160827636719,0,0.0067632866641927081,0.1,0.0066,1,0,33
1769.875,0,3061.0160827636719,0,0,-3061.0160827636719,0,0.0067632922943438728,0.1,0.0052,1,0,33
1770,0,3061.0122680664062,0,-0.030517578125,-3061.0122680664062,0,0.0067637283798947928,0.1,0.0072,1,0,33
1770.125,0,3061.0160827636719,0,0.030517578125,-3061.0160827636719,0,0.0067632973764789606,0.1,0.0058,1,0,33
1770.25,0,3061.0122680664062,0,-0.030517578125,-3061.0122680664062,0,0.0067637333672148081,0.1,0.0064,1,0,33
1770.375,0,3061.0084533691406,0,-0.030517578125,-3061.0084533691406,0,0.0067641633916306482,0.1,0.0062,1,0,33
1770.5,0,3061.0122680664062,0,0.030517578125,-3061.0122680664062,0,0.0067637264401595593,0.1,0.0076,1,0,33
1770.625,0,3061.0122680664062,0,0,-3061.0122680664062,0,0.0067637260333714005,0.1,0.0058,1,0,33
1770.75,0,3061.0160827636719,0,0.030517578125,-3061.0160827636719,0,0.0067632950737335773,0.1,0.0058,1,0,33
1770.875,0,3061.0084533691406,0,-0.06103515625,-3061.0084533691406,0,0.0067641616678696115,0.1,0.0052,1,0,33
1771,0,3061.0122680664062,0,0.030517578125,-3061.0122680664062,0,0.0067637247485579505,0.1,0.0062,1,0,33
1771.125,0,3061.0122680664062,0,0,-3061.0122680664062,0,0.0067637243733292274,0.1,0.0066,1,0,33
1771.25,0,3061.0084533691406,0,-0.030517578125,-3061.0084533691406,0,0.0067641545655398871,0.1,0.0068,1,0,33
1771.375,0,3061.0160827636719,0,0.06103515625,-3061.0160827636719,0,0.0067632872182942366,0.1,0.0066,1,0,33
1771.5,0,3061.0122680664062,0,-0.030517578125,-3061.0122680664062,0,0.0067637233985466949,0.1,0.0062,1,0,33
1771.625,0,3061.0122680664062,0,0,-3061.0122680664062,0,0.0067637230485045052,0.1,0.0058,1,0,33
1771.75,0,3061.0198974609375,0,0.06103515625,-3061.0198974609375,0,0.0067628615841150153,0.1,0.0062,1,0,33
1771.875,0,3061.0084533691406,0,-0.091552734375,-3061.0084533691406,0,0.0067641646583477683,0.1,0.0074,1,0,33
1772,0,3061.0122680664062,0,0.030517578125,-3061.0122680664062,0,0.0067637276832441251,0.1,0.0068,1,0,33
1772.125,0,3061.0160827636719,0,0.030517578125,-3061.0160827636719,0,0.0067632966928253824,0.1,0.0062,1,0,33
1772.25,0,3061.0160827636719,0,0,-3061.0160827636719,0,0.0067633021358769335,0.1,0.0052,1,0,33
1772.375,0,3061.0122680664062,0,-0.030517578125,-3061.0122680664062,0,0.0067637380378188644,0.1,0.007,1,0,33
1772.5,0,3061.0122680664062,0,0,-3061.0122680664062,0,0.0067637374146584661,0.1,0.0058,1,0,33
1772.625,0,3061.0084533691406,0,-0.030517578125,-3061.0084533691406,0,0.0067641673635630006,0.1,0.0066,1,0,33
1772.75,0,3061.0122680664062,0,0.030517578125,-3061.0122680664062,0,0.0067637303379893959,0.1,0.0062,1,0,33
1772.875,0,3061.0122680664062,0,0,-3061.0122680664062,0,0.0067637298584811989,0.1,0.006,1,0,33
1773,0,3061.0160827636719,0,0.030517578125,-3061.0160827636719,0,0.0067632988274800576,0.1,0.0064,1,0,33
1773.125,0,3061.0160827636719,0,0,-3061.0160827636719,0,0.0067633042307063268,0.1,0.0068,1,0,33
1773.25,0,3061.0084533691406,0,-0.06103515625,-3061.0084533691406,0,0.0067641706540049057,0.1,0.006,1,0,33
1773.375,0,3061.0122680664062,0,0.030517578125,-3061.0122680664062,0,0.0067637335670430176,0.1,0.0062,1,0,33
1773.5,0,3061.0084533691406,0,-0.030517578125,-3061.0084533691406,0,0.0067641635877307565,0.1,0.0062,1,0,33
1773.625,0,3061.0084533691406,0,0,-3061.0084533691406,0,0.0067641571930400352,0.1,0.006,1,0,33
1773.75,0,3061.0198974609375,0,0.091552734375,-3061.0198974609375,0,0.00676285923633535,0.1,0.0056,1,0,33
1773.875,0,3061.0084533691406,0,-0.091552734375,-3061.0084533691406,0,0.0067641623543695517,0.1,0.0064,1,0,33
1774,0,3061.0084533691406,0,0,-3061.0084533691406,0,0.0067641559826890907,0.1,0.006,1,0,33
1774.125,0,3061.0084533691406,0,0,-3061.0084533691406,0,0.0067641497298821518,0.1,0.0056,1,0,33
1774.25,0,3061.004638671875,0,-0.030517578125,-3061.004638671875,0,0.0067645741541698945,0.1,0.0066,1,0,33
1774.375,0,3061.0160827636719,0,0.091552734375,-3061.0160827636719,0,0.0067632705861719183,0.1,0.0052,1,0,33
1774.5,0,3061.0122680664062,0,-0.030517578125,-3061.0122680664062,0,0.006763707076722289,0.1,0.007,1,0,33
1774.625,0,3061.0122680664062,0,0,-3061.0122680664062,0,0.0067637070311889341,0.1,0.0064,1,0,33
1774.75,0,3061.0122680664062,0,0,-3061.0122680664062,0,0.0067637069865050664,0.1,0.0054,1,0,33
1774.875,0,3061.004638671875,0,-0.06103515625,-3061.004638671875,0,0.0067645680635326777,0.1,0.007,1,0,33
1775,0,3061.0084533691406,0,0.030517578125,-3061.0084533691406,0,0.0067641257300427582,0.1,0.0058,1,0,33
1775.125,0,3061.0084533691406,0,0,-3061.0084533691406,0,0.00676412004164563,0.1,0.0058,1,0,33
1775.25,0,3061.0084533691406,0,0,-3061.0084533691406,0,0.0067641144593743319,0.1,0.0062,1,0,33
1775.375,0,3061.0122680664062,0,0.030517578125,-3061.0122680664062,0,0.006763678420810007,0.1,0.0068,1,0,33
1775.5,0,3061.0122680664062,0,0,-3061.0122680664062,0,0.006763678909896903,0.1,0.0068,1,0,33
1775.625,0,3061.0122680664062,0,0,-3061.0122680664062,0,0.00676367938985914,0.1,0.0062,1,0,33
1775.75,0,3061.0122680664062,0,0,-3061.0122680664062,0,0.0067636798608669418,0.1,0.0064,1,0,33
1775.875,0,3061.0160827636719,0,0.030517578125,-3061.0160827636719,0,0.0067632497626484434,0.1,0.0064,1,0,33
1776,0,3061.0122680664062,0,-0.030517578125,-3061.0122680664062,0,0.0067636866416937724,0.1,0.0062,1,0,33
1776.125,0,3061.0084533691406,0,-0.030517578125,-3061.0084533691406,0,0.0067641175378463092,0.1,0.007,1,0,33
1776.25,0,3061.0122680664062,0,0.030517578125,-3061.0122680664062,0,0.0067636814418483293,0.1,0.0062,1,0,33
1776.375,0,3061.0160827636719,0,0.030517578125,-3061.0160827636719,0,0.0067632513141341888,0.1,0.0062,1,0,33
1776.5,0,3061.0122680664062,0,-0.030517578125,-3061.0122680664062,0,0.0067636881642341579,0.1,0.0078,1,0,33
1776.625,0,3061.0122680664062,0,0,-3061.0122680664062,0,0.0067636884715424478,0.1,0.0058,1,0,33
1776.75,0,3061.0084533691406,0,-0.030517578125,-3061.0084533691406,0,0.0067641193335563343,0.1,0.0058,1,0,33
1776.875,0,3061.0084533691406,0,0,-3061.0084533691406,0,0.0067641137644955246,0.1,0.0064,1,0,33
1777,0,3061.0084533691406,0,0,-3061.0084533691406,0,0.0067641082993341456,0.1,0.0068,1,0,33
1777.125,0,3061.0122680664062,0,0.030517578125,-3061.0122680664062,0,0.0067636723756948763,0.1,0.0062,1,0,33
1777.25,0,3061.0084533691406,0,-0.030517578125,-3061.0084533691406,0,0.0067641035380016368,0.1,0.0062,1,0,33
1777.375,0,3061.0084533691406,0,0,-3061.0084533691406,0,0.00676409826363128,0.1,0.0056,1,0,33
1777.5,0,3061.0122680664062,0,0.030517578125,-3061.0122680664062,0,0.0067636625272235323,0.1,0.0052,1,0,33
1777.625,0,3061.0122680664062,0,0,-3061.0122680664062,0,0.0067636633128298207,0.1,0.006,1,0,33
1777.75,0,3061.0122680664062,0,0,-3061.0122680664062,0,0.0067636640837794026,0.1,0.0054,1,0,33
1777.875,0,3061.0084533691406,0,-0.030517578125,-3061.0084533691406,0,0.0067640954007846532,0.1,0.0068,1,0,33
1778,0,3061.0122680664062,0,0.030517578125,-3061.0122680664062,0,0.0067636597177877233,0.1,0.0052,1,0,33
1778.125,0,3061.0122680664062,0,0,-3061.0122680664062,0,0.0067636605558083623,0.1,0.0062,1,0,33
1778.25,0,3061.0122680664062,0,0,-3061.0122680664062,0,0.0067636613781944382,0.1,0.006,1,0,33
1778.375,0,3061.0122680664062,0,0,-3061.0122680664062,0,0.0067636621852376344,0.1,0.0066,1,0,33
1778.5,0,3061.0122680664062,0,0,-3061.0122680664062,0,0.0067636629772241941,0.1,0.0058,1,0,33
1778.625,0,3061.0122680664062,0,0,-3061.0122680664062,0,0.0067636637544350176,0.1,0.0058,1,0,33
1778.75,0,3061.0084533691406,0,-0.030517578125,-3061.0084533691406,0,0.0067640950775846864,0.1,0.0064,1,0,33
1778.875,0,3061.0084533691406,0,0,-3061.0084533691406,0,0.0067640899610564575,0.1,0.006,1,0,33
1779,0,3061.0122680664062,0,0.030517578125,-3061.0122680664062,0,0.0067636543795460552,0.1,0.0066,1,0,33
1779.125,0,3061.0122680664062,0,0,-3061.0122680664062,0,0.0067636553171598335,0.1,0.0056,1,0,33
1779.25,0,3061.0084533691406,0,-0.030517578125,-3061.0084533691406,0,0.0067640867977198926,0.1,0.0064,1,0,33
1779.375,0,3061.0198974609375,0,0.091552734375,-3061.0198974609375,0,0.0067627901543485247,0.1,0.0068,1,0,33
1779.5,0,3061.0084533691406,0,-0.091552734375,-3061.0084533691406,0,0.0067640945612137959,0.1,0.0072,1,0,33
1779.625,0,3061.0122680664062,0,0.030517578125,-3061.0122680664062,0,0.0067636588938803505,0.1,0.0054,1,0,33
1779.75,0,3061.0122680664062,0,0,-3061.0122680664062,0,0.0067636597472722632,0.1,0.0066,1,0,33
1779.875,0,3061.0122680664062,0,0,-3061.0122680664062,0,0.0067636605847428283,0.1,0.0066,1,0,33
1780,0,3061.0122680664062,0,0,-3061.0122680664062,0,0.006763661406589086,0.1,0.0058,1,0,33
1780.125,0,3061.0160827636719,0,0.030517578125,-3061.0160827636719,0,0.006763231652663626,0.1,0.0066,1,0,33
1780.25,0,3061.0122680664062,0,-0.030517578125,-3061.0122680664062,0,0.0067636688695786734,0.1,0.0062,1,0,33
1780.375,0,3061.0198974609375,0,0.06103515625,-3061.0198974609375,0,0.0067628084159806479,0.1,0.0064,1,0,33
1780.5,0,3061.0122680664062,0,-0.06103515625,-3061.0122680664062,0,0.0067636819217080785,0.1,0.005,1,0,33
1780.625,0,3061.0122680664062,0,0,-3061.0122680664062,0,0.0067636823454803319,0.1,0.0064,1,0,33
1780.75,0,3061.0160827636719,0,0.030517578125,-3061.0160827636719,0,0.006763252200907538,0.1,0.0068,1,0,33
1780.875,0,3061.0122680664062,0,-0.030517578125,-3061.0122680664062,0,0.00676368903446338,0.1,0.0066,1,0,33
1781,0,3061.0122680664062,0,0,-3061.0122680664062,0,0.0067636893255361985,0.1,0.006,1,0,33
1781.125,0,3061.0084533691406,0,-0.030517578125,-3061.0084533691406,0,0.0067641201716175242,0.1,0.0062,1,0,33
1781.25,0,3061.0122680664062,0,0.030517578125,-3061.0122680664062,0,0.0067636840264824749,0.1,0.007,1,0,33
1781.375,0,3061.0122680664062,0,0,-3061.0122680664062,0,0.0067636844109869032,0.1,0.0066,1,0,33
1781.5,0,3061.0122680664062,0,0,-3061.0122680664062,0,0.0067636847883178058,0.1,0.0072,1,0,33
1781.625,0,3061.0084533691406,0,-0.030517578125,-3061.0084533691406,0,0.0067641157190479334,0.1,0.0064,1,0,33
1781.75,0,3061.0084533691406,0,0,-3061.0084533691406,0,0.0067641102174213624,0.1,0.0052,1,0,33
1781.875,0,3061.0122680664062,0,0.030517578125,-3061.0122680664062,0,0.0067636742579972042,0.1,0.0054,1,0,33
1782,0,3061.0084533691406,0,-0.030517578125,-3061.0084533691406,0,0.0067641053851867222,0.1,0.0072,1,0,33
1782.125,0,3061.0122680664062,0,0.030517578125,-3061.0122680664062,0,0.0067636695159153659,0.1,0.0068,1,0,33
1782.25,0,3061.0122680664062,0,0,-3061.0122680664062,0,0.0067636701711368263,0.1,0.0074,1,0,33
1782.375,0,3061.0084533691406,0,-0.030517578125,-3061.0084533691406,0,0.00676410137457302,0.1,0.0064,1,0,33
1782.5,0,3061.0084533691406,0,0,-3061.0084533691406,0,0.0067640961405647654,0.1,0.0046,1,0,33
1782.625,0,3061.004638671875,0,-0.030517578125,-3061.004638671875,0,0.0067645215646439244,0.1,0.0054,1,0,33
1782.75,0,3061.004638671875,0,0,-3061.004638671875,0,0.0067645106591014414,0.1,0.0068,1,0,33
1782.875,0,3061.0122680664062,0,0.06103515625,-3061.0122680664062,0,0.0067636388361408672,0.1,0.0068,1,0,33
1783,0,3061.0122680664062,0,0,-3061.0122680664062,0,0.0067636400637408611,0.1,0.0066,1,0,33
1783.125,0,3061.0122680664062,0,0,-3061.0122680664062,0,0.0067636412684380781,0.1,0.0062,1,0,33
1783.25,0,3061.0084533691406,0,-0.030517578125,-3061.0084533691406,0,0.0067640730110987285,0.1,0.0066,1,0,33
1783.375,0,3061.0084533691406,0,0,-3061.0084533691406,0,0.0067640683062548529,0.1,0.006,1,0,33
1783.5,0,3061.0084533691406,0,0,-3061.0084533691406,0,0.006764063689187097,0.1,0.0064,1,0,33
1783.625,0,3061.0122680664062,0,0.030517578125,-3061.0122680664062,0,0.0067636285978189548,0.1,0.0062,1,0,33
1783.75,0,3061.0084533691406,0,-0.030517578125,-3061.0084533691406,0,0.0067640605768695544,0.1,0.0072,1,0,33
1783.875,0,3061.0122680664062,0,0.030517578125,-3061.0122680664062,0,0.0067636255435664927,0.1,0.005,1,0,33
1784,0,3061.0122680664062,0,0,-3061.0122680664062,0,0.0067636270191599734,0.1,0.0064,1,0,33
1784.125,0,3061.004638671875,0,-0.06103515625,-3061.004638671875,0,0.0067644895881018019,0.1,0.006,1,0,33
1784.25,0,3061.0084533691406,0,0.030517578125,-3061.0084533691406,0,0.0067640487186921561,0.1,0.0058,1,0,33
1784.375,0,3061.0084533691406,0,0,-3061.0084533691406,0,0.0067640444670606092,0.1,0.0058,1,0,33
1784.5,0,3061.0122680664062,0,0.030517578125,-3061.0122680664062,0,0.0067636097343108936,0.1,0.0062,1,0,33
1784.625,0,3061.0084533691406,0,-0.030517578125,-3061.0084533691406,0,0.0067640420652893413,0.1,0.0068,1,0,33
1784.75,0,3061.0084533691406,0,0,-3061.0084533691406,0,0.0067640379377872928,0.1,0.0068,1,0,33
1784.875,0,3061.004638671875,0,-0.030517578125,-3061.004638671875,0,0.0067644644477290738,0.1,0.007,1,0,33
1785,0,3061.0122680664062,0,0.06103515625,-3061.0122680664062,0,0.0067635934869129527,0.1,0.0064,1,0,33
1785.125,0,3061.0122680664062,0,0,-3061.0122680664062,0,0.006763595560572766,0.1,0.0054,1,0,33
1785.25,0,3061.0084533691406,0,-0.030517578125,-3061.0084533691406,0,0.0067640281559841753,0.1,0.007,1,0,33
1785.375,0,3061.0084533691406,0,0,-3061.0084533691406,0,0.0067640242879816737,0.1,0.0056,1,0,33
1785.5,0,3061.0084533691406,0,0,-3061.0084533691406,0,0.0067640204921427388,0.1,0.0058,1,0,33
1785.625,0,3061.004638671875,0,-0.030517578125,-3061.004638671875,0,0.0067644473275599443,0.1,0.0064,1,0,33
1785.75,0,3061.0084533691406,0,0.030517578125,-3061.0084533691406,0,0.0067640072465859208,0.1,0.0052,1,0,33
1785.875,0,3061.0122680664062,0,0.030517578125,-3061.0122680664062,0,0.0067635732082415995,0.1,0.0056,1,0,33
1786,0,3061.0084533691406,0,-0.030517578125,-3061.0084533691406,0,0.006764006220670235,0.1,0.007,1,0,33
1786.125,0,3061.0084533691406,0,0,-3061.0084533691406,0,0.0067640027619048776,0.1,0.0072,1,0,33
1786.25,0,3061.0122680664062,0,0.030517578125,-3061.0122680664062,0,0.0067635688072292116,0.1,0.0056,1,0,33
1786.375,0,3061.0084533691406,0,-0.030517578125,-3061.0084533691406,0,0.006764001901765529,0.1,0.0064,1,0,33
1786.5,0,3061.0084533691406,0,0,-3061.0084533691406,0,0.0067639985235759953,0.1,0.0072,1,0,33
1786.625,0,3061.0160827636719,0,0.06103515625,-3061.0160827636719,0,0.00676313408753397,0.1,0.0064,1,0,33
1786.75,0,3061.0122680664062,0,-0.030517578125,-3061.0122680664062,0,0.0067635731246770692,0.1,0.0058,1,0,33
1786.875,0,3061.0084533691406,0,-0.030517578125,-3061.0084533691406,0,0.0067640061386647354,0.1,0.0066,1,0,33
1787,0,3061.0084533691406,0,0,-3061.0084533691406,0,0.0067640026814293069,0.1,0.007,1,0,33
1787.125,0,3061.0160827636719,0,0.06103515625,-3061.0160827636719,0,0.006763138167816124,0.1,0.0056,1,0,33
1787.25,0,3061.0084533691406,0,-0.06103515625,-3061.0084533691406,0,0.0067640076892741818,0.1,0.0054,1,0,33
1787.375,0,3061.0084533691406,0,0,-3061.0084533691406,0,0.0067640042031097414,0.1,0.0066,1,0,33
1787.5,0,3061.0122680664062,0,0.030517578125,-3061.0122680664062,0,0.0067635702215461668,0.1,0.0052,1,0,33
1787.625,0,3061.0122680664062,0,0,-3061.0122680664062,0,0.0067635727292573028,0.1,0.0068,1,0,33
1787.75,0,3061.0160827636719,0,0.030517578125,-3061.0160827636719,0,0.006763144629744311,0.1,0.0068,1,0,33
1787.875,0,3061.0160827636719,0,0,-3061.0160827636719,0,0.0067631529097672977,0.1,0.0058,1,0,33
1788,0,3061.0160827636719,0,0,-3061.0160827636719,0,0.0067631610353136723,0.1,0.0066,1,0,33
1788.125,0,3061.004638671875,0,-0.091552734375,-3061.004638671875,0,0.0067644606905821886,0.1,0.006,1,0,33
1788.25,0,3061.0122680664062,0,0.06103515625,-3061.0122680664062,0,0.0067635897998614414,0.1,0.0068,1,0,33
1788.375,0,3061.0160827636719,0,0.030517578125,-3061.0160827636719,0,0.0067631613818699837,0.1,0.0052,1,0,33
1788.5,0,3061.0160827636719,0,0,-3061.0160827636719,0,0.00676316934935621,0.1,0.0052,1,0,33
1788.625,0,3061.0160827636719,0,0,-3061.0160827636719,0,0.0067631771681966879,0.1,0.0072,1,0,33
1788.75,0,3061.0160827636719,0,0,-3061.0160827636719,0,0.0067631848411646295,0.1,0.0066,1,0,33
1788.875,0,3061.0122680664062,0,-0.030517578125,-3061.0122680664062,0,0.0067636229314204238,0.1,0.0062,1,0,33
1789,0,3061.0160827636719,0,0.030517578125,-3061.0160827636719,0,0.0067631938953086057,0.1,0.007,1,0,33
1789.125,0,3061.0160827636719,0,0,-3061.0160827636719,0,0.0067632012562064692,0.1,0.0068,1,0,33
1789.25,0,3061.0122680664062,0,-0.030517578125,-3061.0122680664062,0,0.0067636390402143337,0.1,0.0062,1,0,33
1789.375,0,3061.0160827636719,0,0.030517578125,-3061.0160827636719,0,0.0067632097035680988,0.1,0.0054,1,0,33
1789.5,0,3061.0122680664062,0,-0.030517578125,-3061.0122680664062,0,0.00676364732997739,0.1,0.0062,1,0,33
1789.625,0,3061.0160827636719,0,0.030517578125,-3061.0160827636719,0,0.0067632178386728414,0.1,0.007,1,0,33
1789.75,0,3061.0122680664062,0,-0.030517578125,-3061.0122680664062,0,0.0067636553133092053,0.1,0.0068,1,0,33
1789.875,0,3061.0122680664062,0,0,-3061.0122680664062,0,0.0067636562335021966,0.1,0.0058,1,0,33
1790,0,3061.0122680664062,0,0,-3061.0122680664062,0,0.0067636571365275594,0.1,0.0062,1,0,33
1790.125,0,3061.0122680664062,0,0,-3061.0122680664062,0,0.0067636580227055931,0.1,0.007,1,0,33
1790.25,0,3061.0122680664062,0,0,-3061.0122680664062,0,0.0067636588923506158,0.1,0.0054,1,0,33
1790.375,0,3061.0122680664062,0,0,-3061.0122680664062,0,0.0067636597457710612,0.1,0.006,1,0,33
1790.5,0,3061.0122680664062,0,0,-3061.0122680664062,0,0.0067636605832696317,0.1,0.0072,1,0,33
1790.625,0,3061.0160827636719,0,0.030517578125,-3061.0160827636719,0,0.0067632308447044681,0.1,0.0064,1,0,33
1790.75,0,3061.0084533691406,0,-0.06103515625,-3061.0084533691406,0,0.0067640986371321488,0.1,0.005,1,0,33
1790.875,0,3061.0122680664062,0,0.030517578125,-3061.0122680664062,0,0.006763662893756156,0.1,0.0064,1,0,33
1791,0,3061.0160827636719,0,0.030517578125,-3061.0160827636719,0,0.0067632331120852929,0.1,0.006,1,0,33
1791.125,0,3061.0122680664062,0,-0.030517578125,-3061.0122680664062,0,0.0067636703017725786,0.1,0.0062,1,0,33
1791.25,0,3061.0084533691406,0,-0.030517578125,-3061.0084533691406,0,0.006764101502771569,0.1,0.0066,1,0,33
1791.375,0,3061.0122680664062,0,0.030517578125,-3061.0122680664062,0,0.0067636657059326616,0.1,0.0068,1,0,33
1791.5,0,3061.0084533691406,0,-0.030517578125,-3061.0084533691406,0,0.0067640969926741346,0.1,0.007,1,0,33
1791.625,0,3061.0122680664062,0,0.030517578125,-3061.0122680664062,0,0.0067636612799780449,0.1,0.0066,1,0,33
1791.75,0,3061.0122680664062,0,0,-3061.0122680664062,0,0.0067636620888536225,0.1,0.0048,1,0,33
1791.875,0,3061.0084533691406,0,-0.030517578125,-3061.0084533691406,0,0.006764093443077282,0.1,0.0066,1,0,33
1792,0,3061.0122680664062,0,0.030517578125,-3061.0122680664062,0,0.0067636577966044,0.1,0.0078,1,0,33
1792.125,0,3061.0122680664062,0,0,-3061.0122680664062,0,0.0067636586704676871,0.1,0.0056,1,0,33
1792.25,0,3061.0122680664062,0,0,-3061.0122680664062,0,0.00676365952802771,0.1,0.0062,1,0,33
1792.375,0,3061.0122680664062,0,0,-3061.0122680664062,0,0.0067636603695886144,0.1,0.0064,1,0,33
1792.5,0,3061.0122680664062,0,0,-3061.0122680664062,0,0.0067636611954489112,0.1,0.0054,1,0,33
1792.625,0,3061.0084533691406,0,-0.030517578125,-3061.0084533691406,0,0.0067640925663404183,0.1,0.006,1,0,33
1792.75,0,3061.0084533691406,0,0,-3061.0084533691406,0,0.0067640874966633374,0.1,0.0048,1,0,33
1792.875,0,3061.0122680664062,0,0.030517578125,-3061.0122680664062,0,0.0067636519611299906,0.1,0.0064,1,0,33
1793,0,3061.0160827636719,0,0.030517578125,-3061.0160827636719,0,0.006763222383424139,0.1,0.0064,1,0,33
1793.125,0,3061.0122680664062,0,-0.030517578125,-3061.0122680664062,0,0.0067636597732711468,0.1,0.0058,1,0,33
1793.25,0,3061.0160827636719,0,0.030517578125,-3061.0160827636719,0,0.0067632300498177561,0.1,0.0064,1,0,33
1793.375,0,3061.0160827636719,0,0,-3061.0160827636719,0,0.006763236736197456,0.1,0.007,1,0,33
1793.5,0,3061.0084533691406,0,-0.06103515625,-3061.0084533691406,0,0.0067641044187102539,0.1,0.006,1,0,33
1793.625,0,3061.0122680664062,0,0.030517578125,-3061.0122680664062,0,0.006763668567470002,0.1,0.006,1,0,33
1793.75,0,3061.0198974609375,0,0.06103515625,-3061.0198974609375,0,0.0067628081195082873,0.1,0.0064,1,0,33
1793.875,0,3061.0084533691406,0,-0.091552734375,-3061.0084533691406,0,0.0067641121912057761,0.1,0.007,1,0,33
1794,0,3061.0122680664062,0,0.030517578125,-3061.0122680664062,0,0.00676367619495763,0.1,0.0062,1,0,33
1794.125,0,3061.0122680664062,0,0,-3061.0122680664062,0,0.0067636767255712382,0.1,0.0068,1,0,33
1794.25,0,3061.0160827636719,0,0.030517578125,-3061.0160827636719,0,0.006763246685846519,0.1,0.0058,1,0,33
1794.375,0,3061.0122680664062,0,-0.030517578125,-3061.0122680664062,0,0.0067636836222943475,0.1,0.007,1,0,33
1794.5,0,3061.0122680664062,0,0,-3061.0122680664062,0,0.0067636840143395355,0.1,0.007,1,0,33
1794.625,0,3061.0122680664062,0,0,-3061.0122680664062,0,0.0067636843990705187,0.1,0.0066,1,0,33
1794.75,0,3061.0122680664062,0,0,-3061.0122680664062,0,0.0067636847766237435,0.1,0.0062,1,0,33
1794.875,0,3061.0122680664062,0,0,-3061.0122680664062,0,0.0067636851471331305,0.1,0.0078,1,0,33
1795,0,3061.0122680664062,0,0,-3061.0122680664062,0,0.0067636855107300886,0.1,0.0058,1,0,33
1795.125,0,3061.0122680664062,0,0,-3061.0122680664062,0,0.0067636858675435979,0.1,0.0056,1,0,33
1795.25,0,3061.0084533691406,0,-0.030517578125,-3061.0084533691406,0,0.0067641167781391093,0.1,0.0056,1,0,33
1795.375,0,3061.0160827636719,0,0.06103515625,-3061.0160827636719,0,0.0067632501358757258,0.1,0.006,1,0,33
1795.5,0,3061.0160827636719,0,0,-3061.0160827636719,0,0.0067632564475190171,0.1,0.0066,1,0,33
1795.625,0,3061.0122680664062,0,-0.030517578125,-3061.0122680664062,0,0.0067636932018477758,0.1,0.0066,1,0,33
1795.75,0,3061.0122680664062,0,0,-3061.0122680664062,0,0.0067636934151716066,0.1,0.0064,1,0,33
1795.875,0,3061.0122680664062,0,0,-3061.0122680664062,0,0.0067636936245155516,0.1,0.0064,1,0,33
1796,0,3061.0122680664062,0,0,-3061.0122680664062,0,0.0067636938299538707,0.1,0.0054,1,0,33
1796.125,0,3061.0084533691406,0,-0.030517578125,-3061.0084533691406,0,0.0067641245919983356,0.1,0.0072,1,0,33
1796.25,0,3061.0122680664062,0,0.030517578125,-3061.0122680664062,0,0.0067636883643942686,0.1,0.0062,1,0,33
1796.375,0,3061.0160827636719,0,0.030517578125,-3061.0160827636719,0,0.0067632581075293546,0.1,0.0054,1,0,33
1796.5,0,3061.0160827636719,0,0,-3061.0160827636719,0,0.00676326427044914,0.1,0.0066,1,0,33
1796.625,0,3061.0122680664062,0,-0.030517578125,-3061.0122680664062,0,0.0067637008788290626,0.1,0.007,1,0,33
1796.75,0,3061.0160827636719,0,0.030517578125,-3061.0160827636719,0,0.0067632703884880491,0.1,0.0064,1,0,33
1796.875,0,3061.0160827636719,0,0,-3061.0160827636719,0,0.006763276322287598,0.1,0.0068,1,0,33
1797,0,3061.0160827636719,0,0,-3061.0160827636719,0,0.006763282145382965,0.1,0.006,1,0,33
1797.125,0,3061.0160827636719,0,0,-3061.0160827636719,0,0.006763287859839498,0.1,0.0062,1,0,33
1797.25,0,3061.0198974609375,0,0.030517578125,-3061.0198974609375,0,0.0067628629072450652,0.1,0.0074,1,0,33
1797.375,0,3061.0198974609375,0,0,-3061.0198974609375,0,0.0067628742754759913,0.1,0.0062,1,0,33
1797.5,0,3061.0160827636719,0,-0.030517578125,-3061.0160827636719,0,0.0067633159920539865,0.1,0.0054,1,0,33
1797.625,0,3061.0122680664062,0,-0.030517578125,-3061.0122680664062,0,0.0067637516354875638,0.1,0.0058,1,0,33
1797.75,0,3061.0084533691406,0,-0.030517578125,-3061.0084533691406,0,0.0067641813190805894,0.1,0.0072,1,0,33
1797.875,0,3061.0160827636719,0,0.06103515625,-3061.0160827636719,0,0.0067633134727063532,0.1,0.0056,1,0,33
1798,0,3061.0084533691406,0,-0.06103515625,-3061.0084533691406,0,0.0067641797235811624,0.1,0.0058,1,0,33
1798.125,0,3061.0160827636719,0,0.06103515625,-3061.0160827636719,0,0.006763311906973421,0.1,0.0074,1,0,33
1798.25,0,3061.0122680664062,0,-0.030517578125,-3061.0122680664062,0,0.0067637476266204782,0.1,0.007,1,0,33
1798.375,0,3061.0198974609375,0,0.06103515625,-3061.0198974609375,0,0.0067628857036883122,0.1,0.007,1,0,33
1798.5,0,3061.0160827636719,0,-0.030517578125,-3061.0160827636719,0,0.0067633272070553724,0.1,0.0066,1,0,33
1798.625,0,3061.0198974609375,0,0.030517578125,-3061.0198974609375,0,0.0067629015203779091,0.1,0.0058,1,0,33
1798.75,0,3061.0084533691406,0,-0.091552734375,-3061.0084533691406,0,0.0067642038495380474,0.1,0.0066,1,0,33
1798.875,0,3061.0122680664062,0,0.030517578125,-3061.0122680664062,0,0.0067637661432622675,0.1,0.0066,1,0,33
1799,0,3061.0122680664062,0,0,-3061.0122680664062,0,0.006763764995751459,0.1,0.007,1,0,33
1799.125,0,3061.0122680664062,0,0,-3061.0122680664062,0,0.0067637638696492336,0.1,0.0056,1,0,33
1799.25,0,3061.0160827636719,0,0.030517578125,-3061.0160827636719,0,0.0067633322041172617,0.1,0.0062,1,0,33
1799.375,0,3061.0122680664062,0,-0.030517578125,-3061.0122680664062,0,0.0067637675450897689,0.1,0.0068,1,0,33
1799.5,0,3061.0160827636719,0,0.030517578125,-3061.0160827636719,0,0.0067633358109867869,0.1,0.007,1,0,33
1799.625,0,3061.0122680664062,0,-0.030517578125,-3061.0122680664062,0,0.00676377108466758,0.1,0.007,1,0,33
1799.75,0,3061.0084533691406,0,-0.030517578125,-3061.0084533691406,0,0.0067642004054061372,0.1,0.0052,1,0,33
1799.875,0,3061.0122680664062,0,0.030517578125,-3061.0122680664062,0,0.0067637627633859582,0.1,0.0056,1,0,33
1800,0,3061.0122680664062,0,0,-3061.0122680664062,0,0.0067637616789319593,0.1,0.0068,1,0,33
1800.125,0,3061.0160827636719,0,0.030517578125,-3061.0160827636719,0,0.0067633300542711966,0.1,0.006,1,0,33
1800.25,0,3061.0122680664062,0,-0.030517578125,-3061.0122680664062,0,0.0067637654353524118,0.1,0.0066,1,0,33
1800.375,0,3061.0160827636719,0,0.030517578125,-3061.0160827636719,0,0.0067633337406098337,0.1,0.006,1,0,33
1800.5,0,3061.0122680664062,0,-0.030517578125,-3061.0122680664062,0,0.0067637690529167016,0.1,0.0068,1,0,33
1800.625,0,3061.0122680664062,0,0,-3061.0122680664062,0,0.006763767851121788,0.1,0.006,1,0,33
1800.75,0,3061.0122680664062,0,0,-3061.0122680664062,0,0.006763766671748217,0.1,0.0056,1,0,33
1800.875,0,3061.0160827636719,0,0.030517578125,-3061.0160827636719,0,0.006763334953938771,0.1,0.0062,1,0,33
1801,0,3061.0160827636719,0,0,-3061.0160827636719,0,0.0067633396831702081,0.1,0.0058,1,0,33
1801.125,0,3061.0122680664062,0,-0.030517578125,-3061.0122680664062,0,0.0067637748846094414,0.1,0.0066,1,0,33
1801.25,0,3061.0084533691406,0,-0.030517578125,-3061.0084533691406,0,0.0067642041344542214,0.1,0.006,1,0,33
1801.375,0,3061.0122680664062,0,0.030517578125,-3061.0122680664062,0,0.006763766422862888,0.1,0.0062,1,0,33
1801.5,0,3061.0084533691406,0,-0.030517578125,-3061.0084533691406,0,0.00676419583057461,0.1,0.0062,1,0,33
1801.625,0,3061.0122680664062,0,0.030517578125,-3061.0122680664062,0,0.0067637582739049629,0.1,0.006,1,0,33
1801.75,0,3061.0122680664062,0,0,-3061.0122680664062,0,0.0067637572732091589,0.1,0.0068,1,0,33
1801.875,0,3061.0084533691406,0,-0.030517578125,-3061.0084533691406,0,0.0067641868516217923,0.1,0.0072,1,0,33
1802,0,3061.004638671875,0,-0.030517578125,-3061.004638671875,0,0.006764610583346195,0.1,0.0068,1,0,33
1802.125,0,3061.0160827636719,0,0.091552734375,-3061.0160827636719,0,0.0067633063357057238,0.1,0.006,1,0,33
1802.25,0,3061.0122680664062,0,-0.030517578125,-3061.0122680664062,0,0.0067637421592933733,0.1,0.006,1,0,33
1802.375,0,3061.0160827636719,0,0.030517578125,-3061.0160827636719,0,0.0067633108988015972,0.1,0.0064,1,0,33
1802.5,0,3061.0160827636719,0,0,-3061.0160827636719,0,0.0067633160768187373,0.1,0.0058,1,0,33
1802.625,0,3061.0122680664062,0,-0.030517578125,-3061.0122680664062,0,0.0067637517186708851,0.1,0.0058,1,0,33
1802.75,0,3061.0160827636719,0,0.030517578125,-3061.0160827636719,0,0.0067633202798341729,0.1,0.0056,1,0,33
1802.875,0,3061.0122680664062,0,-0.030517578125,-3061.0122680664062,0,0.0067637558432725869,0.1,0.0074,1,0,33
1803,0,3061.0160827636719,0,0.030517578125,-3061.0160827636719,0,0.006763324327485068,0.1,0.007,1,0,33
1803.125,0,3061.0122680664062,0,-0.030517578125,-3061.0122680664062,0,0.0067637598154083045,0.1,0.0062,1,0,33
1803.25,0,3061.0084533691406,0,-0.030517578125,-3061.0084533691406,0,0.00676418934639228,0.1,0.006,1,0,33
1803.375,0,3061.0122680664062,0,0.030517578125,-3061.0122680664062,0,0.0067637519106950594,0.1,0.006,1,0,33
1803.5,0,3061.0122680664062,0,0,-3061.0122680664062,0,0.0067637510287147512,0.1,0.0062,1,0,33
1803.625,0,3061.0160827636719,0,0.030517578125,-3061.0160827636719,0,0.0067633196027502285,0.1,0.0054,1,0,33
1803.75,0,3061.0084533691406,0,-0.06103515625,-3061.0084533691406,0,0.0067641857392596039,0.1,0.0068,1,0,33
1803.875,0,3061.0122680664062,0,0.030517578125,-3061.0122680664062,0,0.00676374837085901,0.1,0.0068,1,0,33
1804,0,3061.0122680664062,0,0,-3061.0122680664062,0,0.0067637475549198051,0.1,0.0068,1,0,33
1804.125,0,3061.0160827636719,0,0.030517578125,-3061.0160827636719,0,0.0067633161937642877,0.1,0.0056,1,0,33
1804.25,0,3061.0122680664062,0,-0.030517578125,-3061.0122680664062,0,0.0067637518334346391,0.1,0.0066,1,0,33
1804.375,0,3061.0122680664062,0,0,-3061.0122680664062,0,0.0067637509528957473,0.1,0.0054,1,0,33
1804.5,0,3061.0122680664062,0,0,-3061.0122680664062,0,0.0067637500887846591,0.1,0.0068,1,0,33
1804.625,0,3061.0122680664062,0,0,-3061.0122680664062,0,0.0067637492407948974,0.1,0.007,1,0,33
1804.75,0,3061.0160827636719,0,0.030517578125,-3061.0160827636719,0,0.0067633178481867756,0.1,0.006,1,0,33
1804.875,0,3061.0122680664062,0,-0.030517578125,-3061.0122680664062,0,0.006763753456991331,0.1,0.0062,1,0,33
1805,0,3061.0122680664062,0,0,-3061.0122680664062,0,0.0067637525461624742,0.1,0.0068,1,0,33
1805.125,0,3061.0122680664062,0,0,-3061.0122680664062,0,0.0067637516523265384,0.1,0.0072,1,0,33
1805.25,0,3061.0122680664062,0,0,-3061.0122680664062,0,0.0067637507751664994,0.1,0.006,1,0,33
1805.375,0,3061.0122680664062,0,0,-3061.0122680664062,0,0.006763749914371231,0.1,0.0062,1,0,33
1805.5,0,3061.0122680664062,0,0,-3061.0122680664062,0,0.0067637490696354219,0.1,0.0058,1,0,33
1805.625,0,3061.0122680664062,0,0,-3061.0122680664062,0,0.0067637482406594646,0.1,0.0068,1,0,33
1805.75,0,3061.0122680664062,0,0,-3061.0122680664062,0,0.00676374742714933,0.1,0.0072,1,0,33
1805.875,0,3061.0160827636719,0,0.030517578125,-3061.0160827636719,0,0.0067633160683775728,0.1,0.0062,1,0,33
1806,0,3061.0160827636719,0,0,-3061.0160827636719,0,0.0067633211499482926,0.1,0.0058,1,0,33
1806.125,0,3061.0122680664062,0,-0.030517578125,-3061.0122680664062,0,0.0067637566971533863,0.1,0.0072,1,0,33
1806.25,0,3061.0122680664062,0,0,-3061.0122680664062,0,0.0067637557258743153,0.1,0.0064,1,0,33
1806.375,0,3061.0160827636719,0,0.030517578125,-3061.0160827636719,0,0.00676332421227703,0.1,0.006,1,0,33
1806.5,0,3061.0122680664062,0,-0.030517578125,-3061.0122680664062,0,0.0067637597023496587,0.1,0.0066,1,0,33
1806.625,0,3061.0160827636719,0,0.030517578125,-3061.0160827636719,0,0.0067633281145650925,0.1,0.007,1,0,33
1806.75,0,3061.0160827636719,0,0,-3061.0160827636719,0,0.0067633329713956,0.1,0.0048,1,0,33
1806.875,0,3061.0122680664062,0,-0.030517578125,-3061.0122680664062,0,0.0067637682980533492,0.1,0.0064,1,0,33
1807,0,3061.0122680664062,0,0,-3061.0122680664062,0,0.006763767110341587,0.1,0.0062,1,0,33
1807.125,0,3061.0122680664062,0,0,-3061.0122680664062,0,0.0067637659447884191,0.1,0.0062,1,0,33
1807.25,0,3061.0084533691406,0,-0.030517578125,-3061.0084533691406,0,0.0067641953614193534,0.1,0.0056,1,0,33
1807.375,0,3061.0122680664062,0,0.030517578125,-3061.0122680664062,0,0.0067637578135025245,0.1,0.0066,1,0,33
1807.5,0,3061.0160827636719,0,0.030517578125,-3061.0160827636719,0,0.0067633262609573253,0.1,0.0062,1,0,33
1807.625,0,3061.0122680664062,0,-0.030517578125,-3061.0122680664062,0,0.0067637617128086525,0.1,0.0054,1,0,33
1807.75,0,3061.0084533691406,0,-0.030517578125,-3061.0084533691406,0,0.0067641912083937078,0.1,0.0058,1,0,33
1807.875,0,3061.0160827636719,0,0.06103515625,-3061.0160827636719,0,0.0067633231775190705,0.1,0.0066,1,0,33
1808,0,3061.0122680664062,0,-0.030517578125,-3061.0122680664062,0,0.0067637586868967009,0.1,0.0062,1,0,33
1808.125,0,3061.0084533691406,0,-0.030517578125,-3061.0084533691406,0,0.0067641882389348068,0.1,0.0058,1,0,33
1808.25,0,3061.0122680664062,0,0.030517578125,-3061.0122680664062,0,0.00676375082389892,0.1,0.0068,1,0,33
1808.375,0,3061.0160827636719,0,0.030517578125,-3061.0160827636719,0,0.0067633194017555631,0.1,0.0066,1,0,33
1808.5,0,3061.0122680664062,0,-0.030517578125,-3061.0122680664062,0,0.0067637549815758868,0.1,0.0074,1,0,33
1808.625,0,3061.0122680664062,0,0,-3061.0122680664062,0,0.00676375404230356,0.1,0.005,1,0,33
1808.75,0,3061.0122680664062,0,0,-3061.0122680664062,0,0.0067637531205548,0.1,0.006,1,0,33
1808.875,0,3061.0084533691406,0,-0.030517578125,-3061.0084533691406,0,0.006764182776441599,0.1,0.0064,1,0,33
1809,0,3061.0122680664062,0,0.030517578125,-3061.0122680664062,0,0.0067637454633169558,0.1,0.0062,1,0,33
1809.125,0,3061.0122680664062,0,0,-3061.0122680664062,0,0.0067637447016224289,0.1,0.0066,1,0,33
1809.25,0,3061.0122680664062,0,0,-3061.0122680664062,0,0.0067637439541384931,0.1,0.0058,1,0,33
1809.375,0,3061.0160827636719,0,0.030517578125,-3061.0160827636719,0,0.0067633126601611138,0.1,0.0072,1,0,33
1809.5,0,3061.0122680664062,0,-0.030517578125,-3061.0122680664062,0,0.0067637483657562864,0.1,0.006,1,0,33
1809.625,0,3061.0084533691406,0,-0.030517578125,-3061.0084533691406,0,0.0067641781103511961,0.1,0.0048,1,0,33
1809.75,0,3061.0084533691406,0,0,-3061.0084533691406,0,0.0067641714447185808,0.1,0.007,1,0,33
1809.875,0,3061.0084533691406,0,0,-3061.0084533691406,0,0.0067641649034436285,0.1,0.006,1,0,33
1810,0,3061.0160827636719,0,0.06103515625,-3061.0160827636719,0,0.0067632973633284243,0.1,0.0066,1,0,33
1810.125,0,3061.0160827636719,0,0,-3061.0160827636719,0,0.0067633027938707041,0.1,0.0058,1,0,33
1810.25,0,3061.0122680664062,0,-0.030517578125,-3061.0122680664062,0,0.0067637386835367463,0.1,0.0064,1,0,33
1810.375,0,3061.0122680664062,0,0,-3061.0122680664062,0,0.0067637380483294846,0.1,0.0066,1,0,33
1810.5,0,3061.0084533691406,0,-0.030517578125,-3061.0084533691406,0,0.0067641679854119063,0.1,0.006,1,0,33
1810.625,0,3061.0084533691406,0,0,-3061.0084533691406,0,0.0067641615086756618,0.1,0.0062,1,0,33
1810.75,0,3061.0084533691406,0,0,-3061.0084533691406,0,0.0067641551527729271,0.1,0.007,1,0,33
1810.875,0,3061.0122680664062,0,0.030517578125,-3061.0122680664062,0,0.0067637183550104535,0.1,0.0064,1,0,33
1811,0,3061.0160827636719,0,0.030517578125,-3061.0160827636719,0,0.0067632875386243047,0.1,0.0064,1,0,33
1811.125,0,3061.0122680664062,0,-0.030517578125,-3061.0122680664062,0,0.0067637237129005157,0.1,0.006,1,0,33
1811.25,0,3061.0160827636719,0,0.030517578125,-3061.0160827636719,0,0.00676329279655466,0.1,0.006,1,0,33
1811.375,0,3061.0084533691406,0,-0.06103515625,-3061.0084533691406,0,0.0067641594331749738,0.1,0.0058,1,0,33
1811.5,0,3061.0122680664062,0,0.030517578125,-3061.0122680664062,0,0.0067637225555549907,0.1,0.0064,1,0,33
1811.625,0,3061.0122680664062,0,0,-3061.0122680664062,0,0.0067637222212401232,0.1,0.0068,1,0,33
1811.75,0,3061.0084533691406,0,-0.030517578125,-3061.0084533691406,0,0.0067641524536013187,0.1,0.0064,1,0,33
1811.875,0,3061.0084533691406,0,0,-3061.0084533691406,0,0.0067641462666349628,0.1,0.0058,1,0,33
1812,0,3061.0198974609375,0,0.091552734375,-3061.0198974609375,0,0.0067628485137792155,0.1,0.0068,1,0,33
1812.125,0,3061.0122680664062,0,-0.06103515625,-3061.0122680664062,0,0.006763721271420331,0.1,0.006,1,0,33
1812.25,0,3061.0122680664062,0,0,-3061.0122680664062,0,0.0067637209610629662,0.1,0.007,1,0,33
1812.375,0,3061.0122680664062,0,0,-3061.0122680664062,0,0.006763720656495803,0.1,0.0068,1,0,33
1812.5,0,3061.0198974609375,0,0.06103515625,-3061.0198974609375,0,0.0067628592367329349,0.1,0.0056,1,0,33
1812.625,0,3061.0122680664062,0,-0.06103515625,-3061.0122680664062,0,0.0067637317943208125,0.1,0.0066,1,0,33
1812.75,0,3061.0122680664062,0,0,-3061.0122680664062,0,0.0067637312876425021,0.1,0.0064,1,0,33
1812.875,0,3061.0122680664062,0,0,-3061.0122680664062,0,0.0067637307904170607,0.1,0.0072,1,0,33
1813,0,3061.0084533691406,0,-0.030517578125,-3061.0084533691406,0,0.0067641608629070427,0.1,0.006,1,0,33
1813.125,0,3061.0122680664062,0,0.030517578125,-3061.0122680664062,0,0.006763723958613202,0.1,0.0064,1,0,33
1813.25,0,3061.0122680664062,0,0,-3061.0122680664062,0,0.0067637235981221205,0.1,0.0062,1,0,33
1813.375,0,3061.0084533691406,0,-0.030517578125,-3061.0084533691406,0,0.0067641538047954614,0.1,0.0056,1,0,33
1813.5,0,3061.0084533691406,0,0,-3061.0084533691406,0,0.0067641475926204925,0.1,0.0066,1,0,33
1813.625,0,3061.0122680664062,0,0.030517578125,-3061.0122680664062,0,0.0067637109359043185,0.1,0.007,1,0,33
1813.75,0,3061.0122680664062,0,0,-3061.0122680664062,0,0.00676371081837196,0.1,0.0062,1,0,33
1813.875,0,3061.0160827636719,0,0.030517578125,-3061.0160827636719,0,0.0067632801425934336,0.1,0.006,1,0,33
1814,0,3061.0122680664062,0,-0.030517578125,-3061.0122680664062,0,0.0067637164548540185,0.1,0.0048,1,0,33
1814.125,0,3061.0198974609375,0,0.06103515625,-3061.0198974609375,0,0.0067628551134792519,0.1,0.0072,1,0,33
1814.25,0,3061.0084533691406,0,-0.091552734375,-3061.0084533691406,0,0.0067641583084317031,0.1,0.0068,1,0,33
1814.375,0,3061.0160827636719,0,0.06103515625,-3061.0160827636719,0,0.0067632908913566325,0.1,0.0064,1,0,33
1814.5,0,3061.0122680664062,0,-0.030517578125,-3061.0122680664062,0,0.0067637270030824481,0.1,0.006,1,0,33
1814.625,0,3061.0160827636719,0,0.030517578125,-3061.0160827636719,0,0.00676329602535318,0.1,0.006,1,0,33
1814.75,0,3061.0198974609375,0,0.030517578125,-3061.0198974609375,0,0.0067628709204184817,0.1,0.0066,1,0,33
1814.875,0,3061.0160827636719,0,-0.030517578125,-3061.0160827636719,0,0.0067633126995902543,0.1,0.0062,1,0,33
1815,0,3061.0160827636719,0,0,-3061.0160827636719,0,0.0067633178440109076,0.1,0.0054,1,0,33
1815.125,0,3061.0160827636719,0,0,-3061.0160827636719,0,0.0067633228924544458,0.1,0.0054,1,0,33
1815.25,0,3061.0160827636719,0,0,-3061.0160827636719,0,0.0067633278467114782,0.1,0.0066,1,0,33
1815.375,0,3061.0122680664062,0,-0.030517578125,-3061.0122680664062,0,0.0067637632689781235,0.1,0.0058,1,0,33
1815.5,0,3061.0122680664062,0,0,-3061.0122680664062,0,0.0067637621750915172,0.1,0.0064,1,0,33
1815.625,0,3061.0160827636719,0,0.030517578125,-3061.0160827636719,0,0.0067633305411741451,0.1,0.0058,1,0,33
1815.75,0,3061.0160827636719,0,0,-3061.0160827636719,0,0.0067633353527325191,0.1,0.006,1,0,33
1815.875,0,3061.0160827636719,0,0,-3061.0160827636719,0,0.0067633400745238381,0.1,0.0066,1,0,33
1816,0,3061.0160827636719,0,0,-3061.0160827636719,0,0.00676334470822286,0.1,0.0078,1,0,33
1816.125,0,3061.0160827636719,0,0,-3061.0160827636719,0,0.0067633492554730751,0.1,0.006,1,0,33
1816.25,0,3061.0160827636719,0,0,-3061.0160827636719,0,0.0067633537178873188,0.1,0.0056,1,0,33
1816.375,0,3061.0160827636719,0,0,-3061.0160827636719,0,0.0067633580970483387,0.1,0.0074,1,0,33
1816.5,0,3061.0122680664062,0,-0.030517578125,-3061.0122680664062,0,0.0067637929549482639,0.1,0.006,1,0,33
1816.625,0,3061.0198974609375,0,0.06103515625,-3061.0198974609375,0,0.0067629301863461888,0.1,0.0062,1,0,33
1816.75,0,3061.0160827636719,0,-0.030517578125,-3061.0160827636719,0,0.0067633708598206221,0.1,0.0066,1,0,33
1816.875,0,3061.0122680664062,0,-0.030517578125,-3061.0122680664062,0,0.0067638054796113345,0.1,0.0058,1,0,33
1817,0,3061.0084533691406,0,-0.030517578125,-3061.0084533691406,0,0.0067642341586591354,0.1,0.0058,1,0,33
1817.125,0,3061.0122680664062,0,0.030517578125,-3061.0122680664062,0,0.0067637958869199294,0.1,0.0058,1,0,33
1817.25,0,3061.0198974609375,0,0.06103515625,-3061.0198974609375,0,0.0067629330636174018,0.1,0.006,1,0,33
1817.375,0,3061.0198974609375,0,0,-3061.0198974609375,0,0.0067629431229729309,0.1,0.007,1,0,33
1817.5,0,3061.0122680664062,0,-0.06103515625,-3061.0122680664062,0,0.0067638141155335479,0.1,0.0058,1,0,33
1817.625,0,3061.0160827636719,0,0.030517578125,-3061.0160827636719,0,0.0067633815125870689,0.1,0.0054,1,0,33
1817.75,0,3061.0160827636719,0,0,-3061.0160827636719,0,0.0067633853731950688,0.1,0.0062,1,0,33
1817.875,0,3061.0160827636719,0,0,-3061.0160827636719,0,0.006763389161777475,0.1,0.0058,1,0,33
1818,0,3061.0160827636719,0,0,-3061.0160827636719,0,0.0067633928796780318,0.1,0.0072,1,0,33
1818.125,0,3061.0160827636719,0,0,-3061.0160827636719,0,0.0067633965282154207,0.1,0.0058,1,0,33
1818.25,0,3061.0160827636719,0,0,-3061.0160827636719,0,0.0067634001086837037,0.1,0.0074,1,0,33
1818.375,0,3061.0122680664062,0,-0.030517578125,-3061.0122680664062,0,0.0067638341827917364,0.1,0.0064,1,0,33
1818.5,0,3061.0122680664062,0,0,-3061.0122680664062,0,0.0067638317658985092,0.1,0.0056,1,0,33
1818.625,0,3061.0160827636719,0,0.030517578125,-3061.0160827636719,0,0.0067633988336572443,0.1,0.0068,1,0,33
1818.75,0,3061.0160827636719,0,0,-3061.0160827636719,0,0.0067634023711139607,0.1,0.0056,1,0,33
1818.875,0,3061.0198974609375,0,0.030517578125,-3061.0198974609375,0,0.0067629752821349864,0.1,0.0064,1,0,33
1819,0,3061.0084533691406,0,-0.091552734375,-3061.0084533691406,0,0.006764276235155714,0.1,0.006,1,0,33
1819.125,0,3061.0160827636719,0,0.06103515625,-3061.0160827636719,0,0.0067634066179756286,0.1,0.006,1,0,33
1819.25,0,3061.0122680664062,0,-0.030517578125,-3061.0122680664062,0,0.0067638405706427762,0.1,0.007,1,0,33
1819.375,0,3061.0160827636719,0,0.030517578125,-3061.0160827636719,0,0.0067634074741354105,0.1,0.006,1,0,33
1819.5,0,3061.0122680664062,0,-0.030517578125,-3061.0122680664062,0,0.0067638414108295852,0.1,0.0062,1,0,33
1819.625,0,3061.0198974609375,0,0.06103515625,-3061.0198974609375,0,0.0067629777382082756,0.1,0.007,1,0,33
1819.75,0,3061.0160827636719,0,-0.030517578125,-3061.0160827636719,0,0.0067634175245293443,0.1,0.007,1,0,33
1819.875,0,3061.0122680664062,0,-0.030517578125,-3061.0122680664062,0,0.0067638512737179107,0.1,0.0074,1,0,33
1820,0,3061.0160827636719,0,0.030517578125,-3061.0160827636719,0,0.0067634179775281633,0.1,0.0062,1,0,33
1820.125,0,3061.0122680664062,0,-0.030517578125,-3061.0122680664062,0,0.0067638517182653374,0.1,0.0066,1,0,33
1820.25,0,3061.0160827636719,0,0.030517578125,-3061.0160827636719,0,0.006763418413781877,0.1,0.0062,1,0,33
1820.375,0,3061.0160827636719,0,0,-3061.0160827636719,0,0.0067634215859411484,0.1,0.0062,1,0,33
1820.5,0,3061.0084533691406,0,-0.06103515625,-3061.0084533691406,0,0.0067642858197967254,0.1,0.0052,1,0,33
1820.625,0,3061.0160827636719,0,0.06103515625,-3061.0160827636719,0,0.0067634160238003588,0.1,0.006,1,0,33
1820.75,0,3061.0122680664062,0,-0.030517578125,-3061.0122680664062,0,0.0067638498009873343,0.1,0.007,1,0,33
1820.875,0,3061.0237121582031,0,0.091552734375,-3061.0237121582031,0,0.0067625554113958236,0.1,0.007,1,0,33
1821,0,3061.0122680664062,0,-0.091552734375,-3061.0122680664062,0,0.0067638620299931562,0.1,0.0062,1,0,33
1821.125,0,3061.0084533691406,0,-0.030517578125,-3061.0084533691406,0,0.006764289654006328,0.1,0.0072,1,0,33
1821.25,0,3061.0160827636719,0,0.06103515625,-3061.0160827636719,0,0.0067634197864768764,0.1,0.0062,1,0,33
1821.375,0,3061.0160827636719,0,0,-3061.0160827636719,0,0.0067634229330264112,0.1,0.0064,1,0,33
1821.5,0,3061.0122680664062,0,-0.030517578125,-3061.0122680664062,0,0.006763856581311109,0.1,0.0062,1,0,33
1821.625,0,3061.0122680664062,0,0,-3061.0122680664062,0,0.0067638537465389281,0.1,0.0056,1,0,33
1821.75,0,3061.0160827636719,0,0.030517578125,-3061.0160827636719,0,0.00676342040421489,0.1,0.0052,1,0,33
1821.875,0,3061.0122680664062,0,-0.030517578125,-3061.0122680664062,0,0.0067638540996784735,0.1,0.0066,1,0,33
1822,0,3061.0084533691406,0,-0.030517578125,-3061.0084533691406,0,0.0067642818716438929,0.1,0.0072,1,0,33
1822.125,0,3061.0198974609375,0,0.091552734375,-3061.0198974609375,0,0.0067629815888674422,0.1,0.006,1,0,33
1822.25,0,3061.0122680664062,0,-0.06103515625,-3061.0122680664062,0,0.0067638518637874318,0.1,0.0064,1,0,33
1822.375,0,3061.0160827636719,0,0.030517578125,-3061.0160827636719,0,0.006763418556589032,0.1,0.0072,1,0,33
1822.5,0,3061.0084533691406,0,-0.06103515625,-3061.0084533691406,0,0.0067642828469618443,0.1,0.0062,1,0,33
1822.625,0,3061.0160827636719,0,0.06103515625,-3061.0160827636719,0,0.0067634131064283065,0.1,0.0068,1,0,33
1822.75,0,3061.0160827636719,0,0,-3061.0160827636719,0,0.0067634163776044559,0.1,0.0062,1,0,33
1822.875,0,3061.0160827636719,0,0,-3061.0160827636719,0,0.0067634195877517567,0.1,0.006,1,0,33
1823,0,3061.0122680664062,0,-0.030517578125,-3061.0122680664062,0,0.0067638532984477251,0.1,0.0064,1,0,33
1823.125,0,3061.0122680664062,0,0,-3061.0122680664062,0,0.0067638505249224268,0.1,0.0072,1,0,33
1823.25,0,3061.0084533691406,0,-0.030517578125,-3061.0084533691406,0,0.0067642783635804421,0.1,0.0052,1,0,33
1823.375,0,3061.0160827636719,0,0.06103515625,-3061.0160827636719,0,0.0067634087066913012,0.1,0.0058,1,0,33
1823.5,0,3061.0160827636719,0,0,-3061.0160827636719,0,0.006763412059951332,0.1,0.0076,1,0,33
1823.625,0,3061.0160827636719,0,0,-3061.0160827636719,0,0.0067634153506511141,0.1,0.0062,1,0,33
1823.75,0,3061.0122680664062,0,-0.030517578125,-3061.0122680664062,0,0.0067638491403967244,0.1,0.0064,1,0,33
1823.875,0,3061.0160827636719,0,0.030517578125,-3061.0160827636719,0,0.006763415884007376,0.1,0.0062,1,0,33
1824,0,3061.0122680664062,0,-0.030517578125,-3061.0122680664062,0,0.0067638496638024043,0.1,0.0056,1,0,33
1824.125,0,3061.0122680664062,0,0,-3061.0122680664062,0,0.00676384695808703,0.1,0.0066,1,0,33
1824.25,0,3061.0198974609375,0,0.06103515625,-3061.0198974609375,0,0.0067629831819730757,0.1,0.0072,1,0,33
1824.375,0,3061.0122680664062,0,-0.06103515625,-3061.0122680664062,0,0.0067638534271712292,0.1,0.0068,1,0,33
1824.5,0,3061.0198974609375,0,0.06103515625,-3061.0198974609375,0,0.0067629895303665255,0.1,0.006,1,0,33
1824.625,0,3061.0084533691406,0,-0.091552734375,-3061.0084533691406,0,0.0067642902175645142,0.1,0.0068,1,0,33
1824.75,0,3061.0160827636719,0,0.06103515625,-3061.0160827636719,0,0.0067634203395210146,0.1,0.0064,1,0,33
1824.875,0,3061.0084533691406,0,-0.06103515625,-3061.0084533691406,0,0.0067642845966304765,0.1,0.0068,1,0,33
1825,0,3061.0122680664062,0,0.030517578125,-3061.0122680664062,0,0.0067638453838930884,0.1,0.006,1,0,33
1825.125,0,3061.0084533691406,0,-0.030517578125,-3061.0084533691406,0,0.0067642733184649362,0.1,0.0054,1,0,33
1825.25,0,3061.0122680664062,0,0.030517578125,-3061.0122680664062,0,0.0067638343161391251,0.1,0.007,1,0,33
1825.375,0,3061.0084533691406,0,-0.030517578125,-3061.0084533691406,0,0.0067642624571970095,0.1,0.0068,1,0,33
1825.5,0,3061.0122680664062,0,0.030517578125,-3061.0122680664062,0,0.0067638236575049138,0.1,0.0064,1,0,33
1825.625,0,3061.0122680664062,0,0,-3061.0122680664062,0,0.0067638214369771521,0.1,0.0064,1,0,33
1825.75,0,3061.0122680664062,0,0,-3061.0122680664062,0,0.0067638192578767659,0.1,0.0054,1,0,33
1825.875,0,3061.0160827636719,0,0.030517578125,-3061.0160827636719,0,0.0067633865589919462,0.1,0.006,1,0,33
1826,0,3061.0122680664062,0,-0.030517578125,-3061.0122680664062,0,0.0067638208858903925,0.1,0.0074,1,0,33
1826.125,0,3061.0084533691406,0,-0.030517578125,-3061.0084533691406,0,0.0067642492775102925,0.1,0.0056,1,0,33
1826.25,0,3061.0122680664062,0,0.030517578125,-3061.0122680664062,0,0.0067638107237055906,0.1,0.0054,1,0,33
1826.375,0,3061.0084533691406,0,-0.030517578125,-3061.0084533691406,0,0.0067642393049167221,0.1,0.0062,1,0,33
1826.5,0,3061.0122680664062,0,0.030517578125,-3061.0122680664062,0,0.0067638009371661367,0.1,0.0064,1,0,33
1826.625,0,3061.0122680664062,0,0,-3061.0122680664062,0,0.0067637991405213593,0.1,0.0054,1,0,33
1826.75,0,3061.0122680664062,0,0,-3061.0122680664062,0,0.0067637973773957555,0.1,0.0058,1,0,33
1826.875,0,3061.0122680664062,0,0,-3061.0122680664062,0,0.0067637956471639782,0.1,0.0062,1,0,33
1827,0,3061.0122680664062,0,0,-3061.0122680664062,0,0.0067637939492123517,0.1,0.0066,1,0,33
1827.125,0,3061.0122680664062,0,0,-3061.0122680664062,0,0.0067637922829386354,0.1,0.0056,1,0,33
1827.25,0,3061.0084533691406,0,-0.030517578125,-3061.0084533691406,0,0.0067642212081907294,0.1,0.007,1,0,33
1827.375,0,3061.0084533691406,0,0,-3061.0084533691406,0,0.0067642137385014178,0.1,0.0072,1,0,33
1827.5,0,3061.0122680664062,0,0.030517578125,-3061.0122680664062,0,0.0067637758477317733,0.1,0.0054,1,0,33
1827.625,0,3061.0122680664062,0,0,-3061.0122680664062,0,0.0067637745191691107,0.1,0.0062,1,0,33
1827.75,0,3061.0122680664062,0,0,-3061.0122680664062,0,0.0067637732153928293,0.1,0.0062,1,0,33
1827.875,0,3061.0160827636719,0,0.030517578125,-3061.0160827636719,0,0.0067633413755015942,0.1,0.0064,1,0,33
1828,0,3061.0160827636719,0,0,-3061.0160827636719,0,0.0067633459849288646,0.1,0.0058,1,0,33
1828.125,0,3061.0160827636719,0,0,-3061.0160827636719,0,0.0067633505083601608,0.1,0.007,1,0,33
1828.25,0,3061.0122680664062,0,-0.030517578125,-3061.0122680664062,0,0.0067637855078387793,0.1,0.0064,1,0,33
1828.375,0,3061.0160827636719,0,0.030517578125,-3061.0160827636719,0,0.0067633534386129929,0.1,0.0068,1,0,33
1828.5,0,3061.0160827636719,0,0,-3061.0160827636719,0,0.0067633578229843033,0.1,0.0066,1,0,33
1828.625,0,3061.0160827636719,0,0,-3061.0160827636719,0,0.0067633621255584059,0.1,0.0056,1,0,33
1828.75,0,3061.0122680664062,0,-0.030517578125,-3061.0122680664062,0,0.0067637969083002569,0.1,0.0056,1,0,33
1828.875,0,3061.0160827636719,0,0.030517578125,-3061.0160827636719,0,0.0067633646263812741,0.1,0.0058,1,0,33
1829,0,3061.0122680664062,0,-0.030517578125,-3061.0122680664062,0,0.0067637993624664189,0.1,0.0066,1,0,33
1829.125,0,3061.0160827636719,0,0.030517578125,-3061.0160827636719,0,0.0067633670347611724,0.1,0.0072,1,0,33
1829.25,0,3061.0160827636719,0,0,-3061.0160827636719,0,0.00676337116547536,0.1,0.0064,1,0,33
1829.375,0,3061.0160827636719,0,0,-3061.0160827636719,0,0.0067633752191247065,0.1,0.006,1,0,33
1829.5,0,3061.0160827636719,0,0,-3061.0160827636719,0,0.0067633791971469653,0.1,0.0072,1,0,33
1829.625,0,3061.0198974609375,0,0.030517578125,-3061.0198974609375,0,0.0067629525405141083,0.1,0.006,1,0,33
1829.75,0,3061.0160827636719,0,-0.030517578125,-3061.0160827636719,0,0.0067633927969370511,0.1,0.0052,1,0,33
1829.875,0,3061.0160827636719,0,0,-3061.0160827636719,0,0.0067633964470180941,0.1,0.0064,1,0,33
1830,0,3061.0160827636719,0,0,-3061.0160827636719,0,0.0067634000290012486,0.1,0.0058,1,0,33
1830.125,0,3061.0122680664062,0,-0.030517578125,-3061.0122680664062,0,0.0067638341045958839,0.1,0.007,1,0,33
1830.25,0,3061.0122680664062,0,0,-3061.0122680664062,0,0.0067638316891615174,0.1,0.0062,1,0,33
1830.375,0,3061.0160827636719,0,0.030517578125,-3061.0160827636719,0,0.006763398758351899,0.1,0.006,1,0,33
1830.5,0,3061.0160827636719,0,0,-3061.0160827636719,0,0.0067634022972135471,0.1,0.007,1,0,33
1830.625,0,3061.0160827636719,0,0,-3061.0160827636719,0,0.0067634057700522721,0.1,0.006,1,0,33
1830.75,0,3061.0122680664062,0,-0.030517578125,-3061.0122680664062,0,0.0067638397385387378,0.1,0.0066,1,0,33
1830.875,0,3061.0122680664062,0,0,-3061.0122680664062,0,0.0067638372179944783,0.1,0.0064,1,0,33
1831,0,3061.0084533691406,0,-0.030517578125,-3061.0084533691406,0,0.0067642653049137663,0.1,0.0068,1,0,33
1831.125,0,3061.0160827636719,0,0.06103515625,-3061.0160827636719,0,0.0067633958916542,0.1,0.0062,1,0,33
1831.25,0,3061.0160827636719,0,0,-3061.0160827636719,0,0.0067633994839985251,0.1,0.0066,1,0,33
1831.375,0,3061.0122680664062,0,-0.030517578125,-3061.0122680664062,0,0.0067638335697610269,0.1,0.0066,1,0,33
1831.5,0,3061.0122680664062,0,0,-3061.0122680664062,0,0.0067638311643048316,0.1,0.006,1,0,33
1831.625,0,3061.0160827636719,0,0.030517578125,-3061.0160827636719,0,0.0067633982432872136,0.1,0.0064,1,0,33
1831.75,0,3061.0084533691406,0,-0.06103515625,-3061.0084533691406,0,0.0067642629126360154,0.1,0.006,1,0,33
1831.875,0,3061.0084533691406,0,0,-3061.0084533691406,0,0.0067642546648859075,0.1,0.006,1,0,33
1832,0,3061.0122680664062,0,0.030517578125,-3061.0122680664062,0,0.0067638160105713968,0.1,0.0066,1,0,33
1832.125,0,3061.0122680664062,0,0,-3061.0122680664062,0,0.006763813932708973,0.1,0.0072,1,0,33
1832.25,0,3061.0160827636719,0,0.030517578125,-3061.0160827636719,0,0.0067633813331733766,0.1,0.0072,1,0,33
1832.375,0,3061.0122680664062,0,-0.030517578125,-3061.0122680664062,0,0.006763815757567529,0.1,0.0066,1,0,33
1832.5,0,3061.0160827636719,0,0.030517578125,-3061.0160827636719,0,0.0067633831239863745,0.1,0.0066,1,0,33
1832.625,0,3061.0237121582031,0,0.06103515625,-3061.0237121582031,0,0.0067625258336534155,0.1,0.0072,1,0,33
1832.75,0,3061.0198974609375,0,-0.030517578125,-3061.0198974609375,0,0.0067629718831912905,0.1,0.0062,1,0,33
1832.875,0,3061.0122680664062,0,-0.06103515625,-3061.0122680664062,0,0.0067638423391856439,0.1,0.0066,1,0,33
1833,0,3061.0122680664062,0,0,-3061.0122680664062,0,0.006763839770122293,0.1,0.0062,1,0,33
1833.125,0,3061.0122680664062,0,0,-3061.0122680664062,0,0.0067638372489887827,0.1,0.007,1,0,33
1833.25,0,3061.0160827636719,0,0.030517578125,-3061.0160827636719,0,0.0067634042144519985,0.1,0.007,1,0,33
1833.375,0,3061.0160827636719,0,0,-3061.0160827636719,0,0.0067634076515216829,0.1,0.0066,1,0,33
1833.5,0,3061.0084533691406,0,-0.06103515625,-3061.0084533691406,0,0.0067642721453453486,0.1,0.0052,1,0,33
1833.625,0,3061.0122680664062,0,0.030517578125,-3061.0122680664062,0,0.0067638331649058914,0.1,0.0062,1,0,33
1833.75,0,3061.0122680664062,0,0,-3061.0122680664062,0,0.00676383076700289,0.1,0.0058,1,0,33
1833.875,0,3061.0122680664062,0,0,-3061.0122680664062,0,0.0067638284138364646,0.1,0.0068,1,0,33
1834,0,3061.0084533691406,0,-0.030517578125,-3061.0084533691406,0,0.0067642566650109037,0.1,0.0066,1,0,33
1834.125,0,3061.0084533691406,0,0,-3061.0084533691406,0,0.0067642485338198916,0.1,0.007,1,0,33
1834.25,0,3061.0160827636719,0,0.06103515625,-3061.0160827636719,0,0.0067633794334509695,0.1,0.0052,1,0,33
1834.375,0,3061.0122680664062,0,-0.030517578125,-3061.0122680664062,0,0.006763813893287382,0.1,0.0064,1,0,33
1834.5,0,3061.0122680664062,0,0,-3061.0122680664062,0,0.0067638118549261661,0.1,0.0068,1,0,33
1834.625,0,3061.0084533691406,0,-0.030517578125,-3061.0084533691406,0,0.006764240415032638,0.1,0.0058,1,0,33
1834.75,0,3061.0160827636719,0,0.06103515625,-3061.0160827636719,0,0.00676337146613222,0.1,0.0072,1,0,33
1834.875,0,3061.0122680664062,0,-0.030517578125,-3061.0122680664062,0,0.0067638060746112588,0.1,0.007,1,0,33
1835,0,3061.0160827636719,0,0.030517578125,-3061.0160827636719,0,0.006763373621680599,0.1,0.0062,1,0,33
1835.125,0,3061.0160827636719,0,0,-3061.0160827636719,0,0.006763377629505643,0.1,0.0068,1,0,33
1835.25,0,3061.0122680664062,0,-0.030517578125,-3061.0122680664062,0,0.00676381212299744,0.1,0.0062,1,0,33
1835.375,0,3061.0122680664062,0,0,-3061.0122680664062,0,0.0067638101176637072,0.1,0.006,1,0,33
1835.5,0,3061.0122680664062,0,0,-3061.0122680664062,0,0.0067638081497425756,0.1,0.0068,1,0,33
1835.625,0,3061.0122680664062,0,0,-3061.0122680664062,0,0.0067638062185360476,0.1,0.0062,1,0,33
1835.75,0,3061.0084533691406,0,-0.030517578125,-3061.0084533691406,0,0.00676423488379807,0.1,0.0066,1,0,33
1835.875,0,3061.0084533691406,0,0,-3061.0084533691406,0,0.0067642271589691966,0.1,0.0068,1,0,33
1836,0,3061.0122680664062,0,0.030517578125,-3061.0122680664062,0,0.0067637890178200155,0.1,0.0072,1,0,33
1836.125,0,3061.0122680664062,0,0,-3061.0122680664062,0,0.0067637874435490242,0.1,0.0064,1,0,33
1836.25,0,3061.0122680664062,0,0,-3061.0122680664062,0,0.0067637858986484972,0.1,0.0068,1,0,33
1836.375,0,3061.0122680664062,0,0,-3061.0122680664062,0,0.00676378438257047,0.1,0.0066,1,0,33
1836.5,0,3061.0122680664062,0,0,-3061.0122680664062,0,0.0067637828947772205,0.1,0.0064,1,0,33
1836.625,0,3061.0160827636719,0,0.030517578125,-3061.0160827636719,0,0.006763350874302132,0.1,0.007,1,0,33
1836.75,0,3061.0122680664062,0,-0.030517578125,-3061.0122680664062,0,0.0067637858669535311,0.1,0.0058,1,0,33
1836.875,0,3061.0160827636719,0,0.030517578125,-3061.0160827636719,0,0.00676335379102791,0.1,0.0058,1,0,33
1837,0,3061.0084533691406,0,-0.06103515625,-3061.0084533691406,0,0.0067642192897022085,0.1,0.0072,1,0,33
1837.125,0,3061.0122680664062,0,0.030517578125,-3061.0122680664062,0,0.006763781295366339,0.1,0.0068,1,0,33
1837.25,0,3061.0084533691406,0,-0.030517578125,-3061.0084533691406,0,0.006764210425608555,0.1,0.0066,1,0,33
1837.375,0,3061.0084533691406,0,0,-3061.0084533691406,0,0.0067642031570849526,0.1,0.0066,1,0,33
1837.5,0,3061.0122680664062,0,0.030517578125,-3061.0122680664062,0,0.00676376546372795,0.1,0.006,1,0,33
1837.625,0,3061.0122680664062,0,0,-3061.0122680664062,0,0.0067637643288949029,0.1,0.0064,1,0,33
1837.75,0,3061.0122680664062,0,0,-3061.0122680664062,0,0.0067637632152339061,0.1,0.0068,1,0,33
1837.875,0,3061.0122680664062,0,0,-3061.0122680664062,0,0.0067637621223499839,0.1,0.0058,1,0,33
1838,0,3061.0160827636719,0,0.030517578125,-3061.0160827636719,0,0.0067633304894165747,0.1,0.0064,1,0,33
1838.125,0,3061.0084533691406,0,-0.06103515625,-3061.0084533691406,0,0.0067641964228183915,0.1,0.0068,1,0,33
1838.25,0,3061.0122680664062,0,0.030517578125,-3061.0122680664062,0,0.0067637588550995276,0.1,0.0064,1,0,33
1838.375,0,3061.0122680664062,0,0,-3061.0122680664062,0,0.0067637578435606333,0.1,0.0052,1,0,33
1838.5,0,3061.0084533691406,0,-0.030517578125,-3061.0084533691406,0,0.0067641874113324729,0.1,0.0062,1,0,33
1838.625,0,3061.0084533691406,0,0,-3061.0084533691406,0,0.0067641805721757042,0.1,0.0066,1,0,33
1838.75,0,3061.0122680664062,0,0.030517578125,-3061.0122680664062,0,0.00676374330017504,0.1,0.006,1,0,33
1838.875,0,3061.0122680664062,0,0,-3061.0122680664062,0,0.0067637425788372729,0.1,0.0062,1,0,33
1839,0,3061.0122680664062,0,0,-3061.0122680664062,0,0.0067637418709571712,0.1,0.0062,1,0,33
1839.125,0,3061.0122680664062,0,0,-3061.0122680664062,0,0.0067637411762836719,0.1,0.0062,1,0,33
1839.25,0,3061.0160827636719,0,0.030517578125,-3061.0160827636719,0,0.0067633099341314618,0.1,0.0058,1,0,33
1839.375,0,3061.0122680664062,0,-0.030517578125,-3061.0122680664062,0,0.0067637456905849241,0.1,0.0062,1,0,33
1839.5,0,3061.0122680664062,0,0,-3061.0122680664062,0,0.0067637449246503722,0.1,0.0068,1,0,33
1839.625,0,3061.0160827636719,0,0.030517578125,-3061.0160827636719,0,0.0067633136125665877,0.1,0.0062,1,0,33
1839.75,0,3061.0122680664062,0,-0.030517578125,-3061.0122680664062,0,0.0067637493003931681,0.1,0.0064,1,0,33
1839.875,0,3061.0160827636719,0,0.030517578125,-3061.0160827636719,0,0.006763317906673158,0.1,0.0056,1,0,33
1840,0,3061.0122680664062,0,-0.030517578125,-3061.0122680664062,0,0.0067637535143865585,0.1,0.0048,1,0,33
1840.125,0,3061.0122680664062,0,0,-3061.0122680664062,0,0.0067637526024869055,0.1,0.0066,1,0,33
1840.25,0,3061.0122680664062,0,0,-3061.0122680664062,0,0.0067637517076001574,0.1,0.0054,1,0,33
1840.375,0,3061.0084533691406,0,-0.030517578125,-3061.0084533691406,0,0.0067641813898478148,0.1,0.0062,1,0,33
1840.5,0,3061.0160827636719,0,0.06103515625,-3061.0160827636719,0,0.0067633135421533014,0.1,0.0056,1,0,33
1840.625,0,3061.0160827636719,0,0,-3061.0160827636719,0,0.00676331867085464,0.1,0.0066,1,0,33
1840.75,0,3061.0160827636719,0,0,-3061.0160827636719,0,0.0067633237038721428,0.1,0.0062,1,0,33
1840.875,0,3061.0122680664062,0,-0.030517578125,-3061.0122680664062,0,0.0067637592034298505,0.1,0.006,1,0,33
1841,0,3061.0160827636719,0,0.030517578125,-3061.0160827636719,0,0.006763327624953408,0.1,0.0064,1,0,33
1841.125,0,3061.0160827636719,0,0,-3061.0160827636719,0,0.0067633324909183723,0.1,0.0058,1,0,33
1841.25,0,3061.0084533691406,0,-0.06103515625,-3061.0084533691406,0,0.0067641983869790867,0.1,0.0068,1,0,33
1841.375,0,3061.0122680664062,0,0.030517578125,-3061.0122680664062,0,0.0067637607826157714,0.1,0.0066,1,0,33
1841.5,0,3061.0122680664062,0,0,-3061.0122680664062,0,0.0067637597351160872,0.1,0.0062,1,0,33
1841.625,0,3061.0198974609375,0,0.06103515625,-3061.0198974609375,0,0.00676289758628125,0.1,0.0068,1,0,33
1841.75,0,3061.0122680664062,0,-0.06103515625,-3061.0122680664062,0,0.0067637694283991245,0.1,0.0066,1,0,33
1841.875,0,3061.0160827636719,0,0.030517578125,-3061.0160827636719,0,0.0067633376591600958,0.1,0.0058,1,0,33
1842,0,3061.0160827636719,0,0,-3061.0160827636719,0,0.00676334233792146,0.1,0.0062,1,0,33
1842.125,0,3061.0160827636719,0,0,-3061.0160827636719,0,0.0067633469293933018,0.1,0.0066,1,0,33
1842.25,0,3061.0160827636719,0,0,-3061.0160827636719,0,0.0067633514352041513,0.1,0.0058,1,0,33
1842.375,0,3061.0122680664062,0,-0.030517578125,-3061.0122680664062,0,0.00676378641739106,0.1,0.006,1,0,33
1842.5,0,3061.0122680664062,0,0,-3061.0122680664062,0,0.006763784891635094,0.1,0.006,1,0,33
1842.625,0,3061.0122680664062,0,0,-3061.0122680664062,0,0.0067637833943444553,0.1,0.0068,1,0,33
1842.75,0,3061.0160827636719,0,0.030517578125,-3061.0160827636719,0,0.0067633513645491694,0.1,0.0074,1,0,33
1842.875,0,3061.0160827636719,0,0,-3061.0160827636719,0,0.0067633557876153466,0.1,0.0066,1,0,33
1843,0,3061.0122680664062,0,-0.030517578125,-3061.0122680664062,0,0.0067637906886013066,0.1,0.0066,1,0,33
1843.125,0,3061.0160827636719,0,0.030517578125,-3061.0160827636719,0,0.0067633585227204057,0.1,0.006,1,0,33
1843.25,0,3061.0160827636719,0,0,-3061.0160827636719,0,0.0067633628122398537,0.1,0.0066,1,0,33
1843.375,0,3061.0160827636719,0,0,-3061.0160827636719,0,0.0067633670217316921,0.1,0.006,1,0,33
1843.5,0,3061.0160827636719,0,0,-3061.0160827636719,0,0.0067633711526889628,0.1,0.0068,1,0,33
1843.625,0,3061.0084533691406,0,-0.06103515625,-3061.0084533691406,0,0.0067642363274546813,0.1,0.007,1,0,33
1843.75,0,3061.0122680664062,0,0.030517578125,-3061.0122680664062,0,0.0067637980152532445,0.1,0.0072,1,0,33
1843.875,0,3061.0122680664062,0,0,-3061.0122680664062,0,0.00676379627312125,0.1,0.0058,1,0,33
1844,0,3061.0084533691406,0,-0.030517578125,-3061.0084533691406,0,0.0067642251239303369,0.1,0.006,1,0,33
1844.125,0,3061.0122680664062,0,0.030517578125,-3061.0122680664062,0,0.0067637870207479384,0.1,0.0072,1,0,33
1844.25,0,3061.0160827636719,0,0.030517578125,-3061.0160827636719,0,0.006763354923296494,0.1,0.0056,1,0,33
1844.375,0,3061.0160827636719,0,0,-3061.0160827636719,0,0.0067633592799687531,0.1,0.0062,1,0,33
1844.5,0,3061.0084533691406,0,-0.06103515625,-3061.0084533691406,0,0.006764224676238384,0.1,0.006,1,0,33
1844.625,0,3061.0084533691406,0,0,-3061.0084533691406,0,0.0067642171418472868,0.1,0.007,1,0,33
1844.75,0,3061.0084533691406,0,0,-3061.0084533691406,0,0.0067642097480218738,0.1,0.0058,1,0,33
1844.875,0,3061.0160827636719,0,0.06103515625,-3061.0160827636719,0,0.0067633413712618606,0.1,0.007,1,0,33
1845,0,3061.0122680664062,0,-0.030517578125,-3061.0122680664062,0,0.0067637765412071477,0.1,0.0068,1,0,33
1845.125,0,3061.0122680664062,0,0,-3061.0122680664062,0,0.0067637751997066259,0.1,0.0068,1,0,33
1845.25,0,3061.0122680664062,0,0,-3061.0122680664062,0,0.0067637738832338618,0.1,0.0058,1,0,33
1845.375,0,3061.0122680664062,0,0,-3061.0122680664062,0,0.0067637725913219371,0.1,0.006,1,0,33
1845.5,0,3061.0084533691406,0,-0.030517578125,-3061.0084533691406,0,0.0067642018839515344,0.1,0.0068,1,0,33
1845.625,0,3061.0122680664062,0,0.030517578125,-3061.0122680664062,0,0.00676376421434681,0.1,0.0062,1,0,33
1845.75,0,3061.0084533691406,0,-0.030517578125,-3061.0084533691406,0,0.0067641936632618083,0.1,0.0064,1,0,33
1845.875,0,3061.0122680664062,0,0.030517578125,-3061.0122680664062,0,0.0067637561470267338,0.1,0.0068,1,0,33
1846,0,3061.0084533691406,0,-0.030517578125,-3061.0084533691406,0,0.0067641857464500327,0.1,0.0064,1,0,33
1846.125,0,3061.0160827636719,0,0.06103515625,-3061.0160827636719,0,0.0067633178174763831,0.1,0.006,1,0,33
1846.25,0,3061.0122680664062,0,-0.030517578125,-3061.0122680664062,0,0.0067637534268538829,0.1,0.0068,1,0,33
1846.375,0,3061.0122680664062,0,0,-3061.0122680664062,0,0.0067637525165872847,0.1,0.0068,1,0,33
1846.5,0,3061.0122680664062,0,0,-3061.0122680664062,0,0.0067637516233031159,0.1,0.0054,1,0,33
1846.625,0,3061.0122680664062,0,0,-3061.0122680664062,0,0.0067637507466845465,0.1,0.0068,1,0,33
1846.75,0,3061.0160827636719,0,0.030517578125,-3061.0160827636719,0,0.0067633193259817315,0.1,0.0062,1,0,33
1846.875,0,3061.0160827636719,0,0,-3061.0160827636719,0,0.0067633243467768167,0.1,0.0066,1,0,33
1847,0,3061.0122680664062,0,-0.030517578125,-3061.0122680664062,0,0.0067637598343401467,0.1,0.0064,1,0,33
1847.125,0,3061.0122680664062,0,0,-3061.0122680664062,0,0.0067637588045320052,0.1,0.0064,1,0,33
1847.25,0,3061.0122680664062,0,0,-3061.0122680664062,0,0.0067637577939365229,0.1,0.0072,1,0,33
1847.375,0,3061.0122680664062,0,0,-3061.0122680664062,0,0.0067637568021952643,0.1,0.007,1,0,33
1847.5,0,3061.0122680664062,0,0,-3061.0122680664062,0,0.0067637558289564692,0.1,0.0068,1,0,33
1847.625,0,3061.0122680664062,0,0,-3061.0122680664062,0,0.0067637548738749415,0.1,0.0066,1,0,33
1847.75,0,3061.0160827636719,0,0.030517578125,-3061.0160827636719,0,0.0067633233761730249,0.1,0.0074,1,0,33
1847.875,0,3061.0122680664062,0,-0.030517578125,-3061.0122680664062,0,0.0067637588818444672,0.1,0.007,1,0,33
1848,0,3061.0084533691406,0,-0.030517578125,-3061.0084533691406,0,0.0067641884302455241,0.1,0.0058,1,0,33
1848.125,0,3061.0084533691406,0,0,-3061.0084533691406,0,0.00676418157207935,0.1,0.0066,1,0,33
1848.25,0,3061.0122680664062,0,0.030517578125,-3061.0122680664062,0,0.0067637442814239418,0.1,0.0056,1,0,33
1848.375,0,3061.0084533691406,0,-0.030517578125,-3061.0084533691406,0,0.0067641741022183705,0.1,0.006,1,0,33
1848.5,0,3061.0084533691406,0,0,-3061.0084533691406,0,0.0067641675113636612,0.1,0.0054,1,0,33
1848.625,0,3061.0122680664062,0,0.030517578125,-3061.0122680664062,0,0.0067637304830325956,0.1,0.0066,1,0,33
1848.75,0,3061.0122680664062,0,0,-3061.0122680664062,0,0.0067637300008183965,0.1,0.006,1,0,33
1848.875,0,3061.0122680664062,0,0,-3061.0122680664062,0,0.00676372952760064,0.1,0.007,1,0,33
1849,0,3061.0122680664062,0,0,-3061.0122680664062,0,0.0067637290632115016,0.1,0.0062,1,0,33
1849.125,0,3061.0084533691406,0,-0.030517578125,-3061.0084533691406,0,0.0067641591679251656,0.1,0.0066,1,0,33
1849.25,0,3061.004638671875,0,-0.030517578125,-3061.004638671875,0,0.0067645834161316476,0.1,0.0062,1,0,33
1849.375,0,3061.0160827636719,0,0.091552734375,-3061.0160827636719,0,0.0067632796753374774,0.1,0.006,1,0,33
1849.5,0,3061.0122680664062,0,-0.030517578125,-3061.0122680664062,0,0.0067637159963154364,0.1,0.0062,1,0,33
1849.625,0,3061.0122680664062,0,0,-3061.0122680664062,0,0.0067637157843733059,0.1,0.0068,1,0,33
1849.75,0,3061.0122680664062,0,0,-3061.0122680664062,0,0.0067637155763852763,0.1,0.0052,1,0,33
1849.875,0,3061.0122680664062,0,0,-3061.0122680664062,0,0.0067637153722775872,0.1,0.006,1,0,33
1850,0,3061.0122680664062,0,0,-3061.0122680664062,0,0.0067637151719778382,0.1,0.006,1,0,33
1850.125,0,3061.0122680664062,0,0,-3061.0122680664062,0,0.0067637149754149889,0.1,0.0058,1,0,33
1850.25,0,3061.0160827636719,0,0.030517578125,-3061.0160827636719,0,0.0067632842220804179,0.1,0.0062,1,0,33
1850.375,0,3061.0084533691406,0,-0.06103515625,-3061.0084533691406,0,0.0067641510186707832,0.1,0.0058,1,0,33
1850.5,0,3061.0084533691406,0,0,-3061.0084533691406,0,0.0067641448584752767,0.1,0.0066,1,0,33
1850.625,0,3061.0084533691406,0,0,-3061.0084533691406,0,0.0067641388132077263,0.1,0.0058,1,0,33
1850.75,0,3061.0122680664062,0,0.030517578125,-3061.0122680664062,0,0.0067637023202850449,0.1,0.0068,1,0,33
1850.875,0,3061.0084533691406,0,-0.030517578125,-3061.0084533691406,0,0.0067641329239292725,0.1,0.0068,1,0,33
1851,0,3061.0084533691406,0,0,-3061.0084533691406,0,0.0067641271013190868,0.1,0.0076,1,0,33
1851.125,0,3061.0122680664062,0,0.030517578125,-3061.0122680664062,0,0.0067636908268997736,0.1,0.0064,1,0,33
1851.25,0,3061.0084533691406,0,-0.030517578125,-3061.0084533691406,0,0.0067641216449708386,0.1,0.0058,1,0,33
1851.375,0,3061.0122680664062,0,0.030517578125,-3061.0122680664062,0,0.0067636854723481105,0.1,0.005,1,0,33
1851.5,0,3061.0084533691406,0,-0.030517578125,-3061.0084533691406,0,0.0067641163903165991,0.1,0.0058,1,0,33
1851.625,0,3061.0084533691406,0,0,-3061.0084533691406,0,0.0067641108761664764,0.1,0.008,1,0,33
1851.75,0,3061.0084533691406,0,0,-3061.0084533691406,0,0.0067641054648913262,0.1,0.0066,1,0,33
1851.875,0,3061.0122680664062,0,0.030517578125,-3061.0122680664062,0,0.0067636695941329511,0.1,0.006,1,0,33
1852,0,3061.004638671875,0,-0.06103515625,-3061.004638671875,0,0.0067645313687729608,0.1,0.0052,1,0,33
1852.125,0,3061.0084533691406,0,0.030517578125,-3061.0084533691406,0,0.00676408971988042,0.1,0.0062,1,0,33
1852.25,0,3061.0122680664062,0,0.030517578125,-3061.0122680664062,0,0.00676365414286953,0.1,0.0056,1,0,33
1852.375,0,3061.0160827636719,0,0.030517578125,-3061.0160827636719,0,0.00676322452445996,0.1,0.0068,1,0,33
1852.5,0,3061.0122680664062,0,-0.030517578125,-3061.0122680664062,0,0.006763661874362642,0.1,0.006,1,0,33
1852.625,0,3061.0084533691406,0,-0.030517578125,-3061.0084533691406,0,0.0067640932325879616,0.1,0.0062,1,0,33
1852.75,0,3061.0122680664062,0,0.030517578125,-3061.0122680664062,0,0.0067636575900420909,0.1,0.0066,1,0,33
1852.875,0,3061.0198974609375,0,0.06103515625,-3061.0198974609375,0,0.006762797346881233,0.1,0.0066,1,0,33
1853,0,3061.0122680664062,0,-0.06103515625,-3061.0122680664062,0,0.0067636710591197913,0.1,0.0062,1,0,33
1853.125,0,3061.0160827636719,0,0.030517578125,-3061.0160827636719,0,0.006763241125111466,0.1,0.0068,1,0,33
1853.25,0,3061.0084533691406,0,-0.06103515625,-3061.0084533691406,0,0.0067641087257422905,0.1,0.0068,1,0,33
1853.375,0,3061.0237121582031,0,0.1220703125,-3061.0237121582031,0,0.0067623811128309785,0.1,0.0058,1,0,33
1853.5,0,3061.0160827636719,0,-0.06103515625,-3061.0160827636719,0,0.0067632604227980953,0.1,0.0066,1,0,33
1853.625,0,3061.0198974609375,0,0.030517578125,-3061.0198974609375,0,0.0067628359820840062,0.1,0.007,1,0,33
1853.75,0,3061.0160827636719,0,-0.030517578125,-3061.0160827636719,0,0.0067632784130843282,0.1,0.0062,1,0,33
1853.875,0,3061.0160827636719,0,0,-3061.0160827636719,0,0.0067632841971726615,0.1,0.006,1,0,33
1854,0,3061.0122680664062,0,-0.030517578125,-3061.0122680664062,0,0.0067637204337888113,0.1,0.0062,1,0,33
1854.125,0,3061.0122680664062,0,0,-3061.0122680664062,0,0.0067637201390587653,0.1,0.0066,1,0,33
1854.25,0,3061.0122680664062,0,0,-3061.0122680664062,0,0.0067637198498273626,0.1,0.0056,1,0,33
1854.375,0,3061.0122680664062,0,0,-3061.0122680664062,0,0.0067637195659920185,0.1,0.006,1,0,33
1854.5,0,3061.0122680664062,0,0,-3061.0122680664062,0,0.0067637192874520635,0.1,0.0054,1,0,33
1854.625,0,3061.0084533691406,0,-0.030517578125,-3061.0084533691406,0,0.0067641495745476149,0.1,0.006,1,0,33
1854.75,0,3061.004638671875,0,-0.030517578125,-3061.004638671875,0,0.0067645740017333589,0.1,0.006,1,0,33
1854.875,0,3061.0198974609375,0,0.1220703125,-3061.0198974609375,0,0.0067628398761403474,0.1,0.007,1,0,33
1855,0,3061.0084533691406,0,-0.091552734375,-3061.0084533691406,0,0.00676414335536886,0.1,0.006,1,0,33
1855.125,0,3061.0122680664062,0,0.030517578125,-3061.0122680664062,0,0.0067637067777051585,0.1,0.0058,1,0,33
1855.25,0,3061.0122680664062,0,0,-3061.0122680664062,0,0.0067637067377504245,0.1,0.0064,1,0,33
1855.375,0,3061.0122680664062,0,0,-3061.0122680664062,0,0.0067637066985411082,0.1,0.0066,1,0,33
1855.5,0,3061.0122680664062,0,0,-3061.0122680664062,0,0.0067637066600633039,0.1,0.0062,1,0,33
1855.625,0,3061.0160827636719,0,0.030517578125,-3061.0160827636719,0,0.0067632760618644427,0.1,0.0066,1,0,33
1855.75,0,3061.0122680664062,0,-0.030517578125,-3061.0122680664062,0,0.0067637124502573226,0.1,0.0058,1,0,33
1855.875,0,3061.0160827636719,0,0.030517578125,-3061.0160827636719,0,0.0067632817440334558,0.1,0.0066,1,0,33
1856,0,3061.0160827636719,0,0,-3061.0160827636719,0,0.0067632874659777908,0.1,0.0064,1,0,33
1856.125,0,3061.0160827636719,0,0,-3061.0160827636719,0,0.0067632930811704212,0.1,0.006,1,0,33
1856.25,0,3061.0122680664062,0,-0.030517578125,-3061.0122680664062,0,0.0067637291520418752,0.1,0.0062,1,0,33
1856.375,0,3061.0160827636719,0,0.030517578125,-3061.0160827636719,0,0.0067632981342204412,0.1,0.0052,1,0,33
1856.5,0,3061.0122680664062,0,-0.030517578125,-3061.0122680664062,0,0.0067637341108194582,0.1,0.0068,1,0,33
1856.625,0,3061.0160827636719,0,0.030517578125,-3061.0160827636719,0,0.0067633030004843886,0.1,0.0056,1,0,33
1856.75,0,3061.0198974609375,0,0.030517578125,-3061.0198974609375,0,0.0067628777654178546,0.1,0.0072,1,0,33
1856.875,0,3061.0122680664062,0,-0.06103515625,-3061.0122680664062,0,0.0067637499773245124,0.1,0.0054,1,0,33
1857,0,3061.0122680664062,0,0,-3061.0122680664062,0,0.0067637491314142123,0.1,0.0066,1,0,33
1857.125,0,3061.0122680664062,0,0,-3061.0122680664062,0,0.0067637483012856769,0.1,0.007,1,0,33
1857.25,0,3061.0122680664062,0,0,-3061.0122680664062,0,0.0067637474866444752,0.1,0.007,1,0,33
1857.375,0,3061.0160827636719,0,0.030517578125,-3061.0160827636719,0,0.0067633161267627445,0.1,0.0064,1,0,33
1857.5,0,3061.0122680664062,0,-0.030517578125,-3061.0122680664062,0,0.00676375176768311,0.1,0.0054,1,0,33
1857.625,0,3061.0084533691406,0,-0.030517578125,-3061.0084533691406,0,0.0067641814488098168,0.1,0.0068,1,0,33
1857.75,0,3061.0008239746094,0,-0.06103515625,-3061.0008239746094,0,0.0067650358417709333,0.1,0.0062,1,0,33
1857.875,0,3061.0122680664062,0,0.091552734375,-3061.0122680664062,0,0.0067637258280383306,0.1,0.0064,1,0,33
1858,0,3061.0122680664062,0,0,-3061.0122680664062,0,0.0067637254326702312,0.1,0.0062,1,0,33
1858.125,0,3061.0122680664062,0,0,-3061.0122680664062,0,0.0067637250446783287,0.1,0.0066,1,0,33
1858.25,0,3061.0084533691406,0,-0.030517578125,-3061.0084533691406,0,0.006764155224363938,0.1,0.0062,1,0,33
1858.375,0,3061.0160827636719,0,0.06103515625,-3061.0160827636719,0,0.0067632878648269112,0.1,0.0062,1,0,33
1858.5,0,3061.0122680664062,0,-0.030517578125,-3061.0122680664062,0,0.00676372403301731,0.1,0.0072,1,0,33
1858.625,0,3061.0160827636719,0,0.030517578125,-3061.0160827636719,0,0.0067632931106991895,0.1,0.0062,1,0,33
1858.75,0,3061.0122680664062,0,-0.030517578125,-3061.0122680664062,0,0.0067637291810197508,0.1,0.0068,1,0,33
1858.875,0,3061.0122680664062,0,0,-3061.0122680664062,0,0.006763728723096607,0.1,0.0068,1,0,33
1859,0,3061.0084533691406,0,-0.030517578125,-3061.0084533691406,0,0.00676415883415564,0.1,0.006,1,0,33
1859.125,0,3061.0122680664062,0,0.030517578125,-3061.0122680664062,0,0.0067637219677112864,0.1,0.0074,1,0,33
1859.25,0,3061.0122680664062,0,0,-3061.0122680664062,0,0.0067637216443635489,0.1,0.0058,1,0,33
1859.375,0,3061.0084533691406,0,-0.030517578125,-3061.0084533691406,0,0.0067641518874872741,0.1,0.0064,1,0,33
1859.5,0,3061.0084533691406,0,0,-3061.0084533691406,0,0.00676414571108265,0.1,0.007,1,0,33
1859.625,0,3061.0122680664062,0,0.030517578125,-3061.0122680664062,0,0.00676370908946948,0.1,0.007,1,0,33
1859.75,0,3061.0122680664062,0,0,-3061.0122680664062,0,0.0067637090063852184,0.1,0.0054,1,0,33
1859.875,0,3061.0084533691406,0,-0.030517578125,-3061.0084533691406,0,0.0067641394852899356,0.1,0.0062,1,0,33
1860,0,3061.0084533691406,0,0,-3061.0084533691406,0,0.0067641335402674474,0.1,0.0066,1,0,33
1860.125,0,3061.0122680664062,0,0.030517578125,-3061.0122680664062,0,0.006763697145719616,0.1,0.0068,1,0,33
1860.25,0,3061.0084533691406,0,-0.030517578125,-3061.0084533691406,0,0.0067641278459033422,0.1,0.0062,1,0,33
1860.375,0,3061.0122680664062,0,0.030517578125,-3061.0122680664062,0,0.0067636915575926548,0.1,0.0044,1,0,33
1860.5,0,3061.0122680664062,0,0,-3061.0122680664062,0,0.0067636918015926,0.1,0.0064,1,0,33
1860.625,0,3061.0122680664062,0,0,-3061.0122680664062,0,0.0067636920410403534,0.1,0.0074,1,0,33
1860.75,0,3061.0122680664062,0,0,-3061.0122680664062,0,0.0067636922760208468,0.1,0.0062,1,0,33
1860.875,0,3061.004638671875,0,-0.06103515625,-3061.004638671875,0,0.0067645536274952428,0.1,0.0062,1,0,33
1861,0,3061.0084533691406,0,0.030517578125,-3061.0084533691406,0,0.0067641115633318843,0.1,0.006,1,0,33
1861.125,0,3061.0122680664062,0,0.030517578125,-3061.0122680664062,0,0.0067636755787976871,0.1,0.0064,1,0,33
1861.25,0,3061.0122680664062,0,0,-3061.0122680664062,0,0.0067636761209067114,0.1,0.0078,1,0,33
1861.375,0,3061.0122680664062,0,0,-3061.0122680664062,0,0.0067636766529018538,0.1,0.0066,1,0,33
1861.5,0,3061.0122680664062,0,0,-3061.0122680664062,0,0.0067636771749718105,0.1,0.0064,1,0,33
1861.625,0,3061.0160827636719,0,0.030517578125,-3061.0160827636719,0,0.00676324712686284,0.1,0.0052,1,0,33
1861.75,0,3061.0160827636719,0,0,-3061.0160827636719,0,0.006763253494643906,0.1,0.0062,1,0,33
1861.875,0,3061.0160827636719,0,0,-3061.0160827636719,0,0.0067632597436241976,0.1,0.0064,1,0,33
1862,0,3061.0122680664062,0,-0.030517578125,-3061.0122680664062,0,0.0067636964364590213,0.1,0.0064,1,0,33
1862.125,0,3061.0122680664062,0,0,-3061.0122680664062,0,0.0067636965894361939,0.1,0.0066,1,0,33
1862.25,0,3061.0160827636719,0,0.030517578125,-3061.0160827636719,0,0.0067632661791204307,0.1,0.006,1,0,33
1862.375,0,3061.0160827636719,0,0,-3061.0160827636719,0,0.00676327219145223,0.1,0.0062,1,0,33
1862.5,0,3061.004638671875,0,-0.091552734375,-3061.004638671875,0,0.0067645697729314391,0.1,0.0058,1,0,33
1862.625,0,3061.0160827636719,0,0.091552734375,-3061.0160827636719,0,0.0067632662866722315,0.1,0.0058,1,0,33
1862.75,0,3061.0160827636719,0,0,-3061.0160827636719,0,0.0067632722969974829,0.1,0.006,1,0,33
1862.875,0,3061.0122680664062,0,-0.030517578125,-3061.0122680664062,0,0.00676370875562976,0.1,0.0064,1,0,33
1863,0,3061.0122680664062,0,0,-3061.0122680664062,0,0.0067637086787737943,0.1,0.0058,1,0,33
1863.125,0,3061.0122680664062,0,0,-3061.0122680664062,0,0.0067637086033516952,0.1,0.0054,1,0,33
1863.25,0,3061.0160827636719,0,0.030517578125,-3061.0160827636719,0,0.0067632779688977934,0.1,0.007,1,0,33
1863.375,0,3061.0122680664062,0,-0.030517578125,-3061.0122680664062,0,0.0067637143217120221,0.1,0.006,1,0,33
1863.5,0,3061.0122680664062,0,0,-3061.0122680664062,0,0.006763714141012192,0.1,0.006,1,0,33
1863.625,0,3061.0122680664062,0,0,-3061.0122680664062,0,0.0067637139636835958,0.1,0.0068,1,0,33
1863.75,0,3061.0084533691406,0,-0.030517578125,-3061.0084533691406,0,0.0067641443501022525,0.1,0.0066,1,0,33
1863.875,0,3061.0198974609375,0,0.091552734375,-3061.0198974609375,0,0.0067628466330023895,0.1,0.007,1,0,33
1864,0,3061.0122680664062,0,-0.06103515625,-3061.0122680664062,0,0.006763719425732298,0.1,0.0054,1,0,33
1864.125,0,3061.0160827636719,0,0.030517578125,-3061.0160827636719,0,0.0067632885893701838,0.1,0.0062,1,0,33
1864.25,0,3061.0122680664062,0,-0.030517578125,-3061.0122680664062,0,0.0067637247440431036,0.1,0.0058,1,0,33
1864.375,0,3061.0122680664062,0,0,-3061.0122680664062,0,0.0067637243688986048,0.1,0.0058,1,0,33
1864.5,0,3061.0122680664062,0,0,-3061.0122680664062,0,0.0067637240007530075,0.1,0.006,1,0,33
1864.625,0,3061.0122680664062,0,0,-3061.0122680664062,0,0.0067637236394757355,0.1,0.007,1,0,33
1864.75,0,3061.0160827636719,0,0.030517578125,-3061.0160827636719,0,0.0067632927244997421,0.1,0.006,1,0,33
1864.875,0,3061.0160827636719,0,0,-3061.0160827636719,0,0.0067632982415865295,0.1,0.0072,1,0,33
1865,0,3061.0084533691406,0,-0.06103515625,-3061.0084533691406,0,0.0067641647766213814,0.1,0.0068,1,0,33
1865.125,0,3061.0122680664062,0,0.030517578125,-3061.0122680664062,0,0.0067637277993111561,0.1,0.0058,1,0,33
1865.25,0,3061.0122680664062,0,0,-3061.0122680664062,0,0.00676372736716592,0.1,0.0076,1,0,33
1865.375,0,3061.0122680664062,0,0,-3061.0122680664062,0,0.006763726943083026,0.1,0.005,1,0,33
1865.5,0,3061.0122680664062,0,0,-3061.0122680664062,0,0.0067637265269120533,0.1,0.0064,1,0,33
1865.625,0,3061.0160827636719,0,0.030517578125,-3061.0160827636719,0,0.0067632955580664705,0.1,0.0058,1,0,33
1865.75,0,3061.0160827636719,0,0,-3061.0160827636719,0,0.006763301022288698,0.1,0.006,1,0,33
1865.875,0,3061.0122680664062,0,-0.030517578125,-3061.0122680664062,0,0.0067637369450063434,0.1,0.0058,1,0,33
1866,0,3061.0122680664062,0,0,-3061.0122680664062,0,0.006763736342234053,0.1,0.0068,1,0,33
1866.125,0,3061.0198974609375,0,0.06103515625,-3061.0198974609375,0,0.0067628746298295239,0.1,0.0062,1,0,33
1866.25,0,3061.0160827636719,0,-0.030517578125,-3061.0160827636719,0,0.0067633163397965157,0.1,0.0066,1,0,33
1866.375,0,3061.0084533691406,0,-0.06103515625,-3061.0084533691406,0,0.0067641825371813208,0.1,0.006,1,0,33
1866.5,0,3061.0122680664062,0,0.030517578125,-3061.0122680664062,0,0.00676374522852044,0.1,0.0066,1,0,33
1866.625,0,3061.0122680664062,0,0,-3061.0122680664062,0,0.0067637444712064093,0.1,0.0062,1,0,33
1866.75,0,3061.0198974609375,0,0.06103515625,-3061.0198974609375,0,0.0067628826071433612,0.1,0.0066,1,0,33
1866.875,0,3061.0122680664062,0,-0.06103515625,-3061.0122680664062,0,0.0067637547287201644,0.1,0.0062,1,0,33
1867,0,3061.0160827636719,0,0.030517578125,-3061.0160827636719,0,0.0067633232337263316,0.1,0.0064,1,0,33
1867.125,0,3061.0160827636719,0,0,-3061.0160827636719,0,0.0067633281816164154,0.1,0.0058,1,0,33
1867.25,0,3061.0160827636719,0,0,-3061.0160827636719,0,0.0067633330371959788,0.1,0.0056,1,0,33
1867.375,0,3061.0122680664062,0,-0.030517578125,-3061.0122680664062,0,0.0067637683626261269,0.1,0.0058,1,0,33
1867.5,0,3061.0160827636719,0,0.030517578125,-3061.0160827636719,0,0.0067633366132707484,0.1,0.006,1,0,33
1867.625,0,3061.0122680664062,0,-0.030517578125,-3061.0122680664062,0,0.0067637718719836953,0.1,0.0066,1,0,33
1867.75,0,3061.0122680664062,0,0,-3061.0122680664062,0,0.0067637706175947415,0.1,0.0058,1,0,33
1867.875,0,3061.0122680664062,0,0,-3061.0122680664062,0,0.0067637693866083454,0.1,0.0068,1,0,33
1868,0,3061.0160827636719,0,0.030517578125,-3061.0160827636719,0,0.0067633376181489985,0.1,0.0064,1,0,33
1868.125,0,3061.0160827636719,0,0,-3061.0160827636719,0,0.006763342297675487,0.1,0.0062,1,0,33
1868.25,0,3061.0122680664062,0,-0.030517578125,-3061.0122680664062,0,0.0067637774503370995,0.1,0.0066,1,0,33
1868.375,0,3061.0160827636719,0,0.030517578125,-3061.0160827636719,0,0.0067633455314364405,0.1,0.0068,1,0,33
1868.5,0,3061.0160827636719,0,0,-3061.0160827636719,0,0.00676335006332833,0.1,0.0064,1,0,33
1868.625,0,3061.0160827636719,0,0,-3061.0160827636719,0,0.0067633545106707826,0.1,0.007,1,0,33
1868.75,0,3061.0160827636719,0,0,-3061.0160827636719,0,0.0067633588750412033,0.1,0.0058,1,0,33
1868.875,0,3061.0122680664062,0,-0.030517578125,-3061.0122680664062,0,0.0067637937184264751,0.1,0.0072,1,0,33
1869,0,3061.0122680664062,0,0,-3061.0122680664062,0,0.0067637920564584258,0.1,0.0062,1,0,33
1869.125,0,3061.0122680664062,0,0,-3061.0122680664062,0,0.0067637904254969489,0.1,0.0066,1,0,33
1869.25,0,3061.0160827636719,0,0.030517578125,-3061.0160827636719,0,0.0067633582645246632,0.1,0.006,1,0,33
1869.375,0,3061.0122680664062,0,-0.030517578125,-3061.0122680664062,0,0.00676379311930006,0.1,0.0062,1,0,33
1869.5,0,3061.0160827636719,0,0.030517578125,-3061.0160827636719,0,0.0067633609080707258,0.1,0.007,1,0,33
1869.625,0,3061.0160827636719,0,0,-3061.0160827636719,0,0.0067633651530877859,0.1,0.0062,1,0,33
1869.75,0,3061.0160827636719,0,0,-3061.0160827636719,0,0.0067633693189074889,0.1,0.0066,1,0,33
1869.875,0,3061.0122680664062,0,-0.030517578125,-3061.0122680664062,0,0.0067638039674463163,0.1,0.0072,1,0,33
1870,0,3061.0160827636719,0,0.030517578125,-3061.0160827636719,0,0.0067633715538280709,0.1,0.0074,1,0,33
1870.125,0,3061.0160827636719,0,0,-3061.0160827636719,0,0.0067633756002320883,0.1,0.0052,1,0,33
1870.25,0,3061.0198974609375,0,0.030517578125,-3061.0198974609375,0,0.0067629490107052326,0.1,0.0068,1,0,33
1870.375,0,3061.0160827636719,0,-0.030517578125,-3061.0160827636719,0,0.0067633893329822059,0.1,0.0056,1,0,33
1870.5,0,3061.0122680664062,0,-0.030517578125,-3061.0122680664062,0,0.0067638236081275782,0.1,0.0074,1,0,33
1870.625,0,3061.0160827636719,0,0.030517578125,-3061.0160827636719,0,0.0067633908280821109,0.1,0.0068,1,0,33
1870.75,0,3061.0160827636719,0,0,-3061.0160827636719,0,0.0067633945148951741,0.1,0.0066,1,0,33
1870.875,0,3061.0122680664062,0,-0.030517578125,-3061.0122680664062,0,0.0067638286933639769,0.1,0.0072,1,0,33
1871,0,3061.0122680664062,0,0,-3061.0122680664062,0,0.0067638263788844938,0.1,0.0062,1,0,33
1871.125,0,3061.0198974609375,0,0.06103515625,-3061.0198974609375,0,0.0067629629867073104,0.1,0.007,1,0,33
1871.25,0,3061.0122680664062,0,-0.06103515625,-3061.0122680664062,0,0.0067638336086793122,0.1,0.0068,1,0,33
1871.375,0,3061.0160827636719,0,0.030517578125,-3061.0160827636719,0,0.0067634006420581178,0.1,0.0064,1,0,33
1871.5,0,3061.0160827636719,0,0,-3061.0160827636719,0,0.0067634041457763222,0.1,0.0064,1,0,33
1871.625,0,3061.0160827636719,0,0,-3061.0160827636719,0,0.0067634075841272595,0.1,0.0072,1,0,33
1871.75,0,3061.0122680664062,0,-0.030517578125,-3061.0122680664062,0,0.0067638415187693673,0.1,0.0068,1,0,33
1871.875,0,3061.0122680664062,0,0,-3061.0122680664062,0,0.0067638389650121478,0.1,0.0052,1,0,33
1872,0,3061.0160827636719,0,0.030517578125,-3061.0160827636719,0,0.0067634058984603063,0.1,0.0064,1,0,33
1872.125,0,3061.0084533691406,0,-0.06103515625,-3061.0084533691406,0,0.0067642704249900459,0.1,0.0058,1,0,33
1872.25,0,3061.0160827636719,0,0.06103515625,-3061.0160827636719,0,0.006763400916207557,0.1,0.0062,1,0,33
1872.375,0,3061.0122680664062,0,-0.030517578125,-3061.0122680664062,0,0.0067638349752499882,0.1,0.0068,1,0,33
1872.5,0,3061.0084533691406,0,-0.030517578125,-3061.0084533691406,0,0.0067642631040111395,0.1,0.0066,1,0,33
1872.625,0,3061.0122680664062,0,0.030517578125,-3061.0122680664062,0,0.0067638242922517244,0.1,0.0062,1,0,33
1872.75,0,3061.0084533691406,0,-0.030517578125,-3061.0084533691406,0,0.006764252620320696,0.1,0.0068,1,0,33
1872.875,0,3061.0122680664062,0,0.030517578125,-3061.0122680664062,0,0.0067638140041507006,0.1,0.0066,1,0,33
1873,0,3061.0160827636719,0,0.030517578125,-3061.0160827636719,0,0.00676338140328224,0.1,0.0066,1,0,33
1873.125,0,3061.0122680664062,0,-0.030517578125,-3061.0122680664062,0,0.0067638158263684106,0.1,0.0064,1,0,33
1873.25,0,3061.0084533691406,0,-0.030517578125,-3061.0084533691406,0,0.0067642443123814983,0.1,0.006,1,0,33
1873.375,0,3061.0122680664062,0,0.030517578125,-3061.0122680664062,0,0.0067638058512089344,0.1,0.0064,1,0,33
1873.5,0,3061.0084533691406,0,-0.030517578125,-3061.0084533691406,0,0.006764234523324017,0.1,0.0062,1,0,33
1873.625,0,3061.0160827636719,0,0.06103515625,-3061.0160827636719,0,0.0067633656843425205,0.1,0.0068,1,0,33
1873.75,0,3061.0084533691406,0,-0.06103515625,-3061.0084533691406,0,0.0067642309611286727,0.1,0.0064,1,0,33
1873.875,0,3061.0122680664062,0,0.030517578125,-3061.0122680664062,0,0.0067637927490443311,0.1,0.0064,1,0,33
1874,0,3061.0198974609375,0,0.06103515625,-3061.0198974609375,0,0.0067629299842837109,0.1,0.0058,1,0,33
1874.125,0,3061.0160827636719,0,-0.030517578125,-3061.0160827636719,0,0.0067633706615279343,0.1,0.0054,1,0,33
1874.25,0,3061.0160827636719,0,0,-3061.0160827636719,0,0.0067633747245791909,0.1,0.0062,1,0,33
1874.375,0,3061.0160827636719,0,0,-3061.0160827636719,0,0.0067633787118279581,0.1,0.006,1,0,33
1874.5,0,3061.0160827636719,0,0,-3061.0160827636719,0,0.0067633826246884521,0.1,0.006,1,0,33
1874.625,0,3061.0160827636719,0,0,-3061.0160827636719,0,0.0067633864645484931,0.1,0.005,1,0,33
1874.75,0,3061.0160827636719,0,0,-3061.0160827636719,0,0.00676339023277002,0.1,0.0066,1,0,33
1874.875,0,3061.0160827636719,0,0,-3061.0160827636719,0,0.00676339393068956,0.1,0.0064,1,0,33
1875,0,3061.0122680664062,0,-0.030517578125,-3061.0122680664062,0,0.0067638281200576161,0.1,0.006,1,0,33
1875.125,0,3061.0198974609375,0,0.06103515625,-3061.0198974609375,0,0.0067629646953961675,0.1,0.007,1,0,33
1875.25,0,3061.0160827636719,0,-0.030517578125,-3061.0160827636719,0,0.00676340472505102,0.1,0.0052,1,0,33
1875.375,0,3061.0160827636719,0,0,-3061.0160827636719,0,0.0067634081525946854,0.1,0.0068,1,0,33
1875.5,0,3061.0122680664062,0,-0.030517578125,-3061.0122680664062,0,0.0067638420766311519,0.1,0.006,1,0,33
1875.625,0,3061.0122680664062,0,0,-3061.0122680664062,0,0.0067638395124661604,0.1,0.0072,1,0,33
1875.75,0,3061.0122680664062,0,0,-3061.0122680664062,0,0.0067638369961396244,0.1,0.0058,1,0,33
1875.875,0,3061.0160827636719,0,0.030517578125,-3061.0160827636719,0,0.0067634039663201362,0.1,0.0054,1,0,33
1876,0,3061.0122680664062,0,-0.030517578125,-3061.0122680664062,0,0.0067638379684580169,0.1,0.0072,1,0,33
1876.125,0,3061.0122680664062,0,0,-3061.0122680664062,0,0.0067638354809373413,0.1,0.0062,1,0,33
1876.25,0,3061.0122680664062,0,0,-3061.0122680664062,0,0.0067638330398251956,0.1,0.0062,1,0,33
1876.375,0,3061.0122680664062,0,0,-3061.0122680664062,0,0.0067638306442557722,0.1,0.0058,1,0,33
1876.5,0,3061.0122680664062,0,0,-3061.0122680664062,0,0.00676382829337939,0.1,0.0064,1,0,33
1876.625,0,3061.0160827636719,0,0.030517578125,-3061.0160827636719,0,0.0067633954259233159,0.1,0.0066,1,0,33
1876.75,0,3061.0122680664062,0,-0.030517578125,-3061.0122680664062,0,0.0067638295873954785,0.1,0.0064,1,0,33
1876.875,0,3061.0122680664062,0,0,-3061.0122680664062,0,0.0067638272562364488,0.1,0.0054,1,0,33
1877,0,3061.0198974609375,0,0.06103515625,-3061.0198974609375,0,0.0067629638476909143,0.1,0.0062,1,0,33
1877.125,0,3061.0122680664062,0,-0.06103515625,-3061.0122680664062,0,0.0067638344535999317,0.1,0.0056,1,0,33
1877.25,0,3061.0198974609375,0,0.06103515625,-3061.0198974609375,0,0.0067629709107764752,0.1,0.0058,1,0,33
1877.375,0,3061.0160827636719,0,-0.030517578125,-3061.0160827636719,0,0.00676341082447382,0.1,0.0054,1,0,33
1877.5,0,3061.0160827636719,0,0,-3061.0160827636719,0,0.0067634141382233448,0.1,0.0056,1,0,33
1877.625,0,3061.0122680664062,0,-0.030517578125,-3061.0122680664062,0,0.0067638479505886667,0.1,0.0074,1,0,33
1877.75,0,3061.0122680664062,0,0,-3061.0122680664062,0,0.0067638452768359336,0.1,0.0066,1,0,33
1877.875,0,3061.0160827636719,0,0.030517578125,-3061.0160827636719,0,0.0067634120925272739,0.1,0.0062,1,0,33
1878,0,3061.0122680664062,0,-0.030517578125,-3061.0122680664062,0,0.0067638459430582193,0.1,0.006,1,0,33
1878.125,0,3061.0160827636719,0,0.030517578125,-3061.0160827636719,0,0.0067634127463201549,0.1,0.0068,1,0,33
1878.25,0,3061.0160827636719,0,0,-3061.0160827636719,0,0.0067634160242146663,0.1,0.0068,1,0,33
1878.375,0,3061.0160827636719,0,0,-3061.0160827636719,0,0.0067634192409549987,0.1,0.0058,1,0,33
1878.5,0,3061.0160827636719,0,0,-3061.0160827636719,0,0.0067634223976820729,0.1,0.0072,1,0,33
1878.625,0,3061.004638671875,0,-0.091552734375,-3061.004638671875,0,0.0067647171768322745,0.1,0.007,1,0,33
1878.75,0,3061.0160827636719,0,0.091552734375,-3061.0160827636719,0,0.0067634109405258214,0.1,0.0058,1,0,33
1878.875,0,3061.0122680664062,0,-0.030517578125,-3061.0122680664062,0,0.00676384481254913,0.1,0.007,1,0,33
1879,0,3061.0122680664062,0,0,-3061.0122680664062,0,0.0067638421973413715,0.1,0.0066,1,0,33
1879.125,0,3061.0122680664062,0,0,-3061.0122680664062,0,0.0067638396309243481,0.1,0.0066,1,0,33
1879.25,0,3061.0122680664062,0,0,-3061.0122680664062,0,0.0067638371123878022,0.1,0.006,1,0,33
1879.375,0,3061.0084533691406,0,-0.030517578125,-3061.0084533691406,0,0.0067642652012773474,0.1,0.0062,1,0,33
1879.5,0,3061.0084533691406,0,0,-3061.0084533691406,0,0.0067642569108291167,0.1,0.0058,1,0,33
1879.625,0,3061.004638671875,0,-0.030517578125,-3061.004638671875,0,0.0067646793354908946,0.1,0.007,1,0,33
1879.75,0,3061.0084533691406,0,0.030517578125,-3061.0084533691406,0,0.0067642349260508827,0.1,0.0054,1,0,33
1879.875,0,3061.0084533691406,0,0,-3061.0084533691406,0,0.006764227200433709,0.1,0.0058,1,0,33
1880,0,3061.0084533691406,0,0,-3061.0084533691406,0,0.0067642196189498516,0.1,0.0066,1,0,33
1880.125,0,3061.0122680664062,0,0.030517578125,-3061.0122680664062,0,0.0067637816184713678,0.1,0.0064,1,0,33
1880.25,0,3061.0084533691406,0,-0.030517578125,-3061.0084533691406,0,0.0067642107426855586,0.1,0.006,1,0,33
1880.375,0,3061.0084533691406,0,0,-3061.0084533691406,0,0.0067642034682463825,0.1,0.0066,1,0,33
1880.5,0,3061.0084533691406,0,0,-3061.0084533691406,0,0.0067641963295231033,0.1,0.007,1,0,33
1880.625,0,3061.0122680664062,0,0.030517578125,-3061.0122680664062,0,0.0067637587635448054,0.1,0.007,1,0,33
1880.75,0,3061.0122680664062,0,0,-3061.0122680664062,0,0.0067637577537140031,0.1,0.0066,1,0,33
1880.875,0,3061.0122680664062,0,0,-3061.0122680664062,0,0.0067637567627231582,0.1,0.0068,1,0,33
1881,0,3061.0160827636719,0,0.030517578125,-3061.0160827636719,0,0.0067633252297818608,0.1,0.0066,1,0,33
1881.125,0,3061.0160827636719,0,0,-3061.0160827636719,0,0.0067633301404324553,0.1,0.0076,1,0,33
1881.25,0,3061.0122680664062,0,-0.030517578125,-3061.0122680664062,0,0.0067637655199061925,0.1,0.006,1,0,33
1881.375,0,3061.0122680664062,0,0,-3061.0122680664062,0,0.0067637643840250533,0.1,0.0058,1,0,33
1881.5,0,3061.0122680664062,0,0,-3061.0122680664062,0,0.0067637632693355182,0.1,0.0062,1,0,33
1881.625,0,3061.0122680664062,0,0,-3061.0122680664062,0,0.0067637621754422367,0.1,0.0068,1,0,33
1881.75,0,3061.0122680664062,0,0,-3061.0122680664062,0,0.0067637611019572275,0.1,0.006,1,0,33
1881.875,0,3061.0122680664062,0,0,-3061.0122680664062,0,0.0067637600484997396,0.1,0.0064,1,0,33
1882,0,3061.0084533691406,0,-0.030517578125,-3061.0084533691406,0,0.0067641895751350406,0.1,0.0066,1,0,33
1882.125,0,3061.0122680664062,0,0.030517578125,-3061.0122680664062,0,0.0067637521351702756,0.1,0.006,1,0,33
1882.25,0,3061.0160827636719,0,0.030517578125,-3061.0160827636719,0,0.0067633206885631264,0.1,0.0068,1,0,33
1882.375,0,3061.0122680664062,0,-0.030517578125,-3061.0122680664062,0,0.0067637562443760707,0.1,0.0068,1,0,33
1882.5,0,3061.0122680664062,0,0,-3061.0122680664062,0,0.0067637552815442564,0.1,0.0064,1,0,33
1882.625,0,3061.0160827636719,0,0.030517578125,-3061.0160827636719,0,0.006763323776236646,0.1,0.006,1,0,33
1882.75,0,3061.0160827636719,0,0,-3061.0160827636719,0,0.0067633287140053677,0.1,0.0062,1,0,33
1882.875,0,3061.0122680664062,0,-0.030517578125,-3061.0122680664062,0,0.0067637641200913035,0.1,0.0064,1,0,33
1883,0,3061.0160827636719,0,0.030517578125,-3061.0160827636719,0,0.0067633324498869579,0.1,0.0046,1,0,33
1883.125,0,3061.0122680664062,0,-0.030517578125,-3061.0122680664062,0,0.0067637677862742579,0.1,0.0072,1,0,33
1883.25,0,3061.0122680664062,0,0,-3061.0122680664062,0,0.0067637666081105247,0.1,0.0068,1,0,33
1883.375,0,3061.0084533691406,0,-0.030517578125,-3061.0084533691406,0,0.0067641960123661637,0.1,0.0068,1,0,33
1883.5,0,3061.0122680664062,0,0.030517578125,-3061.0122680664062,0,0.0067637584523049243,0.1,0.0062,1,0,33
1883.625,0,3061.0160827636719,0,0.030517578125,-3061.0160827636719,0,0.0067633268878418695,0.1,0.007,1,0,33
1883.75,0,3061.0122680664062,0,-0.030517578125,-3061.0122680664062,0,0.0067637623279977049,0.1,0.0058,1,0,33
1883.875,0,3061.0160827636719,0,0.030517578125,-3061.0160827636719,0,0.0067633306912276286,0.1,0.0062,1,0,33
1884,0,3061.0122680664062,0,-0.030517578125,-3061.0122680664062,0,0.0067637660604254329,0.1,0.0068,1,0,33
1884.125,0,3061.0084533691406,0,-0.030517578125,-3061.0084533691406,0,0.0067641954748989819,0.1,0.0058,1,0,33
1884.25,0,3061.0160827636719,0,0.06103515625,-3061.0160827636719,0,0.0067633273644261,0.1,0.0068,1,0,33
1884.375,0,3061.0122680664062,0,-0.030517578125,-3061.0122680664062,0,0.00676376279569052,0.1,0.0072,1,0,33
1884.5,0,3061.0122680664062,0,0,-3061.0122680664062,0,0.0067637617106338227,0.1,0.0066,1,0,33
1884.625,0,3061.0122680664062,0,0,-3061.0122680664062,0,0.00676376064582053,0.1,0.0066,1,0,33
1884.75,0,3061.0122680664062,0,0,-3061.0122680664062,0,0.0067637596008729706,0.1,0.0058,1,0,33
1884.875,0,3061.0122680664062,0,0,-3061.0122680664062,0,0.0067637585754205254,0.1,0.0064,1,0,33
1885,0,3061.0084533691406,0,-0.030517578125,-3061.0084533691406,0,0.0067641881295383843,0.1,0.0076,1,0,33
1885.125,0,3061.0122680664062,0,0.030517578125,-3061.0122680664062,0,0.0067637507165434624,0.1,0.0064,1,0,33
1885.25,0,3061.0160827636719,0,0.030517578125,-3061.0160827636719,0,0.0067633192964029754,0.1,0.0062,1,0,33
1885.375,0,3061.0160827636719,0,0,-3061.0160827636719,0,0.0067633243177499108,0.1,0.007,1,0,33
1885.5,0,3061.0198974609375,0,0.030517578125,-3061.0198974609375,0,0.0067628986849768979,0.1,0.0056,1,0,33
1885.625,0,3061.0122680664062,0,-0.06103515625,-3061.0122680664062,0,0.0067637705065969056,0.1,0.0066,1,0,33
1885.75,0,3061.0122680664062,0,0,-3061.0122680664062,0,0.0067637692776813529,0.1,0.0064,1,0,33
1885.875,0,3061.0160827636719,0,0.030517578125,-3061.0160827636719,0,0.0067633375112542,0.1,0.0062,1,0,33
1886,0,3061.0122680664062,0,-0.030517578125,-3061.0122680664062,0,0.0067637727532138814,0.1,0.0074,1,0,33
1886.125,0,3061.0198974609375,0,0.06103515625,-3061.0198974609375,0,0.0067629103615063357,0.1,0.0058,1,0,33
1886.25,0,3061.0160827636719,0,-0.030517578125,-3061.0160827636719,0,0.0067633514048437565,0.1,0.005,1,0,33
1886.375,0,3061.0084533691406,0,-0.06103515625,-3061.0084533691406,0,0.006764216948036,0.1,0.006,1,0,33
1886.5,0,3061.0122680664062,0,0.030517578125,-3061.0122680664062,0,0.0067637789973875317,0.1,0.0078,1,0,33
1886.625,0,3061.0160827636719,0,0.030517578125,-3061.0160827636719,0,0.0067633470496242659,0.1,0.0068,1,0,33
1886.75,0,3061.0122680664062,0,-0.030517578125,-3061.0122680664062,0,0.006763782113630934,0.1,0.0062,1,0,33
1886.875,0,3061.0160827636719,0,0.030517578125,-3061.0160827636719,0,0.0067633501077293406,0.1,0.0058,1,0,33
1887,0,3061.0122680664062,0,-0.030517578125,-3061.0122680664062,0,0.0067637851146823413,0.1,0.0062,1,0,33
1887.125,0,3061.0122680664062,0,0,-3061.0122680664062,0,0.0067637836132304063,0.1,0.0068,1,0,33
1887.25,0,3061.0084533691406,0,-0.030517578125,-3061.0084533691406,0,0.0067642127002292968,0.1,0.0056,1,0,33
1887.375,0,3061.0122680664062,0,0.030517578125,-3061.0122680664062,0,0.006763774828830213,0.1,0.0074,1,0,33
1887.5,0,3061.0160827636719,0,0.030517578125,-3061.0160827636719,0,0.0067633429588378063,0.1,0.0058,1,0,33
1887.625,0,3061.0122680664062,0,-0.030517578125,-3061.0122680664062,0,0.0067637780991644109,0.1,0.0066,1,0,33
1887.75,0,3061.0122680664062,0,0,-3061.0122680664062,0,0.0067637767285977923,0.1,0.0064,1,0,33
1887.875,0,3061.0160827636719,0,0.030517578125,-3061.0160827636719,0,0.0067633448231622928,0.1,0.0062,1,0,33
1888,0,3061.0198974609375,0,0.030517578125,-3061.0198974609375,0,0.0067629188078291713,0.1,0.0074,1,0,33
1888.125,0,3061.0122680664062,0,-0.06103515625,-3061.0122680664062,0,0.0067637902540263195,0.1,0.0064,1,0,33
1888.25,0,3061.0122680664062,0,0,-3061.0122680664062,0,0.0067637886566919991,0.1,0.0068,1,0,33
1888.375,0,3061.0160827636719,0,0.030517578125,-3061.0160827636719,0,0.0067633565287194969,0.1,0.0062,1,0,33
1888.5,0,3061.0160827636719,0,0,-3061.0160827636719,0,0.0067633608554401037,0.1,0.0058,1,0,33
1888.625,0,3061.0198974609375,0,0.030517578125,-3061.0198974609375,0,0.00676293454100009,0.1,0.0066,1,0,33
1888.75,0,3061.0084533691406,0,-0.091552734375,-3061.0084533691406,0,0.00676423625410956,0.1,0.0056,1,0,33
1888.875,0,3061.0198974609375,0,0.091552734375,-3061.0198974609375,0,0.0067629368223986186,0.1,0.0074,1,0,33
1889,0,3061.0160827636719,0,-0.030517578125,-3061.0160827636719,0,0.006763377372067253,0.1,0.0058,1,0,33
1889.125,0,3061.0160827636719,0,0,-3061.0160827636719,0,0.0067633813099230444,0.1,0.0062,1,0,33
1889.25,0,3061.0084533691406,0,-0.06103515625,-3061.0084533691406,0,0.006764246295189888,0.1,0.0062,1,0,33
1889.375,0,3061.0122680664062,0,0.030517578125,-3061.0122680664062,0,0.0067638077970249705,0.1,0.0064,1,0,33
1889.5,0,3061.0122680664062,0,0,-3061.0122680664062,0,0.0067638058723989286,0.1,0.0052,1,0,33
1889.625,0,3061.0122680664062,0,0,-3061.0122680664062,0,0.0067638039836797614,0.1,0.0062,1,0,33
1889.75,0,3061.0084533691406,0,-0.030517578125,-3061.0084533691406,0,0.0067642326906364736,0.1,0.0056,1,0,33
1889.875,0,3061.0084533691406,0,0,-3061.0084533691406,0,0.0067642250067244114,0.1,0.0068,1,0,33
1890,0,3061.0160827636719,0,0.06103515625,-3061.0160827636719,0,0.0067633563452897533,0.1,0.0062,1,0,33
1890.125,0,3061.0198974609375,0,0.030517578125,-3061.0198974609375,0,0.0067629301149935567,0.1,0.0064,1,0,33
1890.25,0,3061.0160827636719,0,-0.030517578125,-3061.0160827636719,0,0.006763370789799189,0.1,0.0064,1,0,33
1890.375,0,3061.0084533691406,0,-0.06103515625,-3061.0084533691406,0,0.0067642359713351724,0.1,0.0076,1,0,33
1890.5,0,3061.0122680664062,0,0.030517578125,-3061.0122680664062,0,0.0067637976657776988,0.1,0.0072,1,0,33
1890.625,0,3061.0122680664062,0,0,-3061.0122680664062,0,0.0067637959301657113,0.1,0.0062,1,0,33
1890.75,0,3061.0122680664062,0,0,-3061.0122680664062,0,0.0067637942269342527,0.1,0.0078,1,0,33
1890.875,0,3061.0122680664062,0,0,-3061.0122680664062,0,0.006763792555479195,0.1,0.0068,1,0,33
1891,0,3061.0122680664062,0,0,-3061.0122680664062,0,0.0067637909152077208,0.1,0.0062,1,0,33
1891.125,0,3061.0122680664062,0,0,-3061.0122680664062,0,0.0067637893055380316,0.1,0.0058,1,0,33
1891.25,0,3061.0122680664062,0,0,-3061.0122680664062,0,0.0067637877258992229,0.1,0.0054,1,0,33
1891.375,0,3061.0084533691406,0,-0.030517578125,-3061.0084533691406,0,0.00676421673616992,0.1,0.0066,1,0,33
1891.5,0,3061.0160827636719,0,0.06103515625,-3061.0160827636719,0,0.0067633482290352237,0.1,0.006,1,0,33
1891.625,0,3061.0160827636719,0,0,-3061.0160827636719,0,0.0067633527105992464,0.1,0.0048,1,0,33
1891.75,0,3061.0122680664062,0,-0.030517578125,-3061.0122680664062,0,0.0067637876689916887,0.1,0.006,1,0,33
1891.875,0,3061.0122680664062,0,0,-3061.0122680664062,0,0.006763786119885179,0.1,0.0068,1,0,33
1892,0,3061.0122680664062,0,0,-3061.0122680664062,0,0.0067637845996796342,0.1,0.006,1,0,33
1892.125,0,3061.0084533691406,0,-0.030517578125,-3061.0084533691406,0,0.0067642136682747878,0.1,0.0066,1,0,33
1892.25,0,3061.0122680664062,0,0.030517578125,-3061.0122680664062,0,0.0067637757788153174,0.1,0.0074,1,0,33
1892.375,0,3061.0122680664062,0,0,-3061.0122680664062,0,0.00676377445153839,0.1,0.0062,1,0,33
1892.5,0,3061.0122680664062,0,0,-3061.0122680664062,0,0.0067637731490238634,0.1,0.007,1,0,33
1892.625,0,3061.0084533691406,0,-0.030517578125,-3061.0084533691406,0,0.0067642024312486726,0.1,0.0064,1,0,33
1892.75,0,3061.0084533691406,0,0,-3061.0084533691406,0,0.0067641953118721815,0.1,0.0062,1,0,33
1892.875,0,3061.0122680664062,0,0.030517578125,-3061.0122680664062,0,0.0067637577648797381,0.1,0.0058,1,0,33
1893,0,3061.0122680664062,0,0,-3061.0122680664062,0,0.0067637567736805737,0.1,0.0064,1,0,33
1893.125,0,3061.0160827636719,0,0.030517578125,-3061.0160827636719,0,0.0067633252405348565,0.1,0.0054,1,0,33
1893.25,0,3061.0160827636719,0,0,-3061.0160827636719,0,0.0067633301509848337,0.1,0.0062,1,0,33
1893.375,0,3061.0122680664062,0,-0.030517578125,-3061.0122680664062,0,0.0067637655302617006,0.1,0.007,1,0,33
1893.5,0,3061.0084533691406,0,-0.030517578125,-3061.0084533691406,0,0.0067641949546262681,0.1,0.0062,1,0,33
1893.625,0,3061.0160827636719,0,0.06103515625,-3061.0160827636719,0,0.0067633268538598856,0.1,0.0058,1,0,33
1893.75,0,3061.0122680664062,0,-0.030517578125,-3061.0122680664062,0,0.0067637622946497,0.1,0.0058,1,0,33
1893.875,0,3061.0122680664062,0,0,-3061.0122680664062,0,0.006763761218940692,0.1,0.0062,1,0,33
1894,0,3061.0122680664062,0,0,-3061.0122680664062,0,0.0067637601633007,0.1,0.0064,1,0,33
1894.125,0,3061.0084533691406,0,-0.030517578125,-3061.0084533691406,0,0.0067641896877942143,0.1,0.0066,1,0,33
1894.25,0,3061.0122680664062,0,0.030517578125,-3061.0122680664062,0,0.0067637522457276167,0.1,0.0068,1,0,33
1894.375,0,3061.0122680664062,0,0,-3061.0122680664062,0,0.0067637513574967528,0.1,0.0068,1,0,33
1894.5,0,3061.0160827636719,0,0.030517578125,-3061.0160827636719,0,0.0067633199253983034,0.1,0.006,1,0,33
1894.625,0,3061.0198974609375,0,0.030517578125,-3061.0198974609375,0,0.0067628943745713793,0.1,0.0068,1,0,33
1894.75,0,3061.0160827636719,0,-0.030517578125,-3061.0160827636719,0,0.0067633357161697438,0.1,0.0066,1,0,33
1894.875,0,3061.0160827636719,0,0,-3061.0160827636719,0,0.0067633404311805839,0.1,0.0054,1,0,33
1895,0,3061.0084533691406,0,-0.06103515625,-3061.0084533691406,0,0.0067642061791034491,0.1,0.0072,1,0,33
1895.125,0,3061.0122680664062,0,0.030517578125,-3061.0122680664062,0,0.0067637684293660322,0.1,0.0066,1,0,33
1895.25,0,3061.0160827636719,0,0.030517578125,-3061.0160827636719,0,0.0067633366787655108,0.1,0.0058,1,0,33
1895.375,0,3061.0122680664062,0,-0.030517578125,-3061.0122680664062,0,0.00676377193625656,0.1,0.0064,1,0,33
1895.5,0,3061.0122680664062,0,0,-3061.0122680664062,0,0.0067637706806684961,0.1,0.0058,1,0,33
1895.625,0,3061.0122680664062,0,0,-3061.0122680664062,0,0.0067637694485053607,0.1,0.0066,1,0,33
1895.75,0,3061.0122680664062,0,0,-3061.0122680664062,0,0.0067637682393301424,0.1,0.0062,1,0,33
1895.875,0,3061.0160827636719,0,0.030517578125,-3061.0160827636719,0,0.006763336492275035,0.1,0.0054,1,0,33
1896,0,3061.0122680664062,0,-0.030517578125,-3061.0122680664062,0,0.0067637717532453429,0.1,0.0064,1,0,33
1896.125,0,3061.0122680664062,0,0,-3061.0122680664062,0,0.0067637705010716309,0.1,0.0054,1,0,33
1896.25,0,3061.004638671875,0,-0.06103515625,-3061.004638671875,0,0.0067646303931369889,0.1,0.007,1,0,33
1896.375,0,3061.0160827636719,0,0.091552734375,-3061.0160827636719,0,0.0067633257759142917,0.1,0.0056,1,0,33
1896.5,0,3061.0122680664062,0,-0.030517578125,-3061.0122680664062,0,0.0067637612368148525,0.1,0.0068,1,0,33
1896.625,0,3061.0160827636719,0,0.030517578125,-3061.0160827636719,0,0.0067633296204024779,0.1,0.0068,1,0,33
1896.75,0,3061.0122680664062,0,-0.030517578125,-3061.0122680664062,0,0.0067637650095781765,0.1,0.0064,1,0,33
1896.875,0,3061.0122680664062,0,0,-3061.0122680664062,0,0.0067637638832179908,0.1,0.0064,1,0,33
1897,0,3061.0122680664062,0,0,-3061.0122680664062,0,0.0067637627778717874,0.1,0.0066,1,0,33
1897.125,0,3061.0122680664062,0,0,-3061.0122680664062,0,0.0067637616931475325,0.1,0.0068,1,0,33
1897.25,0,3061.0160827636719,0,0.030517578125,-3061.0160827636719,0,0.0067633300682215652,0.1,0.0058,1,0,33
1897.375,0,3061.0122680664062,0,-0.030517578125,-3061.0122680664062,0,0.0067637654490425025,0.1,0.0068,1,0,33
1897.5,0,3061.0122680664062,0,0,-3061.0122680664062,0,0.0067637643144834309,0.1,0.0062,1,0,33
1897.625,0,3061.0122680664062,0,0,-3061.0122680664062,0,0.0067637632010913024,0.1,0.0056,1,0,33
1897.75,0,3061.0122680664062,0,0,-3061.0122680664062,0,0.0067637621084712246,0.1,0.0068,1,0,33
1897.875,0,3061.0122680664062,0,0,-3061.0122680664062,0,0.00676376103623566,0.1,0.006,1,0,33
1898,0,3061.0160827636719,0,0.030517578125,-3061.0160827636719,0,0.00676332942356539,0.1,0.0064,1,0,33
1898.125,0,3061.0160827636719,0,0,-3061.0160827636719,0,0.0067633342559744736,0.1,0.006,1,0,33
1898.25,0,3061.0160827636719,0,0,-3061.0160827636719,0,0.0067633389982275083,0.1,0.0064,1,0,33
1898.375,0,3061.0160827636719,0,0,-3061.0160827636719,0,0.0067633436520064955,0.1,0.0072,1,0,33
1898.5,0,3061.0084533691406,0,-0.06103515625,-3061.0084533691406,0,0.0067642093398398856,0.1,0.0076,1,0,33
1898.625,0,3061.0122680664062,0,0.030517578125,-3061.0122680664062,0,0.0067637715311340552,0.1,0.0058,1,0,33
1898.75,0,3061.0122680664062,0,0,-3061.0122680664062,0,0.0067637702831041813,0.1,0.0064,1,0,33
1898.875,0,3061.0122680664062,0,0,-3061.0122680664062,0,0.0067637690583582238,0.1,0.0066,1,0,33
1899,0,3061.0122680664062,0,0,-3061.0122680664062,0,0.0067637678564617942,0.1,0.0062,1,0,33
1899.125,0,3061.0122680664062,0,0,-3061.0122680664062,0,0.0067637666769885946,0.1,0.0066,1,0,33
1899.25,0,3061.0122680664062,0,0,-3061.0122680664062,0,0.0067637655195202928,0.1,0.0068,1,0,33
1899.375,0,3061.0122680664062,0,0,-3061.0122680664062,0,0.0067637643836463424,0.1,0.0054,1,0,33
1899.5,0,3061.0122680664062,0,0,-3061.0122680664062,0,0.0067637632689638849,0.1,0.007,1,0,33
1899.625,0,3061.0160827636719,0,0.030517578125,-3061.0160827636719,0,0.0067633316146386291,0.1,0.0068,1,0,33
1899.75,0,3061.0122680664062,0,-0.030517578125,-3061.0122680664062,0,0.00676376696660877,0.1,0.0062,1,0,33
1899.875,0,3061.0160827636719,0,0.030517578125,-3061.0160827636719,0,0.006763335243298238,0.1,0.0058,1,0,33
1900,0,3061.0198974609375,0,0.030517578125,-3061.0198974609375,0,0.0067629094066922607,0.1,0.0062,1,0,33
1900.125,0,3061.0160827636719,0,-0.030517578125,-3061.0160827636719,0,0.00676335046784321,0.1,0.0084,1,0,33
1900.25,0,3061.0160827636719,0,0,-3061.0160827636719,0,0.0067633549076388244,0.1,0.0066,1,0,33
1900.375,0,3061.0160827636719,0,0,-3061.0160827636719,0,0.006763359264603197,0.1,0.0058,1,0,33
1900.5,0,3061.0122680664062,0,-0.030517578125,-3061.0122680664062,0,0.0067637941007205882,0.1,0.0068,1,0,33
1900.625,0,3061.0122680664062,0,0,-3061.0122680664062,0,0.0067637924316202441,0.1,0.0068,1,0,33
1900.75,0,3061.0122680664062,0,0,-3061.0122680664062,0,0.0067637907936595465,0.1,0.007,1,0,33
1900.875,0,3061.0160827636719,0,0.030517578125,-3061.0160827636719,0,0.0067633586258186162,0.1,0.0072,1,0,33
1901,0,3061.0122680664062,0,-0.030517578125,-3061.0122680664062,0,0.006763793473853516,0.1,0.007,1,0,33
1901.125,0,3061.0160827636719,0,0.030517578125,-3061.0160827636719,0,0.0067633612560094314,0.1,0.0058,1,0,33
1901.25,0,3061.0122680664062,0,-0.030517578125,-3061.0122680664062,0,0.0067637960549740694,0.1,0.0064,1,0,33
1901.375,0,3061.0122680664062,0,0,-3061.0122680664062,0,0.0067637943494141123,0.1,0.0056,1,0,33
1901.5,0,3061.0122680664062,0,0,-3061.0122680664062,0,0.0067637926756740074,0.1,0.007,1,0,33
1901.625,0,3061.0122680664062,0,0,-3061.0122680664062,0,0.0067637910331601048,0.1,0.0064,1,0,33
1901.75,0,3061.0122680664062,0,0,-3061.0122680664062,0,0.0067637894212898425,0.1,0.0054,1,0,33
1901.875,0,3061.0160827636719,0,0.030517578125,-3061.0160827636719,0,0.0067633572790525842,0.1,0.007,1,0,33
1902,0,3061.0198974609375,0,0.030517578125,-3061.0198974609375,0,0.0067629310313356006,0.1,0.0062,1,0,33
1902.125,0,3061.0122680664062,0,-0.06103515625,-3061.0122680664062,0,0.006763802249484363,0.1,0.006,1,0,33
1902.25,0,3061.0122680664062,0,0,-3061.0122680664062,0,0.0067638004283562536,0.1,0.007,1,0,33
1902.375,0,3061.0084533691406,0,-0.030517578125,-3061.0084533691406,0,0.0067642292016430183,0.1,0.0074,1,0,33
1902.5,0,3061.0160827636719,0,0.06103515625,-3061.0160827636719,0,0.0067633604619456861,0.1,0.0056,1,0,33
1902.625,0,3061.0160827636719,0,0,-3061.0160827636719,0,0.0067633647152858939,0.1,0.0064,1,0,33
1902.75,0,3061.0160827636719,0,0,-3061.0160827636719,0,0.00676336888927348,0.1,0.007,1,0,33
1902.875,0,3061.0122680664062,0,-0.030517578125,-3061.0122680664062,0,0.0067638035458277984,0.1,0.006,1,0,33
1903,0,3061.0160827636719,0,0.030517578125,-3061.0160827636719,0,0.006763371140075497,0.1,0.0062,1,0,33
1903.125,0,3061.0160827636719,0,0,-3061.0160827636719,0,0.0067633751941987147,0.1,0.0064,1,0,33
1903.25,0,3061.0122680664062,0,-0.030517578125,-3061.0122680664062,0,0.0067638097331249175,0.1,0.0068,1,0,33
1903.375,0,3061.0160827636719,0,0.030517578125,-3061.0160827636719,0,0.0067633772119390367,0.1,0.0072,1,0,33
1903.5,0,3061.0122680664062,0,-0.030517578125,-3061.0122680664062,0,0.006763811713221185,0.1,0.0066,1,0,33
1903.625,0,3061.0198974609375,0,0.06103515625,-3061.0198974609375,0,0.00676294859465458,0.1,0.0048,1,0,33
1903.75,0,3061.0122680664062,0,-0.06103515625,-3061.0122680664062,0,0.0067638194851325356,0.1,0.0058,1,0,33
1903.875,0,3061.0160827636719,0,0.030517578125,-3061.0160827636719,0,0.0067633867820078991,0.1,0.0066,1,0,33
1904,0,3061.0122680664062,0,-0.030517578125,-3061.0122680664062,0,0.0067638211047456459,0.1,0.0056,1,0,33
1904.125,0,3061.0122680664062,0,0,-3061.0122680664062,0,0.0067638189318435515,0.1,0.0062,1,0,33
1904.25,0,3061.0122680664062,0,0,-3061.0122680664062,0,0.0067638167994802934,0.1,0.0068,1,0,33
1904.375,0,3061.0160827636719,0,0.030517578125,-3061.0160827636719,0,0.0067633841464606465,0.1,0.0056,1,0,33
1904.5,0,3061.0160827636719,0,0,-3061.0160827636719,0,0.0067633879579296757,0.1,0.0072,1,0,33
1904.625,0,3061.0122680664062,0,-0.030517578125,-3061.0122680664062,0,0.0067638222587287772,0.1,0.007,1,0,33
1904.75,0,3061.0160827636719,0,0.030517578125,-3061.0160827636719,0,0.0067633895038584219,0.1,0.006,1,0,33
1904.875,0,3061.0084533691406,0,-0.06103515625,-3061.0084533691406,0,0.0067642543362547575,0.1,0.0056,1,0,33
1905,0,3061.0160827636719,0,0.06103515625,-3061.0160827636719,0,0.0067633851276324569,0.1,0.0066,1,0,33
1905.125,0,3061.0084533691406,0,-0.06103515625,-3061.0084533691406,0,0.0067642500416740386,0.1,0.0062,1,0,33
1905.25,0,3061.0122680664062,0,0.030517578125,-3061.0122680664062,0,0.0067638114736126853,0.1,0.0062,1,0,33
1905.375,0,3061.0122680664062,0,0,-3061.0122680664062,0,0.0067638094803942339,0.1,0.0068,1,0,33
1905.5,0,3061.0084533691406,0,-0.030517578125,-3061.0084533691406,0,0.0067642380848012551,0.1,0.0062,1,0,33
1905.625,0,3061.0122680664062,0,0.030517578125,-3061.0122680664062,0,0.0067637997398138083,0.1,0.007,1,0,33
1905.75,0,3061.0122680664062,0,0,-3061.0122680664062,0,0.0067637979655074815,0.1,0.0062,1,0,33
1905.875,0,3061.0122680664062,0,0,-3061.0122680664062,0,0.0067637962243035782,0.1,0.0066,1,0,33
1906,0,3061.0122680664062,0,0,-3061.0122680664062,0,0.006763794515584523,0.1,0.0074,1,0,33
1906.125,0,3061.0122680664062,0,0,-3061.0122680664062,0,0.0067637928387442592,0.1,0.007,1,0,33
1906.25,0,3061.0160827636719,0,0.030517578125,-3061.0160827636719,0,0.0067633606327491269,0.1,0.006,1,0,33
1906.375,0,3061.0160827636719,0,0,-3061.0160827636719,0,0.006763364882902731,0.1,0.0062,1,0,33
1906.5,0,3061.0160827636719,0,0,-3061.0160827636719,0,0.0067633690537631658,0.1,0.0062,1,0,33
1906.625,0,3061.0160827636719,0,0,-3061.0160827636719,0,0.0067633731468097619,0.1,0.0062,1,0,33
1906.75,0,3061.0160827636719,0,0,-3061.0160827636719,0,0.0067633771634942469,0.1,0.0066,1,0,33
1906.875,0,3061.0084533691406,0,-0.06103515625,-3061.0084533691406,0,0.0067642422261191132,0.1,0.0068,1,0,33
1907,0,3061.0122680664062,0,0.030517578125,-3061.0122680664062,0,0.0067638038038689979,0.1,0.0068,1,0,33
1907.125,0,3061.0122680664062,0,0,-3061.0122680664062,0,0.0067638019537414468,0.1,0.006,1,0,33
1907.25,0,3061.0084533691406,0,-0.030517578125,-3061.0084533691406,0,0.0067642306985697953,0.1,0.0064,1,0,33
1907.375,0,3061.0084533691406,0,0,-3061.0084533691406,0,0.00676422305182281,0.1,0.006,1,0,33
1907.5,0,3061.0160827636719,0,0.06103515625,-3061.0160827636719,0,0.0067633544268598661,0.1,0.0072,1,0,33
1907.625,0,3061.0122680664062,0,-0.030517578125,-3061.0122680664062,0,0.0067637893532328242,0.1,0.0052,1,0,33
1907.75,0,3061.0122680664062,0,0,-3061.0122680664062,0,0.0067637877727041995,0.1,0.0064,1,0,33
1907.875,0,3061.0160827636719,0,0.030517578125,-3061.0160827636719,0,0.0067633556612238521,0.1,0.0064,1,0,33
1908,0,3061.0084533691406,0,-0.06103515625,-3061.0084533691406,0,0.0067642211250067558,0.1,0.0054,1,0,33
1908.125,0,3061.0160827636719,0,0.06103515625,-3061.0160827636719,0,0.0067633525359915431,0.1,0.006,1,0,33
1908.25,0,3061.0084533691406,0,-0.06103515625,-3061.0084533691406,0,0.0067642180580804734,0.1,0.005,1,0,33
1908.375,0,3061.0122680664062,0,0.030517578125,-3061.0122680664062,0,0.006763780086722404,0.1,0.0062,1,0,33
1908.5,0,3061.0122680664062,0,0,-3061.0122680664062,0,0.0067637786790748222,0.1,0.0064,1,0,33
1908.625,0,3061.0084533691406,0,-0.030517578125,-3061.0084533691406,0,0.0067642078581279935,0.1,0.007,1,0,33
1908.75,0,3061.0084533691406,0,0,-3061.0084533691406,0,0.0067642006375047,0.1,0.007,1,0,33
1908.875,0,3061.0160827636719,0,0.06103515625,-3061.0160827636719,0,0.0067633324307154463,0.1,0.0062,1,0,33
1909,0,3061.0122680664062,0,-0.030517578125,-3061.0122680664062,0,0.0067637677674604185,0.1,0.0068,1,0,33
1909.125,0,3061.0122680664062,0,0,-3061.0122680664062,0,0.0067637665896476823,0.1,0.0054,1,0,33
1909.25,0,3061.0122680664062,0,0,-3061.0122680664062,0,0.0067637654338088549,0.1,0.0056,1,0,33
1909.375,0,3061.0122680664062,0,0,-3061.0122680664062,0,0.0067637642995339864,0.1,0.0044,1,0,33
1909.5,0,3061.0122680664062,0,0,-3061.0122680664062,0,0.0067637631864207737,0.1,0.0054,1,0,33
1909.625,0,3061.0160827636719,0,0.030517578125,-3061.0160827636719,0,0.0067633315336354943,0.1,0.007,1,0,33
1909.75,0,3061.0122680664062,0,-0.030517578125,-3061.0122680664062,0,0.0067637668871168843,0.1,0.0066,1,0,33
1909.875,0,3061.0122680664062,0,0,-3061.0122680664062,0,0.0067637657257283157,0.1,0.0064,1,0,33
1910,0,3061.0160827636719,0,0.030517578125,-3061.0160827636719,0,0.006763334025568335,0.1,0.0062,1,0,33
1910.125,0,3061.0122680664062,0,-0.030517578125,-3061.0122680664062,0,0.0067637693325588721,0.1,0.006,1,0,33
1910.25,0,3061.0084533691406,0,-0.030517578125,-3061.0084533691406,0,0.0067641986859857256,0.1,0.0072,1,0,33
1910.375,0,3061.0160827636719,0,0.06103515625,-3061.0160827636719,0,0.0067633305156050705,0.1,0.0068,1,0,33
1910.5,0,3061.0160827636719,0,0,-3061.0160827636719,0,0.0067633353276404656,0.1,0.0064,1,0,33
1910.625,0,3061.0198974609375,0,0.030517578125,-3061.0198974609375,0,0.0067629094894609554,0.1,0.0054,1,0,33
1910.75,0,3061.0122680664062,0,-0.06103515625,-3061.0122680664062,0,0.0067637811095066364,0.1,0.0066,1,0,33
1910.875,0,3061.0160827636719,0,0.030517578125,-3061.0160827636719,0,0.00676334912233853,0.1,0.006,1,0,33
1911,0,3061.0122680664062,0,-0.030517578125,-3061.0122680664062,0,0.0067637841476755195,0.1,0.006,1,0,33
1911.125,0,3061.0084533691406,0,-0.030517578125,-3061.0084533691406,0,0.0067642132247035108,0.1,0.0064,1,0,33
1911.25,0,3061.0084533691406,0,0,-3061.0084533691406,0,0.0067642059039584729,0.1,0.0062,1,0,33
1911.375,0,3061.0160827636719,0,0.06103515625,-3061.0160827636719,0,0.0067633375989153977,0.1,0.007,1,0,33
1911.5,0,3061.0160827636719,0,0,-3061.0160827636719,0,0.00676334227880071,0.1,0.0054,1,0,33
1911.625,0,3061.0084533691406,0,-0.06103515625,-3061.0084533691406,0,0.006764207992253371,0.1,0.0058,1,0,33
1911.75,0,3061.0160827636719,0,0.06103515625,-3061.0160827636719,0,0.0067633396482499331,0.1,0.0068,1,0,33
1911.875,0,3061.0198974609375,0,0.030517578125,-3061.0198974609375,0,0.0067629137294627772,0.1,0.007,1,0,33
1912,0,3061.0122680664062,0,-0.06103515625,-3061.0122680664062,0,0.0067637852704046791,0.1,0.007,1,0,33
1912.125,0,3061.0122680664062,0,0,-3061.0122680664062,0,0.0067637837660475125,0.1,0.0054,1,0,33
1912.25,0,3061.0122680664062,0,0,-3061.0122680664062,0,0.0067637822897564509,0.1,0.006,1,0,33
1912.375,0,3061.0160827636719,0,0.030517578125,-3061.0160827636719,0,0.0067633502805689583,0.1,0.0064,1,0,33
1912.5,0,3061.0122680664062,0,-0.030517578125,-3061.0122680664062,0,0.0067637852842973717,0.1,0.0056,1,0,33
1912.625,0,3061.0160827636719,0,0.030517578125,-3061.0160827636719,0,0.0067633532192420964,0.1,0.006,1,0,33
1912.75,0,3061.0160827636719,0,0,-3061.0160827636719,0,0.0067633576077061192,0.1,0.0076,1,0,33
1912.875,0,3061.0122680664062,0,-0.030517578125,-3061.0122680664062,0,0.0067637924747354777,0.1,0.0064,1,0,33
1913,0,3061.0122680664062,0,0,-3061.0122680664062,0,0.0067637908359703958,0.1,0.005,1,0,33
1913.125,0,3061.0160827636719,0,0.030517578125,-3061.0160827636719,0,0.0067633586673400969,0.1,0.0064,1,0,33
1913.25,0,3061.0160827636719,0,0,-3061.0160827636719,0,0.0067633629541614393,0.1,0.0062,1,0,33
1913.375,0,3061.0160827636719,0,0,-3061.0160827636719,0,0.0067633671610055068,0.1,0.0066,1,0,33
1913.5,0,3061.0084533691406,0,-0.06103515625,-3061.0084533691406,0,0.006764232410242238,0.1,0.0068,1,0,33
1913.625,0,3061.0122680664062,0,0.030517578125,-3061.0122680664062,0,0.0067637941711224531,0.1,0.0054,1,0,33
1913.75,0,3061.0198974609375,0,0.06103515625,-3061.0198974609375,0,0.0067629313798307777,0.1,0.0062,1,0,33
1913.875,0,3061.0160827636719,0,-0.030517578125,-3061.0160827636719,0,0.0067633720310389112,0.1,0.006,1,0,33
1914,0,3061.0122680664062,0,-0.030517578125,-3061.0122680664062,0,0.0067638066289787413,0.1,0.007,1,0,33
1914.125,0,3061.0122680664062,0,0,-3061.0122680664062,0,0.0067638047261444068,0.1,0.006,1,0,33
1914.25,0,3061.0084533691406,0,-0.030517578125,-3061.0084533691406,0,0.0067642334192492964,0.1,0.0062,1,0,33
1914.375,0,3061.0122680664062,0,0.030517578125,-3061.0122680664062,0,0.0067637951613049307,0.1,0.0066,1,0,33
1914.5,0,3061.0122680664062,0,0,-3061.0122680664062,0,0.0067637934724177479,0.1,0.006,1,0,33
1914.625,0,3061.0084533691406,0,-0.030517578125,-3061.0084533691406,0,0.0067642223754782738,0.1,0.0054,1,0,33
1914.75,0,3061.0122680664062,0,0.030517578125,-3061.0122680664062,0,0.006763784323572497,0.1,0.0064,1,0,33
1914.875,0,3061.0160827636719,0,0.030517578125,-3061.0160827636719,0,0.0067633522764410231,0.1,0.0058,1,0,33
1915,0,3061.0122680664062,0,-0.030517578125,-3061.0122680664062,0,0.0067637872429333612,0.1,0.0062,1,0,33
1915.125,0,3061.0084533691406,0,-0.030517578125,-3061.0084533691406,0,0.0067642162622145313,0.1,0.007,1,0,33
1915.25,0,3061.0084533691406,0,0,-3061.0084533691406,0,0.0067642088848000326,0.1,0.0072,1,0,33
1915.375,0,3061.0160827636719,0,0.06103515625,-3061.0160827636719,0,0.0067633405241447619,0.1,0.0058,1,0,33
1915.5,0,3061.0160827636719,0,0,-3061.0160827636719,0,0.00676334514945541,0.1,0.0054,1,0,33
1915.625,0,3061.0122680664062,0,-0.030517578125,-3061.0122680664062,0,0.0067637802489126653,0.1,0.0062,1,0,33
1915.75,0,3061.0160827636719,0,0.030517578125,-3061.0160827636719,0,0.0067633482778002574,0.1,0.0062,1,0,33
1915.875,0,3061.0122680664062,0,-0.030517578125,-3061.0122680664062,0,0.0067637833188934071,0.1,0.0074,1,0,33
1916,0,3061.0122680664062,0,0,-3061.0122680664062,0,0.0067637818509446862,0.1,0.006,1,0,33
1916.125,0,3061.0084533691406,0,-0.030517578125,-3061.0084533691406,0,0.0067642109708217352,0.1,0.0058,1,0,33
1916.25,0,3061.0084533691406,0,0,-3061.0084533691406,0,0.0067642036921263388,0.1,0.0064,1,0,33
1916.375,0,3061.0122680664062,0,0.030517578125,-3061.0122680664062,0,0.0067637659887873208,0.1,0.0068,1,0,33
1916.5,0,3061.0160827636719,0,0.030517578125,-3061.0160827636719,0,0.0067633342837195576,0.1,0.006,1,0,33
1916.625,0,3061.0122680664062,0,-0.030517578125,-3061.0122680664062,0,0.0067637695858938779,0.1,0.0066,1,0,33
1916.75,0,3061.0160827636719,0,0.030517578125,-3061.0160827636719,0,0.0067633378137165467,0.1,0.0058,1,0,33
1916.875,0,3061.0122680664062,0,-0.030517578125,-3061.0122680664062,0,0.0067637730500333254,0.1,0.007,1,0,33
1917,0,3061.0160827636719,0,0.030517578125,-3061.0160827636719,0,0.0067633412132271226,0.1,0.0054,1,0,33
1917.125,0,3061.0122680664062,0,-0.030517578125,-3061.0122680664062,0,0.0067637763861207872,0.1,0.0068,1,0,33
1917.25,0,3061.0122680664062,0,0,-3061.0122680664062,0,0.0067637750475136454,0.1,0.0068,1,0,33
1917.375,0,3061.0160827636719,0,0.030517578125,-3061.0160827636719,0,0.0067633431734413635,0.1,0.0068,1,0,33
1917.5,0,3061.0160827636719,0,0,-3061.0160827636719,0,0.0067633477493252991,0.1,0.0066,1,0,33
1917.625,0,3061.0122680664062,0,-0.030517578125,-3061.0122680664062,0,0.0067637828002779649,0.1,0.0056,1,0,33
1917.75,0,3061.0160827636719,0,0.030517578125,-3061.0160827636719,0,0.0067633507815659105,0.1,0.0058,1,0,33
1917.875,0,3061.0122680664062,0,-0.030517578125,-3061.0122680664062,0,0.0067637857759474534,0.1,0.0066,1,0,33
1918,0,3061.0084533691406,0,-0.030517578125,-3061.0084533691406,0,0.0067642148225975085,0.1,0.0066,1,0,33
1918.125,0,3061.0160827636719,0,0.06103515625,-3061.0160827636719,0,0.0067633463511634628,0.1,0.0054,1,0,33
1918.25,0,3061.0160827636719,0,0,-3061.0160827636719,0,0.0067633508677620857,0.1,0.0058,1,0,33
1918.375,0,3061.0160827636719,0,0,-3061.0160827636719,0,0.0067633553000965851,0.1,0.0058,1,0,33
1918.5,0,3061.0084533691406,0,-0.06103515625,-3061.0084533691406,0,0.0067642207706168772,0.1,0.0062,1,0,33
1918.625,0,3061.0122680664062,0,0.030517578125,-3061.0122680664062,0,0.0067637827486522611,0.1,0.0064,1,0,33
1918.75,0,3061.0084533691406,0,-0.030517578125,-3061.0084533691406,0,0.0067642118517811795,0.1,0.0058,1,0,33
1918.875,0,3061.0198974609375,0,0.091552734375,-3061.0198974609375,0,0.0067629128753333295,0.1,0.0064,1,0,33
1919,0,3061.0160827636719,0,-0.030517578125,-3061.0160827636719,0,0.0067633538717714187,0.1,0.0068,1,0,33
1919.125,0,3061.0160827636719,0,0,-3061.0160827636719,0,0.006763358248061499,0.1,0.0064,1,0,33
1919.25,0,3061.0122680664062,0,-0.030517578125,-3061.0122680664062,0,0.006763793103144039,0.1,0.0054,1,0,33
1919.375,0,3061.0160827636719,0,0.030517578125,-3061.0160827636719,0,0.0067633608922161165,0.1,0.0068,1,0,33
1919.5,0,3061.0122680664062,0,-0.030517578125,-3061.0122680664062,0,0.0067637956979678809,0.1,0.0062,1,0,33
1919.625,0,3061.0122680664062,0,0,-3061.0122680664062,0,0.0067637939990684293,0.1,0.0068,1,0,33
1919.75,0,3061.0160827636719,0,0.030517578125,-3061.0160827636719,0,0.006763361771425655,0.1,0.0062,1,0,33
1919.875,0,3061.0122680664062,0,-0.030517578125,-3061.0122680664062,0,0.0067637965607744016,0.1,0.0068,1,0,33
1920,0,3061.0160827636719,0,0.030517578125,-3061.0160827636719,0,0.0067633642853390519,0.1,0.0064,1,0,33
1920.125,0,3061.0122680664062,0,-0.030517578125,-3061.0122680664062,0,0.0067637990277868709,0.1,0.0058,1,0,33
1920.25,0,3061.0160827636719,0,0.030517578125,-3061.0160827636719,0,0.0067633667063255881,0.1,0.0064,1,0,33
1920.375,0,3061.0198974609375,0,0.030517578125,-3061.0198974609375,0,0.00676294028272828,0.1,0.0064,1,0,33
1920.5,0,3061.0160827636719,0,-0.030517578125,-3061.0160827636719,0,0.006763380767839125,0.1,0.007,1,0,33
1920.625,0,3061.0160827636719,0,0,-3061.0160827636719,0,0.0067633846423415522,0.1,0.0056,1,0,33
1920.75,0,3061.0084533691406,0,-0.06103515625,-3061.0084533691406,0,0.0067642495654369889,0.1,0.0062,1,0,33
1920.875,0,3061.0160827636719,0,0.06103515625,-3061.0160827636719,0,0.0067633804458216568,0.1,0.0058,1,0,33
1921,0,3061.0084533691406,0,-0.06103515625,-3061.0084533691406,0,0.0067642454472096464,0.1,0.0058,1,0,33
1921.125,0,3061.0160827636719,0,0.06103515625,-3061.0160827636719,0,0.0067633764044262024,0.1,0.007,1,0,33
1921.25,0,3061.0122680664062,0,-0.030517578125,-3061.0122680664062,0,0.006763810920773744,0.1,0.0062,1,0,33
1921.375,0,3061.0084533691406,0,-0.030517578125,-3061.0084533691406,0,0.0067642394983082749,0.1,0.0052,1,0,33
1921.5,0,3061.0122680664062,0,0.030517578125,-3061.0122680664062,0,0.0067638011269496728,0.1,0.0068,1,0,33
1921.625,0,3061.0122680664062,0,0,-3061.0122680664062,0,0.006763799326764186,0.1,0.0062,1,0,33
1921.75,0,3061.0084533691406,0,-0.030517578125,-3061.0084533691406,0,0.0067642281206028443,0.1,0.0052,1,0,33
1921.875,0,3061.004638671875,0,-0.030517578125,-3061.004638671875,0,0.00676465108239073,0.1,0.0068,1,0,33
1922,0,3061.0084533691406,0,0.030517578125,-3061.0084533691406,0,0.0067642072000559106,0.1,0.0066,1,0,33
1922.125,0,3061.0084533691406,0,0,-3061.0084533691406,0,0.0067641999917099627,0.1,0.0058,1,0,33
1922.25,0,3061.0122680664062,0,0.030517578125,-3061.0122680664062,0,0.0067637623574079153,0.1,0.0056,1,0,33
1922.375,0,3061.004638671875,0,-0.06103515625,-3061.004638671875,0,0.0067646224014058787,0.1,0.0068,1,0,33
1922.5,0,3061.0122680664062,0,0.06103515625,-3061.0122680664062,0,0.0067637484937201758,0.1,0.0068,1,0,33
1922.625,0,3061.0198974609375,0,0.06103515625,-3061.0198974609375,0,0.0067628865546109224,0.1,0.0068,1,0,33
1922.75,0,3061.0160827636719,0,-0.030517578125,-3061.0160827636719,0,0.0067633280421027092,0.1,0.0064,1,0,33
1922.875,0,3061.0160827636719,0,0,-3061.0160827636719,0,0.0067633329002851073,0.1,0.0062,1,0,33
1923,0,3061.0198974609375,0,0.030517578125,-3061.0198974609375,0,0.00676290710739165,0.1,0.007,1,0,33
1923.125,0,3061.0084533691406,0,-0.091552734375,-3061.0084533691406,0,0.0067642093323174307,0.1,0.0078,1,0,33
1923.25,0,3061.0160827636719,0,0.06103515625,-3061.0160827636719,0,0.0067633409633130331,0.1,0.007,1,0,33
1923.375,0,3061.0275268554688,0,0.091552734375,-3061.0275268554688,0,0.0067620538991135792,0.1,0.0048,1,0,33
1923.5,0,3061.0198974609375,0,-0.06103515625,-3061.0198974609375,0,0.0067629371459975024,0.1,0.0056,1,0,33
1923.625,0,3061.0084533691406,0,-0.091552734375,-3061.0084533691406,0,0.0067642388105067369,0.1,0.0062,1,0,33
1923.75,0,3061.0237121582031,0,0.1220703125,-3061.0237121582031,0,0.0067625087706633946,0.1,0.0066,1,0,33
1923.875,0,3061.0122680664062,0,-0.091552734375,-3061.0122680664062,0,0.0067638162594155643,0.1,0.0056,1,0,33
1924,0,3061.0122680664062,0,0,-3061.0122680664062,0,0.0067638141769105764,0.1,0.0072,1,0,33
1924.125,0,3061.0198974609375,0,0.06103515625,-3061.0198974609375,0,0.0067629510123800446,0.1,0.0062,1,0,33
1924.25,0,3061.0160827636719,0,-0.030517578125,-3061.0160827636719,0,0.006763391297312682,0.1,0.0066,1,0,33
1924.375,0,3061.0198974609375,0,0.030517578125,-3061.0198974609375,0,0.0067629644149325568,0.1,0.0058,1,0,33
1924.5,0,3061.0122680664062,0,-0.06103515625,-3061.0122680664062,0,0.0067638350102588035,0.1,0.005,1,0,33
1924.625,0,3061.0198974609375,0,0.06103515625,-3061.0198974609375,0,0.0067629714570500155,0.1,0.0062,1,0,33
1924.75,0,3061.0160827636719,0,-0.030517578125,-3061.0160827636719,0,0.0067634113605557905,0.1,0.0068,1,0,33
1924.875,0,3061.0160827636719,0,0,-3061.0160827636719,0,0.006763414664303885,0.1,0.0068,1,0,33
1925,0,3061.0160827636719,0,0,-3061.0160827636719,0,0.00676341790641545,0.1,0.0048,1,0,33
1925.125,0,3061.004638671875,0,-0.091552734375,-3061.004638671875,0,0.0067647127693571674,0.1,0.0056,1,0,33
1925.25,0,3061.0122680664062,0,0.06103515625,-3061.0122680664062,0,0.0067638371757178795,0.1,0.0064,1,0,33
1925.375,0,3061.0160827636719,0,0.030517578125,-3061.0160827636719,0,0.0067634041425480851,0.1,0.005,1,0,33
1925.5,0,3061.0160827636719,0,0,-3061.0160827636719,0,0.006763407580959252,0.1,0.0064,1,0,33
1925.625,0,3061.0122680664062,0,-0.030517578125,-3061.0122680664062,0,0.0067638415156604653,0.1,0.0066,1,0,33
1925.75,0,3061.0122680664062,0,0,-3061.0122680664062,0,0.0067638389619612549,0.1,0.0058,1,0,33
1925.875,0,3061.0160827636719,0,0.030517578125,-3061.0160827636719,0,0.0067634058954663262,0.1,0.007,1,0,33
1926,0,3061.0160827636719,0,0,-3061.0160827636719,0,0.0067634093011740976,0.1,0.0064,1,0,33
1926.125,0,3061.004638671875,0,-0.091552734375,-3061.004638671875,0,0.0067647043246598648,0.1,0.0054,1,0,33
1926.25,0,3061.0122680664062,0,0.06103515625,-3061.0122680664062,0,0.00676382888856944,0.1,0.0062,1,0,33
1926.375,0,3061.0122680664062,0,0,-3061.0122680664062,0,0.0067638265704480921,0.1,0.007,1,0,33
1926.5,0,3061.0084533691406,0,-0.030517578125,-3061.0084533691406,0,0.006764254856013785,0.1,0.0062,1,0,33
1926.625,0,3061.0160827636719,0,0.06103515625,-3061.0160827636719,0,0.0067633856376945745,0.1,0.0054,1,0,33
1926.75,0,3061.0122680664062,0,-0.030517578125,-3061.0122680664062,0,0.0067638199817812439,0.1,0.007,1,0,33
1926.875,0,3061.0084533691406,0,-0.030517578125,-3061.0084533691406,0,0.0067642483902686928,0.1,0.0068,1,0,33
1927,0,3061.0122680664062,0,0.030517578125,-3061.0122680664062,0,0.0067638098530168472,0.1,0.0058,1,0,33
1927.125,0,3061.0122680664062,0,0,-3061.0122680664062,0,0.0067638078900331133,0.1,0.0064,1,0,33
1927.25,0,3061.0160827636719,0,0.030517578125,-3061.0160827636719,0,0.0067633754032329491,0.1,0.0054,1,0,33
1927.375,0,3061.0198974609375,0,0.030517578125,-3061.0198974609375,0,0.0067629488173814173,0.1,0.0066,1,0,33
1927.5,0,3061.0160827636719,0,-0.030517578125,-3061.0160827636719,0,0.0067633891432651444,0.1,0.0068,1,0,33
1927.625,0,3061.0160827636719,0,0,-3061.0160827636719,0,0.0067633928615110778,0.1,0.0064,1,0,33
1927.75,0,3061.0160827636719,0,0,-3061.0160827636719,0,0.00676339651038739,0.1,0.0068,1,0,33
1927.875,0,3061.0122680664062,0,-0.030517578125,-3061.0122680664062,0,0.0067638306516271951,0.1,0.0062,1,0,33
1928,0,3061.0122680664062,0,0,-3061.0122680664062,0,0.0067638283006132838,0.1,0.005,1,0,33
1928.125,0,3061.0160827636719,0,0.030517578125,-3061.0160827636719,0,0.0067633954330222484,0.1,0.0062,1,0,33
1928.25,0,3061.0160827636719,0,0,-3061.0160827636719,0,0.0067633990339230482,0.1,0.0048,1,0,33
1928.375,0,3061.0160827636719,0,0,-3061.0160827636719,0,0.0067634025676434895,0.1,0.0062,1,0,33
1928.5,0,3061.0160827636719,0,0,-3061.0160827636719,0,0.0067634060354369308,0.1,0.007,1,0,33
1928.625,0,3061.0237121582031,0,0.06103515625,-3061.0237121582031,0,0.0067625483176555062,0.1,0.0058,1,0,33
1928.75,0,3061.0084533691406,0,-0.1220703125,-3061.0084533691406,0,0.0067642856290364151,0.1,0.006,1,0,33
1928.875,0,3061.0122680664062,0,0.030517578125,-3061.0122680664062,0,0.0067638463970378926,0.1,0.0074,1,0,33
1929,0,3061.0160827636719,0,0.030517578125,-3061.0160827636719,0,0.006763413191830131,0.1,0.007,1,0,33
1929.125,0,3061.0160827636719,0,0,-3061.0160827636719,0,0.0067634164614129716,0.1,0.0046,1,0,33
1929.25,0,3061.0160827636719,0,0,-3061.0160827636719,0,0.0067634196699967036,0.1,0.0058,1,0,33
1929.375,0,3061.0084533691406,0,-0.06103515625,-3061.0084533691406,0,0.0067642839395971738,0.1,0.0062,1,0,33
1929.5,0,3061.0122680664062,0,0.030517578125,-3061.0122680664062,0,0.0067638447391177442,0.1,0.0058,1,0,33
1929.625,0,3061.0122680664062,0,0,-3061.0122680664062,0,0.0067638421252799591,0.1,0.007,1,0,33
1929.75,0,3061.0237121582031,0,0.091552734375,-3061.0237121582031,0,0.0067625478788906207,0.1,0.0058,1,0,33
1929.875,0,3061.0160827636719,0,-0.06103515625,-3061.0160827636719,0,0.006763424077579544,0.1,0.006,1,0,33
1930,0,3061.0122680664062,0,-0.030517578125,-3061.0122680664062,0,0.0067638577045108367,0.1,0.0068,1,0,33
1930.125,0,3061.0122680664062,0,0,-3061.0122680664062,0,0.00676385484878364,0.1,0.006,1,0,33
1930.25,0,3061.0160827636719,0,0.030517578125,-3061.0160827636719,0,0.0067634214858955238,0.1,0.0064,1,0,33
1930.375,0,3061.0122680664062,0,-0.030517578125,-3061.0122680664062,0,0.0067638551611786946,0.1,0.0072,1,0,33
1930.5,0,3061.0122680664062,0,0,-3061.0122680664062,0,0.0067638523529012784,0.1,0.0064,1,0,33
1930.625,0,3061.0122680664062,0,0,-3061.0122680664062,0,0.006763849597016619,0.1,0.0046,1,0,33
1930.75,0,3061.0160827636719,0,0.030517578125,-3061.0160827636719,0,0.0067634163321083213,0.1,0.0054,1,0,33
1930.875,0,3061.0122680664062,0,-0.030517578125,-3061.0122680664062,0,0.0067638501035433424,0.1,0.0066,1,0,33
1931,0,3061.0160827636719,0,0.030517578125,-3061.0160827636719,0,0.0067634168291850066,0.1,0.0064,1,0,33
1931.125,0,3061.0122680664062,0,-0.030517578125,-3061.0122680664062,0,0.0067638505913462932,0.1,0.0058,1,0,33
1931.25,0,3061.0160827636719,0,0.030517578125,-3061.0160827636719,0,0.0067634173078872373,0.1,0.0064,1,0,33
1931.375,0,3061.0160827636719,0,0,-3061.0160827636719,0,0.0067634205006786852,0.1,0.0068,1,0,33
1931.5,0,3061.0122680664062,0,-0.030517578125,-3061.0122680664062,0,0.0067638541943425834,0.1,0.0054,1,0,33
1931.625,0,3061.0084533691406,0,-0.030517578125,-3061.0084533691406,0,0.0067642819645419017,0.1,0.0068,1,0,33
1931.75,0,3061.0122680664062,0,0.030517578125,-3061.0122680664062,0,0.0067638428009101775,0.1,0.0058,1,0,33
1931.875,0,3061.0084533691406,0,-0.030517578125,-3061.0084533691406,0,0.006764270783671561,0.1,0.0066,1,0,33
1932,0,3061.0122680664062,0,0.030517578125,-3061.0122680664062,0,0.006763831828636227,0.1,0.0066,1,0,33
1932.125,0,3061.0084533691406,0,-0.030517578125,-3061.0084533691406,0,0.0067642600161023081,0.1,0.0068,1,0,33
1932.25,0,3061.0160827636719,0,0.06103515625,-3061.0160827636719,0,0.0067633907015136885,0.1,0.0062,1,0,33
1932.375,0,3061.0122680664062,0,-0.030517578125,-3061.0122680664062,0,0.0067638249511269982,0.1,0.0064,1,0,33
1932.5,0,3061.0160827636719,0,0.030517578125,-3061.0160827636719,0,0.0067633921460258095,0.1,0.007,1,0,33
1932.625,0,3061.0160827636719,0,0,-3061.0160827636719,0,0.0067633958082506107,0.1,0.0066,1,0,33
1932.75,0,3061.0160827636719,0,0,-3061.0160827636719,0,0.0067633994021509547,0.1,0.0066,1,0,33
1932.875,0,3061.0160827636719,0,0,-3061.0160827636719,0,0.0067634029290015441,0.1,0.007,1,0,33
1933,0,3061.0122680664062,0,-0.030517578125,-3061.0122680664062,0,0.006763836950492208,0.1,0.0062,1,0,33
1933.125,0,3061.0122680664062,0,0,-3061.0122680664062,0,0.0067638344819632573,0.1,0.0066,1,0,33
1933.25,0,3061.0122680664062,0,0,-3061.0122680664062,0,0.0067638320594885226,0.1,0.006,1,0,33
1933.375,0,3061.0198974609375,0,0.06103515625,-3061.0198974609375,0,0.0067629685613309065,0.1,0.0058,1,0,33
1933.5,0,3061.0160827636719,0,-0.030517578125,-3061.0160827636719,0,0.0067634085188607862,0.1,0.0066,1,0,33
1933.625,0,3061.0084533691406,0,-0.06103515625,-3061.0084533691406,0,0.00676427299650291,0.1,0.0078,1,0,33
1933.75,0,3061.0122680664062,0,0.030517578125,-3061.0122680664062,0,0.0067638340001837938,0.1,0.0058,1,0,33
1933.875,0,3061.0160827636719,0,0.030517578125,-3061.0160827636719,0,0.0067634010262584837,0.1,0.0062,1,0,33
1934,0,3061.0160827636719,0,0,-3061.0160827636719,0,0.0067634045228088385,0.1,0.0068,1,0,33
1934.125,0,3061.0160827636719,0,0,-3061.0160827636719,0,0.0067634079541256525,0.1,0.0064,1,0,33
1934.25,0,3061.0084533691406,0,-0.06103515625,-3061.0084533691406,0,0.0067642724423037787,0.1,0.0062,1,0,33
1934.375,0,3061.0084533691406,0,0,-3061.0084533691406,0,0.0067642640167630136,0.1,0.0062,1,0,33
1934.5,0,3061.0122680664062,0,0.030517578125,-3061.0122680664062,0,0.0067638251879748035,0.1,0.007,1,0,33
1934.625,0,3061.0122680664062,0,0,-3061.0122680664062,0,0.0067638229388937571,0.1,0.0066,1,0,33
1934.75,0,3061.0122680664062,0,0,-3061.0122680664062,0,0.0067638207317727989,0.1,0.0068,1,0,33
1934.875,0,3061.0160827636719,0,0.030517578125,-3061.0160827636719,0,0.00676338800539017,0.1,0.0068,1,0,33
1935,0,3061.0160827636719,0,0,-3061.0160827636719,0,0.0067633917448649133,0.1,0.0056,1,0,33
1935.125,0,3061.0160827636719,0,0,-3061.0160827636719,0,0.0067633954145739916,0.1,0.0066,1,0,33
1935.25,0,3061.0084533691406,0,-0.06103515625,-3061.0084533691406,0,0.0067642601366968008,0.1,0.0068,1,0,33
1935.375,0,3061.0122680664062,0,0.030517578125,-3061.0122680664062,0,0.0067638213802972136,0.1,0.0066,1,0,33
1935.5,0,3061.0122680664062,0,0,-3061.0122680664062,0,0.0067638192022542731,0.1,0.0052,1,0,33
1935.625,0,3061.0122680664062,0,0,-3061.0122680664062,0,0.0067638170648460921,0.1,0.0068,1,0,33
1935.75,0,3061.0160827636719,0,0.030517578125,-3061.0160827636719,0,0.0067633844068756416,0.1,0.0062,1,0,33
1935.875,0,3061.0122680664062,0,-0.030517578125,-3061.0122680664062,0,0.0067638187739251371,0.1,0.0066,1,0,33
1936,0,3061.0084533691406,0,-0.030517578125,-3061.0084533691406,0,0.0067642472049470048,0.1,0.0062,1,0,33
1936.125,0,3061.0160827636719,0,0.06103515625,-3061.0160827636719,0,0.0067633781293702511,0.1,0.0054,1,0,33
1936.25,0,3061.0122680664062,0,-0.030517578125,-3061.0122680664062,0,0.0067638126135362991,0.1,0.006,1,0,33
1936.375,0,3061.0122680664062,0,0,-3061.0122680664062,0,0.0067638105990508179,0.1,0.007,1,0,33
1936.5,0,3061.0160827636719,0,0.030517578125,-3061.0160827636719,0,0.0067633780617097489,0.1,0.0068,1,0,33
1936.625,0,3061.0160827636719,0,0,-3061.0160827636719,0,0.0067633819866991934,0.1,0.0068,1,0,33
1936.75,0,3061.0122680664062,0,-0.030517578125,-3061.0122680664062,0,0.006763816398900821,0.1,0.0068,1,0,33
1936.875,0,3061.0084533691406,0,-0.030517578125,-3061.0084533691406,0,0.0067642448742324252,0.1,0.0062,1,0,33
1937,0,3061.0122680664062,0,0.030517578125,-3061.0122680664062,0,0.0067638064025776629,0.1,0.0064,1,0,33
1937.125,0,3061.0122680664062,0,0,-3061.0122680664062,0,0.0067638045039672,0.1,0.0064,1,0,33
1937.25,0,3061.0084533691406,0,-0.030517578125,-3061.0084533691406,0,0.0067642332012171486,0.1,0.007,1,0,33
1937.375,0,3061.0084533691406,0,0,-3061.0084533691406,0,0.0067642255077794144,0.1,0.0058,1,0,33
1937.5,0,3061.0122680664062,0,0.030517578125,-3061.0122680664062,0,0.0067637873974357166,0.1,0.0066,1,0,33
1937.625,0,3061.0160827636719,0,0.030517578125,-3061.0160827636719,0,0.0067633552929565882,0.1,0.0066,1,0,33
1937.75,0,3061.0084533691406,0,-0.06103515625,-3061.0084533691406,0,0.0067642207636100932,0.1,0.0052,1,0,33
1937.875,0,3061.0122680664062,0,0.030517578125,-3061.0122680664062,0,0.0067637827417762059,0.1,0.0074,1,0,33
1938,0,3061.0160827636719,0,0.030517578125,-3061.0160827636719,0,0.006763350724155584,0.1,0.0058,1,0,33
1938.125,0,3061.0122680664062,0,-0.030517578125,-3061.0122680664062,0,0.0067637857196082007,0.1,0.0048,1,0,33
1938.25,0,3061.0122680664062,0,0,-3061.0122680664062,0,0.0067637842068704462,0.1,0.0068,1,0,33
1938.375,0,3061.0122680664062,0,0,-3061.0122680664062,0,0.0067637827223551439,0.1,0.007,1,0,33
1938.5,0,3061.0160827636719,0,0.030517578125,-3061.0160827636719,0,0.0067633507050968572,0.1,0.0066,1,0,33
1938.625,0,3061.0160827636719,0,0,-3061.0160827636719,0,0.0067633551404661374,0.1,0.007,1,0,33
1938.75,0,3061.0160827636719,0,0,-3061.0160827636719,0,0.0067633594930867486,0.1,0.0066,1,0,33
1938.875,0,3061.0160827636719,0,0,-3061.0160827636719,0,0.0067633637645025113,0.1,0.0066,1,0,33
1939,0,3061.0122680664062,0,-0.030517578125,-3061.0122680664062,0,0.0067637985166673353,0.1,0.006,1,0,33
1939.125,0,3061.0122680664062,0,0,-3061.0122680664062,0,0.0067637967651806991,0.1,0.0064,1,0,33
1939.25,0,3061.0160827636719,0,0.030517578125,-3061.0160827636719,0,0.00676336448593183,0.1,0.0062,1,0,33
1939.375,0,3061.0122680664062,0,-0.030517578125,-3061.0122680664062,0,0.0067637992246372819,0.1,0.0052,1,0,33
1939.5,0,3061.0160827636719,0,0.030517578125,-3061.0160827636719,0,0.0067633668995034507,0.1,0.006,1,0,33
1939.625,0,3061.0160827636719,0,0,-3061.0160827636719,0,0.0067633710327410779,0.1,0.0068,1,0,33
1939.75,0,3061.0160827636719,0,0,-3061.0160827636719,0,0.0067633750888667771,0.1,0.0062,1,0,33
1939.875,0,3061.0198974609375,0,0.030517578125,-3061.0198974609375,0,0.0067629485088802344,0.1,0.007,1,0,33
1940,0,3061.0122680664062,0,-0.06103515625,-3061.0122680664062,0,0.0067638194009584374,0.1,0.0066,1,0,33
1940.125,0,3061.0160827636719,0,0.030517578125,-3061.0160827636719,0,0.0067633866994041975,0.1,0.0066,1,0,33
1940.25,0,3061.0084533691406,0,-0.06103515625,-3061.0084533691406,0,0.006764251584121958,0.1,0.0058,1,0,33
1940.375,0,3061.0160827636719,0,0.06103515625,-3061.0160827636719,0,0.0067633824268449466,0.1,0.0072,1,0,33
1940.5,0,3061.0122680664062,0,-0.030517578125,-3061.0122680664062,0,0.0067638168308349761,0.1,0.0052,1,0,33
1940.625,0,3061.0122680664062,0,0,-3061.0122680664062,0,0.00676381473766928,0.1,0.0062,1,0,33
1940.75,0,3061.0084533691406,0,-0.030517578125,-3061.0084533691406,0,0.0067642432439937311,0.1,0.006,1,0,33
1940.875,0,3061.0084533691406,0,0,-3061.0084533691406,0,0.0067642353631924973,0.1,0.006,1,0,33
1941,0,3061.0084533691406,0,0,-3061.0084533691406,0,0.0067642276294197778,0.1,0.0068,1,0,33
1941.125,0,3061.0160827636719,0,0.06103515625,-3061.0160827636719,0,0.0067633589190546906,0.1,0.0068,1,0,33
1941.25,0,3061.0084533691406,0,-0.06103515625,-3061.0084533691406,0,0.0067642243220577408,0.1,0.0064,1,0,33
1941.375,0,3061.0160827636719,0,0.06103515625,-3061.0160827636719,0,0.006763355673396601,0.1,0.0064,1,0,33
1941.5,0,3061.0160827636719,0,0,-3061.0160827636719,0,0.0067633600160745821,0.1,0.0066,1,0,33
1941.625,0,3061.0160827636719,0,0,-3061.0160827636719,0,0.0067633642777332054,0.1,0.0058,1,0,33
1941.75,0,3061.0084533691406,0,-0.06103515625,-3061.0084533691406,0,0.006764229580761838,0.1,0.0052,1,0,33
1941.875,0,3061.0084533691406,0,0,-3061.0084533691406,0,0.0067642219548692817,0.1,0.0066,1,0,33
1942,0,3061.0160827636719,0,0.06103515625,-3061.0160827636719,0,0.00676335335037169,0.1,0.007,1,0,33
1942.125,0,3061.0122680664062,0,-0.030517578125,-3061.0122680664062,0,0.0067637882968281937,0.1,0.0066,1,0,33
1942.25,0,3061.0198974609375,0,0.06103515625,-3061.0198974609375,0,0.0067629256151305328,0.1,0.0056,1,0,33
1942.375,0,3061.0160827636719,0,-0.030517578125,-3061.0160827636719,0,0.0067633663738880523,0.1,0.006,1,0,33
1942.5,0,3061.0122680664062,0,-0.030517578125,-3061.0122680664062,0,0.0067638010773707624,0.1,0.0062,1,0,33
1942.625,0,3061.0160827636719,0,0.030517578125,-3061.0160827636719,0,0.0067633687176713309,0.1,0.0064,1,0,33
1942.75,0,3061.0160827636719,0,0,-3061.0160827636719,0,0.0067633728169882307,0.1,0.005,1,0,33
1942.875,0,3061.0122680664062,0,-0.030517578125,-3061.0122680664062,0,0.0067638074002649706,0.1,0.006,1,0,33
1943,0,3061.0160827636719,0,0.030517578125,-3061.0160827636719,0,0.0067633749226021916,0.1,0.007,1,0,33
1943.125,0,3061.0160827636719,0,0,-3061.0160827636719,0,0.0067633789061565391,0.1,0.0058,1,0,33
1943.25,0,3061.0122680664062,0,-0.030517578125,-3061.0122680664062,0,0.0067638133758304436,0.1,0.0076,1,0,33
1943.375,0,3061.0198974609375,0,0.06103515625,-3061.0198974609375,0,0.006762950226245304,0.1,0.0062,1,0,33
1943.5,0,3061.0122680664062,0,-0.06103515625,-3061.0122680664062,0,0.0067638210862834142,0.1,0.0054,1,0,33
1943.625,0,3061.0084533691406,0,-0.030517578125,-3061.0084533691406,0,0.0067642494741646658,0.1,0.007,1,0,33
1943.75,0,3061.0122680664062,0,0.030517578125,-3061.0122680664062,0,0.0067638109166910654,0.1,0.006,1,0,33
1943.875,0,3061.0008239746094,0,-0.091552734375,-3061.0008239746094,0,0.0067651006151795839,0.1,0.0066,1,0,33
1944,0,3061.0084533691406,0,0.06103515625,-3061.0084533691406,0,0.0067642199534379971,0.1,0.0058,1,0,33
1944.125,0,3061.0160827636719,0,0.06103515625,-3061.0160827636719,0,0.006763351386280203,0.1,0.0052,1,0,33
1944.25,0,3061.0084533691406,0,-0.06103515625,-3061.0084533691406,0,0.006764216929818781,0.1,0.0066,1,0,33
1944.375,0,3061.0122680664062,0,0.030517578125,-3061.0122680664062,0,0.0067637789795101794,0.1,0.005,1,0,33
1944.5,0,3061.0122680664062,0,0,-3061.0122680664062,0,0.0067637775925193516,0.1,0.007,1,0,33
1944.625,0,3061.0122680664062,0,0,-3061.0122680664062,0,0.0067637762314049776,0.1,0.0066,1,0,33
1944.75,0,3061.0084533691406,0,-0.030517578125,-3061.0084533691406,0,0.006764205456123204,0.1,0.0062,1,0,33
1944.875,0,3061.0122680664062,0,0.030517578125,-3061.0122680664062,0,0.0067637677198740948,0.1,0.0068,1,0,33
1945,0,3061.0160827636719,0,0.030517578125,-3061.0160827636719,0,0.0067633359825102352,0.1,0.0074,1,0,33
1945.125,0,3061.0122680664062,0,-0.030517578125,-3061.0122680664062,0,0.006763771252990991,0.1,0.005,1,0,33
1945.25,0,3061.0122680664062,0,0,-3061.0122680664062,0,0.0067637700101502995,0.1,0.0064,1,0,33
1945.375,0,3061.0122680664062,0,0,-3061.0122680664062,0,0.006763768790496727,0.1,0.0064,1,0,33
1945.5,0,3061.0084533691406,0,-0.030517578125,-3061.0084533691406,0,0.0067641981540365881,0.1,0.0054,1,0,33
1945.625,0,3061.0122680664062,0,0.030517578125,-3061.0122680664062,0,0.0067637605540191714,0.1,0.0064,1,0,33
1945.75,0,3061.0122680664062,0,0,-3061.0122680664062,0,0.0067637595107843118,0.1,0.0068,1,0,33
1945.875,0,3061.0122680664062,0,0,-3061.0122680664062,0,0.0067637584870126055,0.1,0.0056,1,0,33
1946,0,3061.0122680664062,0,0,-3061.0122680664062,0,0.00676375748234094,0.1,0.0068,1,0,33
1946.125,0,3061.0122680664062,0,0,-3061.0122680664062,0,0.0067637564964129759,0.1,0.0072,1,0,33
1946.25,0,3061.0122680664062,0,0,-3061.0122680664062,0,0.00676375552887902,0.1,0.0064,1,0,33
1946.375,0,3061.0122680664062,0,0,-3061.0122680664062,0,0.0067637545793959031,0.1,0.006,1,0,33
1946.5,0,3061.0160827636719,0,0.030517578125,-3061.0160827636719,0,0.0067633230871879529,0.1,0.0068,1,0,33
1946.625,0,3061.0084533691406,0,-0.06103515625,-3061.0084533691406,0,0.0067641891586897596,0.1,0.0068,1,0,33
1946.75,0,3061.0084533691406,0,0,-3061.0084533691406,0,0.0067641822869333457,0.1,0.0064,1,0,33
1946.875,0,3061.0122680664062,0,0.030517578125,-3061.0122680664062,0,0.0067637449829412305,0.1,0.0062,1,0,33
1947,0,3061.0122680664062,0,0,-3061.0122680664062,0,0.0067637442302088541,0.1,0.0066,1,0,33
1947.125,0,3061.0122680664062,0,0,-3061.0122680664062,0,0.0067637434915198691,0.1,0.0064,1,0,33
1947.25,0,3061.0122680664062,0,0,-3061.0122680664062,0,0.0067637427666122629,0.1,0.0066,1,0,33
1947.375,0,3061.0122680664062,0,0,-3061.0122680664062,0,0.0067637420552289357,0.1,0.0068,1,0,33
1947.5,0,3061.0084533691406,0,-0.030517578125,-3061.0084533691406,0,0.0067641719175564746,0.1,0.0062,1,0,33
1947.625,0,3061.0122680664062,0,0.030517578125,-3061.0122680664062,0,0.0067637348070210823,0.1,0.0066,1,0,33
1947.75,0,3061.0122680664062,0,0,-3061.0122680664062,0,0.0067637342441362047,0.1,0.0066,1,0,33
1947.875,0,3061.0122680664062,0,0,-3061.0122680664062,0,0.0067637336917528157,0.1,0.006,1,0,33
1948,0,3061.0122680664062,0,0,-3061.0122680664062,0,0.0067637331496749886,0.1,0.005,1,0,33
1948.125,0,3061.0084533691406,0,-0.030517578125,-3061.0084533691406,0,0.0067641631781493738,0.1,0.0064,1,0,33
1948.25,0,3061.0084533691406,0,0,-3061.0084533691406,0,0.0067641567911000261,0.1,0.0062,1,0,33
1948.375,0,3061.0122680664062,0,0.030517578125,-3061.0122680664062,0,0.00676371996277203,0.1,0.007,1,0,33
1948.5,0,3061.0160827636719,0,0.030517578125,-3061.0160827636719,0,0.0067632891163906111,0.1,0.0076,1,0,33
1948.625,0,3061.0122680664062,0,-0.030517578125,-3061.0122680664062,0,0.00676372526123116,0.1,0.006,1,0,33
1948.75,0,3061.0084533691406,0,-0.030517578125,-3061.0084533691406,0,0.00676415543687664,0.1,0.006,1,0,33
1948.875,0,3061.0122680664062,0,0.030517578125,-3061.0122680664062,0,0.0067637186338137673,0.1,0.0048,1,0,33
1949,0,3061.0122680664062,0,0,-3061.0122680664062,0,0.0067637183726650257,0.1,0.0058,1,0,33
1949.125,0,3061.0198974609375,0,0.06103515625,-3061.0198974609375,0,0.0067628569955105328,0.1,0.0074,1,0,33
1949.25,0,3061.0122680664062,0,-0.06103515625,-3061.0122680664062,0,0.0067637295949118659,0.1,0.006,1,0,33
1949.375,0,3061.0160827636719,0,0.030517578125,-3061.0160827636719,0,0.0067632985688280134,0.1,0.006,1,0,33
1949.5,0,3061.0160827636719,0,0,-3061.0160827636719,0,0.0067633039768798392,0.1,0.0066,1,0,33
1949.625,0,3061.0084533691406,0,-0.06103515625,-3061.0084533691406,0,0.0067641704049139356,0.1,0.0066,1,0,33
1949.75,0,3061.0160827636719,0,0.06103515625,-3061.0160827636719,0,0.00676330276216032,0.1,0.0072,1,0,33
1949.875,0,3061.0198974609375,0,0.030517578125,-3061.0198974609375,0,0.00676287753154009,0.1,0.0052,1,0,33
1950,0,3061.0160827636719,0,-0.030517578125,-3061.0160827636719,0,0.0067633191873711918,0.1,0.0062,1,0,33
1950.125,0,3061.0122680664062,0,-0.030517578125,-3061.0122680664062,0,0.0067637547711911911,0.1,0.0068,1,0,33
1950.25,0,3061.0122680664062,0,0,-3061.0122680664062,0,0.0067637538358439053,0.1,0.0068,1,0,33
1950.375,0,3061.0122680664062,0,0,-3061.0122680664062,0,0.00676375291794698,0.1,0.0058,1,0,33
1950.5,0,3061.0160827636719,0,0.030517578125,-3061.0160827636719,0,0.0067633214567359157,0.1,0.0064,1,0,33
1950.625,0,3061.0160827636719,0,0,-3061.0160827636719,0,0.0067633264377784941,0.1,0.0066,1,0,33
1950.75,0,3061.0084533691406,0,-0.06103515625,-3061.0084533691406,0,0.0067641924467698733,0.1,0.0064,1,0,33
1950.875,0,3061.0160827636719,0,0.06103515625,-3061.0160827636719,0,0.0067633243927914116,0.1,0.0054,1,0,33
1951,0,3061.0160827636719,0,0,-3061.0160827636719,0,0.0067633293190573485,0.1,0.0062,1,0,33
1951.125,0,3061.0084533691406,0,-0.06103515625,-3061.0084533691406,0,0.0067641952742940187,0.1,0.0062,1,0,33
1951.25,0,3061.0122680664062,0,0.030517578125,-3061.0122680664062,0,0.0067637577280026534,0.1,0.0058,1,0,33
1951.375,0,3061.0122680664062,0,0,-3061.0122680664062,0,0.0067637567374914942,0.1,0.0078,1,0,33
1951.5,0,3061.0122680664062,0,0,-3061.0122680664062,0,0.0067637557654598446,0.1,0.0058,1,0,33
1951.625,0,3061.0122680664062,0,0,-3061.0122680664062,0,0.0067637548115629526,0.1,0.006,1,0,33
1951.75,0,3061.0160827636719,0,0.030517578125,-3061.0160827636719,0,0.0067633233150235644,0.1,0.0058,1,0,33
1951.875,0,3061.0122680664062,0,-0.030517578125,-3061.0122680664062,0,0.0067637588218358441,0.1,0.0066,1,0,33
1952,0,3061.0160827636719,0,0.030517578125,-3061.0160827636719,0,0.0067633272504786235,0.1,0.006,1,0,33
1952.125,0,3061.0198974609375,0,0.030517578125,-3061.0198974609375,0,0.0067629015629910305,0.1,0.0066,1,0,33
1952.25,0,3061.0160827636719,0,-0.030517578125,-3061.0160827636719,0,0.0067633427704783255,0.1,0.0062,1,0,33
1952.375,0,3061.0160827636719,0,0,-3061.0160827636719,0,0.00676334735388015,0.1,0.0062,1,0,33
1952.5,0,3061.0122680664062,0,-0.030517578125,-3061.0122680664062,0,0.0067637824122104562,0.1,0.0068,1,0,33
1952.625,0,3061.0160827636719,0,0.030517578125,-3061.0160827636719,0,0.0067633504007384021,0.1,0.005,1,0,33
1952.75,0,3061.0160827636719,0,0,-3061.0160827636719,0,0.00676335484178596,0.1,0.0058,1,0,33
1952.875,0,3061.0160827636719,0,0,-3061.0160827636719,0,0.0067633591999789189,0.1,0.007,1,0,33
1953,0,3061.0084533691406,0,-0.06103515625,-3061.0084533691406,0,0.0067642245977408838,0.1,0.0056,1,0,33
1953.125,0,3061.0084533691406,0,0,-3061.0084533691406,0,0.0067642170648142819,0.1,0.0068,1,0,33
1953.25,0,3061.0198974609375,0,0.091552734375,-3061.0198974609375,0,0.0067629179911092435,0.1,0.0066,1,0,33
1953.375,0,3061.0122680664062,0,-0.06103515625,-3061.0122680664062,0,0.0067637894525435643,0.1,0.0076,1,0,33
1953.5,0,3061.0122680664062,0,0,-3061.0122680664062,0,0.006763787870162144,0.1,0.0062,1,0,33
1953.625,0,3061.0122680664062,0,0,-3061.0122680664062,0,0.0067637863173024837,0.1,0.0074,1,0,33
1953.75,0,3061.0122680664062,0,0,-3061.0122680664062,0,0.0067637847934138157,0.1,0.0052,1,0,33
1953.875,0,3061.0084533691406,0,-0.030517578125,-3061.0084533691406,0,0.0067642138583945549,0.1,0.0066,1,0,33
1954,0,3061.0160827636719,0,0.06103515625,-3061.0160827636719,0,0.0067633454049492031,0.1,0.007,1,0,33
1954.125,0,3061.0160827636719,0,0,-3061.0160827636719,0,0.0067633499392009133,0.1,0.006,1,0,33
1954.25,0,3061.0122680664062,0,-0.030517578125,-3061.0122680664062,0,0.0067637849492980795,0.1,0.0064,1,0,33
1954.375,0,3061.004638671875,0,-0.06103515625,-3061.004638671875,0,0.006764644571809475,0.1,0.0064,1,0,33
1954.5,0,3061.0160827636719,0,0.091552734375,-3061.0160827636719,0,0.0067633396900617648,0.1,0.0064,1,0,33
1954.625,0,3061.0122680664062,0,-0.030517578125,-3061.0122680664062,0,0.0067637748913724344,0.1,0.0068,1,0,33
1954.75,0,3061.0198974609375,0,0.06103515625,-3061.0198974609375,0,0.0067629124597742424,0.1,0.007,1,0,33
1954.875,0,3061.0160827636719,0,-0.030517578125,-3061.0160827636719,0,0.0067633534639652271,0.1,0.0068,1,0,33
1955,0,3061.0198974609375,0,0.030517578125,-3061.0198974609375,0,0.006762927287424586,0.1,0.007,1,0,33
1955.125,0,3061.0122680664062,0,-0.06103515625,-3061.0122680664062,0,0.006763798575421795,0.1,0.0062,1,0,33
1955.25,0,3061.0122680664062,0,0,-3061.0122680664062,0,0.0067637968228389939,0.1,0.006,1,0,33
1955.375,0,3061.004638671875,0,-0.06103515625,-3061.004638671875,0,0.0067646562238311558,0.1,0.006,1,0,33
1955.5,0,3061.0122680664062,0,0.06103515625,-3061.0122680664062,0,0.0067637816851359167,0.1,0.0062,1,0,33
1955.625,0,3061.0122680664062,0,0,-3061.0122680664062,0,0.0067637802476674669,0.1,0.0062,1,0,33
1955.75,0,3061.0084533691406,0,-0.030517578125,-3061.0084533691406,0,0.0067642093974561168,0.1,0.006,1,0,33
1955.875,0,3061.0160827636719,0,0.06103515625,-3061.0160827636719,0,0.0067633410272364552,0.1,0.0072,1,0,33
1956,0,3061.004638671875,0,-0.091552734375,-3061.004638671875,0,0.0067646373244778929,0.1,0.0062,1,0,33
1956.125,0,3061.0122680664062,0,0.06103515625,-3061.0122680664062,0,0.0067637631383792446,0.1,0.0082,1,0,33
1956.25,0,3061.0160827636719,0,0.030517578125,-3061.0160827636719,0,0.0067633314864902483,0.1,0.0062,1,0,33
1956.375,0,3061.0160827636719,0,0,-3061.0160827636719,0,0.0067633362804122854,0.1,0.006,1,0,33
1956.5,0,3061.0122680664062,0,-0.030517578125,-3061.0122680664062,0,0.0067637715453352232,0.1,0.0064,1,0,33
1956.625,0,3061.0122680664062,0,0,-3061.0122680664062,0,0.0067637702970404084,0.1,0.0064,1,0,33
1956.75,0,3061.0084533691406,0,-0.030517578125,-3061.0084533691406,0,0.0067641996324733639,0.1,0.0056,1,0,33
1956.875,0,3061.0122680664062,0,0.030517578125,-3061.0122680664062,0,0.0067637620048734415,0.1,0.0052,1,0,33
1957,0,3061.0122680664062,0,0,-3061.0122680664062,0,0.0067637609345706506,0.1,0.0058,1,0,33
1957.125,0,3061.0122680664062,0,0,-3061.0122680664062,0,0.0067637598842360119,0.1,0.0068,1,0,33
1957.25,0,3061.0122680664062,0,0,-3061.0122680664062,0,0.00676375885349699,0.1,0.0052,1,0,33
1957.375,0,3061.0122680664062,0,0,-3061.0122680664062,0,0.0067637578419880023,0.1,0.0056,1,0,33
1957.5,0,3061.0198974609375,0,0.06103515625,-3061.0198974609375,0,0.0067628957284723845,0.1,0.005,1,0,33
1957.625,0,3061.0198974609375,0,0,-3061.0198974609375,0,0.0067629064843726661,0.1,0.0062,1,0,33
1957.75,0,3061.0198974609375,0,0,-3061.0198974609375,0,0.0067629170396050209,0.1,0.006,1,0,33
1957.875,0,3061.0198974609375,0,0,-3061.0198974609375,0,0.0067629273979132321,0.1,0.0058,1,0,33
1958,0,3061.0160827636719,0,-0.030517578125,-3061.0160827636719,0,0.0067633681234101906,0.1,0.007,1,0,33
1958.125,0,3061.0122680664062,0,-0.030517578125,-3061.0122680664062,0,0.0067638027942528711,0.1,0.0068,1,0,33
1958.25,0,3061.0122680664062,0,0,-3061.0122680664062,0,0.0067638009629612666,0.1,0.006,1,0,33
1958.375,0,3061.0122680664062,0,0,-3061.0122680664062,0,0.0067637991658352353,0.1,0.006,1,0,33
1958.5,0,3061.0160827636719,0,0.030517578125,-3061.0160827636719,0,0.0067633668417984572,0.1,0.006,1,0,33
1958.625,0,3061.0122680664062,0,-0.030517578125,-3061.0122680664062,0,0.0067638015365515808,0.1,0.0054,1,0,33
1958.75,0,3061.0122680664062,0,0,-3061.0122680664062,0,0.0067637997287243318,0.1,0.008,1,0,33
1958.875,0,3061.0122680664062,0,0,-3061.0122680664062,0,0.006763797954624895,0.1,0.0072,1,0,33
1959,0,3061.0160827636719,0,0.030517578125,-3061.0160827636719,0,0.0067633656531851105,0.1,0.0058,1,0,33
1959.125,0,3061.0198974609375,0,0.030517578125,-3061.0198974609375,0,0.0067629392492357665,0.1,0.0064,1,0,33
1959.25,0,3061.0160827636719,0,-0.030517578125,-3061.0160827636719,0,0.0067633797536280071,0.1,0.0048,1,0,33
1959.375,0,3061.0160827636719,0,0,-3061.0160827636719,0,0.0067633836470521042,0.1,0.0056,1,0,33
1959.5,0,3061.0160827636719,0,0,-3061.0160827636719,0,0.0067633874678383749,0.1,0.0072,1,0,33
1959.625,0,3061.0160827636719,0,0,-3061.0160827636719,0,0.0067633912173419714,0.1,0.0064,1,0,33
1959.75,0,3061.0198974609375,0,0.030517578125,-3061.0198974609375,0,0.0067629643364538333,0.1,0.0062,1,0,33
1959.875,0,3061.0122680664062,0,-0.06103515625,-3061.0122680664062,0,0.0067638349332442282,0.1,0.0066,1,0,33
1960,0,3061.0198974609375,0,0.06103515625,-3061.0198974609375,0,0.0067629713814722631,0.1,0.0066,1,0,33
1960.125,0,3061.0122680664062,0,-0.06103515625,-3061.0122680664062,0,0.0067638418468269623,0.1,0.0066,1,0,33
1960.25,0,3061.0160827636719,0,0.030517578125,-3061.0160827636719,0,0.00676340872651042,0.1,0.0054,1,0,33
1960.375,0,3061.0084533691406,0,-0.06103515625,-3061.0084533691406,0,0.0067642732002785172,0.1,0.0064,1,0,33
1960.5,0,3061.0160827636719,0,0.06103515625,-3061.0160827636719,0,0.0067634036397187375,0.1,0.0058,1,0,33
1960.625,0,3061.0160827636719,0,0,-3061.0160827636719,0,0.0067634070875109559,0.1,0.0058,1,0,33
1960.75,0,3061.0160827636719,0,0,-3061.0160827636719,0,0.0067634104709792947,0.1,0.0068,1,0,33
1960.875,0,3061.0160827636719,0,0,-3061.0160827636719,0,0.0067634137913238079,0.1,0.0064,1,0,33
1961,0,3061.0122680664062,0,-0.030517578125,-3061.0122680664062,0,0.0067638476101610778,0.1,0.0068,1,0,33
1961.125,0,3061.0198974609375,0,0.06103515625,-3061.0198974609375,0,0.006762983821881674,0.1,0.0058,1,0,33
1961.25,0,3061.0198974609375,0,0,-3061.0198974609375,0,0.0067629929342634537,0.1,0.006,1,0,33
1961.375,0,3061.0160827636719,0,-0.030517578125,-3061.0160827636719,0,0.0067634324370786647,0.1,0.0058,1,0,33
1961.5,0,3061.0122680664062,0,-0.030517578125,-3061.0122680664062,0,0.0067638659080506147,0.1,0.0072,1,0,33
1961.625,0,3061.0122680664062,0,0,-3061.0122680664062,0,0.00676386289927372,0.1,0.0066,1,0,33
1961.75,0,3061.0122680664062,0,0,-3061.0122680664062,0,0.0067638599466302018,0.1,0.0068,1,0,33
1961.875,0,3061.0160827636719,0,0.030517578125,-3061.0160827636719,0,0.0067634264886338863,0.1,0.0064,1,0,33
1962,0,3061.0160827636719,0,0,-3061.0160827636719,0,0.0067634295101443309,0.1,0.0066,1,0,33
1962.125,0,3061.0122680664062,0,-0.030517578125,-3061.0122680664062,0,0.006763863035722753,0.1,0.0066,1,0,33
1962.25,0,3061.0122680664062,0,0,-3061.0122680664062,0,0.0067638600805335625,0.1,0.0064,1,0,33
1962.375,0,3061.0160827636719,0,0.030517578125,-3061.0160827636719,0,0.0067634266200390786,0.1,0.0068,1,0,33
1962.5,0,3061.0160827636719,0,0,-3061.0160827636719,0,0.0067634296390979565,0.1,0.0066,1,0,33
1962.625,0,3061.0160827636719,0,0,-3061.0160827636719,0,0.00676343260183164,0.1,0.006,1,0,33
1962.75,0,3061.0198974609375,0,0.030517578125,-3061.0198974609375,0,0.0067630049488519861,0.1,0.006,1,0,33
1962.875,0,3061.0198974609375,0,0,-3061.0198974609375,0,0.0067630136670775443,0.1,0.0066,1,0,33
1963,0,3061.0198974609375,0,0,-3061.0198974609375,0,0.0067630222226511411,0.1,0.0056,1,0,33
1963.125,0,3061.0160827636719,0,-0.030517578125,-3061.0160827636719,0,0.0067634611790462762,0.1,0.0068,1,0,33
1963.25,0,3061.0160827636719,0,0,-3061.0160827636719,0,0.0067634635533535409,0.1,0.0058,1,0,33
1963.375,0,3061.0122680664062,0,-0.030517578125,-3061.0122680664062,0,0.0067638964438033605,0.1,0.0068,1,0,33
1963.5,0,3061.0084533691406,0,-0.030517578125,-3061.0084533691406,0,0.0067643234257737939,0.1,0.0072,1,0,33
1963.625,0,3061.0122680664062,0,0.030517578125,-3061.0122680664062,0,0.00676388348861881,0.1,0.0068,1,0,33
1963.75,0,3061.0122680664062,0,0,-3061.0122680664062,0,0.006763880151849283,0.1,0.0068,1,0,33
1963.875,0,3061.0122680664062,0,0,-3061.0122680664062,0,0.0067638768773323477,0.1,0.0068,1,0,33
1964,0,3061.0198974609375,0,0.06103515625,-3061.0198974609375,0,0.00676301254302869,0.1,0.0068,1,0,33
1964.125,0,3061.0084533691406,0,-0.091552734375,-3061.0084533691406,0,0.0067643128008899461,0.1,0.0058,1,0,33
1964.25,0,3061.0122680664062,0,0.030517578125,-3061.0122680664062,0,0.0067638730619585669,0.1,0.0052,1,0,33
1964.375,0,3061.0084533691406,0,-0.030517578125,-3061.0084533691406,0,0.00676430048015339,0.1,0.007,1,0,33
1964.5,0,3061.0084533691406,0,0,-3061.0084533691406,0,0.0067642915315232754,0.1,0.0066,1,0,33
1964.625,0,3061.0122680664062,0,0.030517578125,-3061.0122680664062,0,0.0067638521894047565,0.1,0.007,1,0,33
1964.75,0,3061.0198974609375,0,0.06103515625,-3061.0198974609375,0,0.0067629883156924836,0.1,0.0058,1,0,33
1964.875,0,3061.0160827636719,0,-0.030517578125,-3061.0160827636719,0,0.0067634279046742685,0.1,0.006,1,0,33
1965,0,3061.0084533691406,0,-0.06103515625,-3061.0084533691406,0,0.0067642920206441165,0.1,0.0058,1,0,33
1965.125,0,3061.0122680664062,0,0.030517578125,-3061.0122680664062,0,0.006763852669400286,0.1,0.006,1,0,33
1965.25,0,3061.0122680664062,0,0,-3061.0122680664062,0,0.00676384990761085,0.1,0.0058,1,0,33
1965.375,0,3061.0160827636719,0,0.030517578125,-3061.0160827636719,0,0.0067634166369079374,0.1,0.0058,1,0,33
1965.5,0,3061.0122680664062,0,-0.030517578125,-3061.0122680664062,0,0.0067638504026564517,0.1,0.0062,1,0,33
1965.625,0,3061.0122680664062,0,0,-3061.0122680664062,0,0.006763847683156618,0.1,0.0054,1,0,33
1965.75,0,3061.0122680664062,0,0,-3061.0122680664062,0,0.006763845014393241,0.1,0.007,1,0,33
1965.875,0,3061.0160827636719,0,0.030517578125,-3061.0160827636719,0,0.0067634118349808592,0.1,0.0064,1,0,33
1966,0,3061.0198974609375,0,0.030517578125,-3061.0198974609375,0,0.006762984569438843,0.1,0.0062,1,0,33
1966.125,0,3061.0198974609375,0,0,-3061.0198974609375,0,0.0067629936678737929,0.1,0.0078,1,0,33
1966.25,0,3061.0198974609375,0,0,-3061.0198974609375,0,0.0067630025965634,0.1,0.0054,1,0,33
1966.375,0,3061.0160827636719,0,-0.030517578125,-3061.0160827636719,0,0.0067634419191134887,0.1,0.0066,1,0,33
1966.5,0,3061.0122680664062,0,-0.030517578125,-3061.0122680664062,0,0.0067638752131834456,0.1,0.0054,1,0,33
1966.625,0,3061.0160827636719,0,0.030517578125,-3061.0160827636719,0,0.0067634414703660328,0.1,0.0066,1,0,33
1966.75,0,3061.0160827636719,0,0,-3061.0160827636719,0,0.0067634442123691435,0.1,0.0064,1,0,33
1966.875,0,3061.0122680664062,0,-0.030517578125,-3061.0122680664062,0,0.006763877463654866,0.1,0.0064,1,0,33
1967,0,3061.0160827636719,0,0.030517578125,-3061.0160827636719,0,0.0067634436788514274,0.1,0.0068,1,0,33
1967.125,0,3061.0160827636719,0,0,-3061.0160827636719,0,0.006763446379651844,0.1,0.0072,1,0,33
1967.25,0,3061.0160827636719,0,0,-3061.0160827636719,0,0.00676344903006465,0.1,0.0062,1,0,33
1967.375,0,3061.0122680664062,0,-0.030517578125,-3061.0122680664062,0,0.00676388219146884,0.1,0.0064,1,0,33
1967.5,0,3061.0160827636719,0,0.030517578125,-3061.0160827636719,0,0.0067634483184607352,0.1,0.006,1,0,33
1967.625,0,3061.0122680664062,0,-0.030517578125,-3061.0122680664062,0,0.0067638814931409857,0.1,0.007,1,0,33
1967.75,0,3061.0122680664062,0,0,-3061.0122680664062,0,0.0067638781936001785,0.1,0.0068,1,0,33
1967.875,0,3061.0160827636719,0,0.030517578125,-3061.0160827636719,0,0.0067634443951784806,0.1,0.0058,1,0,33
1968,0,3061.0122680664062,0,-0.030517578125,-3061.0122680664062,0,0.0067638776430536118,0.1,0.0062,1,0,33
1968.125,0,3061.0122680664062,0,0,-3061.0122680664062,0,0.0067638744153421249,0.1,0.0068,1,0,33
1968.25,0,3061.0084533691406,0,-0.030517578125,-3061.0084533691406,0,0.0067643018082874928,0.1,0.006,1,0,33
1968.375,0,3061.0084533691406,0,0,-3061.0084533691406,0,0.0067642928348789905,0.1,0.0058,1,0,33
1968.5,0,3061.0160827636719,0,0.06103515625,-3061.0160827636719,0,0.00676342290800544,0.1,0.0064,1,0,33
1968.625,0,3061.0198974609375,0,0.030517578125,-3061.0198974609375,0,0.0067629954358790628,0.1,0.007,1,0,33
1968.75,0,3061.0122680664062,0,-0.06103515625,-3061.0122680664062,0,0.006763865452461687,0.1,0.0064,1,0,33
1968.875,0,3061.0122680664062,0,0,-3061.0122680664062,0,0.0067638624521845075,0.1,0.005,1,0,33
1969,0,3061.0084533691406,0,-0.030517578125,-3061.0084533691406,0,0.0067642900683210494,0.1,0.0064,1,0,33
1969.125,0,3061.0198974609375,0,0.091552734375,-3061.0198974609375,0,0.0067629896326229372,0.1,0.006,1,0,33
1969.25,0,3061.0122680664062,0,-0.06103515625,-3061.0122680664062,0,0.0067638597574742609,0.1,0.0068,1,0,33
1969.375,0,3061.0122680664062,0,0,-3061.0122680664062,0,0.0067638568634458551,0.1,0.0064,1,0,33
1969.5,0,3061.0198974609375,0,0.06103515625,-3061.0198974609375,0,0.0067629929025321417,0.1,0.0064,1,0,33
1969.625,0,3061.0084533691406,0,-0.091552734375,-3061.0084533691406,0,0.0067642935268171778,0.1,0.007,1,0,33
1969.75,0,3061.0122680664062,0,0.030517578125,-3061.0122680664062,0,0.0067638541474733666,0.1,0.0064,1,0,33
1969.875,0,3061.0122680664062,0,0,-3061.0122680664062,0,0.0067638513581081972,0.1,0.0066,1,0,33
1970,0,3061.0160827636719,0,0.030517578125,-3061.0160827636719,0,0.0067634180603440147,0.1,0.0062,1,0,33
1970.125,0,3061.0160827636719,0,0,-3061.0160827636719,0,0.00676342123909722,0.1,0.0072,1,0,33
1970.25,0,3061.0198974609375,0,0.030517578125,-3061.0198974609375,0,0.0067629937981069088,0.1,0.0074,1,0,33
1970.375,0,3061.0160827636719,0,-0.030517578125,-3061.0160827636719,0,0.0067634332848057893,0.1,0.0056,1,0,33
1970.5,0,3061.0122680664062,0,-0.030517578125,-3061.0122680664062,0,0.0067638667399620711,0.1,0.0058,1,0,33
1970.625,0,3061.0122680664062,0,0,-3061.0122680664062,0,0.006763863715664592,0.1,0.006,1,0,33
1970.75,0,3061.0160827636719,0,0.030517578125,-3061.0160827636719,0,0.0067634301873511354,0.1,0.0062,1,0,33
1970.875,0,3061.0122680664062,0,-0.030517578125,-3061.0122680664062,0,0.0067638637002952196,0.1,0.007,1,0,33
1971,0,3061.0122680664062,0,0,-3061.0122680664062,0,0.0067638607327074052,0.1,0.006,1,0,33
1971.125,0,3061.0084533691406,0,-0.030517578125,-3061.0084533691406,0,0.0067642883809234389,0.1,0.0066,1,0,33
1971.25,0,3061.0122680664062,0,0.030517578125,-3061.0122680664062,0,0.0067638490975842208,0.1,0.007,1,0,33
1971.375,0,3061.004638671875,0,-0.06103515625,-3061.004638671875,0,0.0067647075233103482,0.1,0.0054,1,0,33
1971.5,0,3061.0084533691406,0,0.030517578125,-3061.0084533691406,0,0.006764262587983072,0.1,0.006,1,0,33
1971.625,0,3061.0160827636719,0,0.06103515625,-3061.0160827636719,0,0.0067633932254120427,0.1,0.006,1,0,33
1971.75,0,3061.0122680664062,0,-0.030517578125,-3061.0122680664062,0,0.0067638274279381433,0.1,0.0068,1,0,33
1971.875,0,3061.004638671875,0,-0.06103515625,-3061.004638671875,0,0.006764686257944949,0.1,0.005,1,0,33
1972,0,3061.0160827636719,0,0.091552734375,-3061.0160827636719,0,0.0067633805984780582,0.1,0.007,1,0,33
1972.125,0,3061.0084533691406,0,-0.06103515625,-3061.0084533691406,0,0.0067642455970180065,0.1,0.0066,1,0,33
1972.25,0,3061.0160827636719,0,0.06103515625,-3061.0160827636719,0,0.0067633765514396593,0.1,0.0058,1,0,33
1972.375,0,3061.0122680664062,0,-0.030517578125,-3061.0122680664062,0,0.0067638110650444366,0.1,0.007,1,0,33
1972.5,0,3061.0160827636719,0,0.030517578125,-3061.0160827636719,0,0.0067633785190095441,0.1,0.0066,1,0,33
1972.625,0,3061.0122680664062,0,-0.030517578125,-3061.0122680664062,0,0.0067638129959062682,0.1,0.006,1,0,33
1972.75,0,3061.0160827636719,0,0.030517578125,-3061.0160827636719,0,0.0067633804138481635,0.1,0.0062,1,0,33
1972.875,0,3061.0198974609375,0,0.030517578125,-3061.0198974609375,0,0.0067629537345158669,0.1,0.0072,1,0,33
1973,0,3061.0122680664062,0,-0.06103515625,-3061.0122680664062,0,0.0067638245291017779,0.1,0.0064,1,0,33
1973.125,0,3061.0160827636719,0,0.030517578125,-3061.0160827636719,0,0.0067633917318741105,0.1,0.0066,1,0,33
1973.25,0,3061.0160827636719,0,0,-3061.0160827636719,0,0.0067633954018255504,0.1,0.0068,1,0,33
1973.375,0,3061.0198974609375,0,0.030517578125,-3061.0198974609375,0,0.0067629684428694159,0.1,0.0062,1,0,33
1973.5,0,3061.0160827636719,0,-0.030517578125,-3061.0160827636719,0,0.0067634084026093749,0.1,0.0066,1,0,33
1973.625,0,3061.0160827636719,0,0,-3061.0160827636719,0,0.0067634117615425204,0.1,0.0062,1,0,33
1973.75,0,3061.0198974609375,0,0.030517578125,-3061.0198974609375,0,0.0067629844973706166,0.1,0.0056,1,0,33
1973.875,0,3061.0160827636719,0,-0.030517578125,-3061.0160827636719,0,0.0067634241575890847,0.1,0.0056,1,0,33
1974,0,3061.0122680664062,0,-0.030517578125,-3061.0122680664062,0,0.0067638577830276825,0.1,0.0054,1,0,33
1974.125,0,3061.0198974609375,0,0.06103515625,-3061.0198974609375,0,0.0067629938049577482,0.1,0.0066,1,0,33
1974.25,0,3061.0160827636719,0,-0.030517578125,-3061.0160827636719,0,0.0067634332915288142,0.1,0.0058,1,0,33
1974.375,0,3061.0122680664062,0,-0.030517578125,-3061.0122680664062,0,0.0067638667465596686,0.1,0.0062,1,0,33
1974.5,0,3061.0084533691406,0,-0.030517578125,-3061.0084533691406,0,0.0067642942825780067,0.1,0.0064,1,0,33
1974.625,0,3061.0084533691406,0,0,-3061.0084533691406,0,0.0067642854495732346,0.1,0.0068,1,0,33
1974.75,0,3061.0198974609375,0,0.091552734375,-3061.0198974609375,0,0.0067629851000449992,0.1,0.0064,1,0,33
1974.875,0,3061.0160827636719,0,-0.030517578125,-3061.0160827636719,0,0.006763424749019642,0.1,0.0064,1,0,33
1975,0,3061.0122680664062,0,-0.030517578125,-3061.0122680664062,0,0.0067638583634241911,0.1,0.005,1,0,33
1975.125,0,3061.0122680664062,0,0,-3061.0122680664062,0,0.0067638554954039531,0.1,0.0062,1,0,33
1975.25,0,3061.0084533691406,0,-0.030517578125,-3061.0084533691406,0,0.0067642832413299658,0.1,0.0072,1,0,33
1975.375,0,3061.0122680664062,0,0.030517578125,-3061.0122680664062,0,0.0067638440538777961,0.1,0.0076,1,0,33
1975.5,0,3061.0160827636719,0,0.030517578125,-3061.0160827636719,0,0.006763410892385302,0.1,0.0058,1,0,33
1975.625,0,3061.0084533691406,0,-0.06103515625,-3061.0084533691406,0,0.0067642753257456667,0.1,0.0056,1,0,33
1975.75,0,3061.0084533691406,0,0,-3061.0084533691406,0,0.00676426684640985,0.1,0.0062,1,0,33
1975.875,0,3061.004638671875,0,-0.030517578125,-3061.004638671875,0,0.0067646890857080422,0.1,0.0066,1,0,33
1976,0,3061.0084533691406,0,0.030517578125,-3061.0084533691406,0,0.0067642444943626923,0.1,0.006,1,0,33
1976.125,0,3061.0122680664062,0,0.030517578125,-3061.0122680664062,0,0.0067638060297949831,0.1,0.006,1,0,33
1976.25,0,3061.0122680664062,0,0,-3061.0122680664062,0,0.0067638041381393454,0.1,0.0078,1,0,33
1976.375,0,3061.0084533691406,0,-0.030517578125,-3061.0084533691406,0,0.0067642328422143766,0.1,0.007,1,0,33
1976.5,0,3061.0160827636719,0,0.06103515625,-3061.0160827636719,0,0.0067633640345965695,0.1,0.0054,1,0,33
1976.625,0,3061.0160827636719,0,0,-3061.0160827636719,0,0.0067633682212834556,0.1,0.0068,1,0,33
1976.75,0,3061.0122680664062,0,-0.030517578125,-3061.0122680664062,0,0.0067638028903001524,0.1,0.007,1,0,33
1976.875,0,3061.0122680664062,0,0,-3061.0122680664062,0,0.006763801057216634,0.1,0.0064,1,0,33
1977,0,3061.0160827636719,0,0.030517578125,-3061.0160827636719,0,0.0067633686978932073,0.1,0.0062,1,0,33
1977.125,0,3061.0160827636719,0,0,-3061.0160827636719,0,0.0067633727975791036,0.1,0.0058,1,0,33
1977.25,0,3061.0122680664062,0,-0.030517578125,-3061.0122680664062,0,0.0067638073812179428,0.1,0.0066,1,0,33
1977.375,0,3061.0160827636719,0,0.030517578125,-3061.0160827636719,0,0.0067633749039105184,0.1,0.006,1,0,33
1977.5,0,3061.0160827636719,0,0,-3061.0160827636719,0,0.006763378887813587,0.1,0.0058,1,0,33
1977.625,0,3061.0160827636719,0,0,-3061.0160827636719,0,0.0067633827973907906,0.1,0.0064,1,0,33
1977.75,0,3061.0160827636719,0,0,-3061.0160827636719,0,0.0067633866340287979,0.1,0.0064,1,0,33
1977.875,0,3061.0084533691406,0,-0.06103515625,-3061.0084533691406,0,0.0067642515199662356,0.1,0.0056,1,0,33
1978,0,3061.0122680664062,0,0.030517578125,-3061.0122680664062,0,0.006763812924325055,0.1,0.0062,1,0,33
1978.125,0,3061.0160827636719,0,0.030517578125,-3061.0160827636719,0,0.00676338034360241,0.1,0.0066,1,0,33
1978.25,0,3061.0122680664062,0,-0.030517578125,-3061.0122680664062,0,0.0067638147864585441,0.1,0.0058,1,0,33
1978.375,0,3061.0160827636719,0,0.030517578125,-3061.0160827636719,0,0.0067633821709949249,0.1,0.0068,1,0,33
1978.5,0,3061.0198974609375,0,0.030517578125,-3061.0198974609375,0,0.0067629554588803514,0.1,0.0066,1,0,33
1978.625,0,3061.0160827636719,0,-0.030517578125,-3061.0160827636719,0,0.0067633956608566664,0.1,0.0058,1,0,33
1978.75,0,3061.0122680664062,0,-0.030517578125,-3061.0122680664062,0,0.0067638298179457795,0.1,0.0058,1,0,33
1978.875,0,3061.0160827636719,0,0.030517578125,-3061.0160827636719,0,0.0067633969220465689,0.1,0.0066,1,0,33
1979,0,3061.0122680664062,0,-0.030517578125,-3061.0122680664062,0,0.00676383105560624,0.1,0.0048,1,0,33
1979.125,0,3061.0084533691406,0,-0.030517578125,-3061.0084533691406,0,0.0067642592574943955,0.1,0.0058,1,0,33
1979.25,0,3061.0122680664062,0,0.030517578125,-3061.0122680664062,0,0.0067638205174976873,0.1,0.006,1,0,33
1979.375,0,3061.0198974609375,0,0.06103515625,-3061.0198974609375,0,0.0067629572346737249,0.1,0.0066,1,0,33
1979.5,0,3061.0198974609375,0,0,-3061.0198974609375,0,0.0067629668430809059,0.1,0.0074,1,0,33
1979.625,0,3061.0160827636719,0,-0.030517578125,-3061.0160827636719,0,0.006763406832667393,0.1,0.005,1,0,33
1979.75,0,3061.0122680664062,0,-0.030517578125,-3061.0122680664062,0,0.0067638407813291335,0.1,0.0064,1,0,33
1979.875,0,3061.0160827636719,0,0.030517578125,-3061.0160827636719,0,0.0067634076808910926,0.1,0.0068,1,0,33
1980,0,3061.0084533691406,0,-0.06103515625,-3061.0084533691406,0,0.0067642721741668355,0.1,0.0062,1,0,33
1980.125,0,3061.0160827636719,0,0.06103515625,-3061.0160827636719,0,0.0067634026327507563,0.1,0.0056,1,0,33
1980.25,0,3061.0084533691406,0,-0.06103515625,-3061.0084533691406,0,0.0067642672202073428,0.1,0.0062,1,0,33
1980.375,0,3061.0198974609375,0,0.091552734375,-3061.0198974609375,0,0.006762967210776058,0.1,0.007,1,0,33
1980.5,0,3061.0084533691406,0,-0.091552734375,-3061.0084533691406,0,0.0067642683143804422,0.1,0.0064,1,0,33
1980.625,0,3061.0084533691406,0,0,-3061.0084533691406,0,0.0067642599658524621,0.1,0.0072,1,0,33
1980.75,0,3061.004638671875,0,-0.030517578125,-3061.004638671875,0,0.0067646823335180684,0.1,0.0066,1,0,33
1980.875,0,3061.0084533691406,0,0.030517578125,-3061.0084533691406,0,0.0067642378681452425,0.1,0.007,1,0,33
1981,0,3061.0122680664062,0,0.030517578125,-3061.0122680664062,0,0.0067637995271998541,0.1,0.0064,1,0,33
1981.125,0,3061.0122680664062,0,0,-3061.0122680664062,0,0.0067637977568601737,0.1,0.0068,1,0,33
1981.25,0,3061.0122680664062,0,0,-3061.0122680664062,0,0.0067637960195489066,0.1,0.0068,1,0,33
1981.375,0,3061.0084533691406,0,-0.030517578125,-3061.0084533691406,0,0.0067642248750887785,0.1,0.0062,1,0,33
1981.5,0,3061.0160827636719,0,0.06103515625,-3061.0160827636719,0,0.0067633562161099892,0.1,0.0072,1,0,33
1981.625,0,3061.0160827636719,0,0,-3061.0160827636719,0,0.0067633605486628057,0.1,0.0066,1,0,33
1981.75,0,3061.0160827636719,0,0,-3061.0160827636719,0,0.0067633648003851687,0.1,0.007,1,0,33
1981.875,0,3061.0084533691406,0,-0.06103515625,-3061.0084533691406,0,0.0067642300936629207,0.1,0.0064,1,0,33
1982,0,3061.0122680664062,0,0.030517578125,-3061.0122680664062,0,0.0067637918977624945,0.1,0.0068,1,0,33
1982.125,0,3061.0160827636719,0,0.030517578125,-3061.0160827636719,0,0.0067633597093228193,0.1,0.0056,1,0,33
1982.25,0,3061.0198974609375,0,0.030517578125,-3061.0198974609375,0,0.0067629334162653959,0.1,0.0062,1,0,33
1982.375,0,3061.0160827636719,0,-0.030517578125,-3061.0160827636719,0,0.0067633740294807121,0.1,0.0068,1,0,33
1982.5,0,3061.0122680664062,0,-0.030517578125,-3061.0122680664062,0,0.006763808590136533,0.1,0.0066,1,0,33
1982.625,0,3061.0122680664062,0,0,-3061.0122680664062,0,0.0067638066507137717,0.1,0.0064,1,0,33
1982.75,0,3061.0160827636719,0,0.030517578125,-3061.0160827636719,0,0.0067633741870350289,0.1,0.0064,1,0,33
1982.875,0,3061.0160827636719,0,0,-3061.0160827636719,0,0.00676337818431251,0.1,0.006,1,0,33
1983,0,3061.0160827636719,0,0,-3061.0160827636719,0,0.0067633821070146177,0.1,0.0056,1,0,33
1983.125,0,3061.0122680664062,0,-0.030517578125,-3061.0122680664062,0,0.0067638165169715686,0.1,0.007,1,0,33
1983.25,0,3061.0122680664062,0,0,-3061.0122680664062,0,0.00676381442966148,0.1,0.0058,1,0,33
1983.375,0,3061.0198974609375,0,0.06103515625,-3061.0198974609375,0,0.0067629512604154979,0.1,0.0064,1,0,33
1983.5,0,3061.0122680664062,0,-0.06103515625,-3061.0122680664062,0,0.0067638221011595695,0.1,0.0068,1,0,33
1983.625,0,3061.0160827636719,0,0.030517578125,-3061.0160827636719,0,0.0067633893492289182,0.1,0.0058,1,0,33
1983.75,0,3061.0160827636719,0,0,-3061.0160827636719,0,0.0067633930636322726,0.1,0.0066,1,0,33
1983.875,0,3061.0160827636719,0,0,-3061.0160827636719,0,0.0067633967087376984,0.1,0.006,1,0,33
1984,0,3061.0084533691406,0,-0.06103515625,-3061.0084533691406,0,0.0067642614067158907,0.1,0.0056,1,0,33
1984.125,0,3061.0160827636719,0,0.06103515625,-3061.0160827636719,0,0.0067633920661832325,0.1,0.0064,1,0,33
1984.25,0,3061.0160827636719,0,0,-3061.0160827636719,0,0.00676339572989762,0.1,0.0068,1,0,33
1984.375,0,3061.0122680664062,0,-0.030517578125,-3061.0122680664062,0,0.0067638298856986662,0.1,0.0064,1,0,33
1984.5,0,3061.0160827636719,0,0.030517578125,-3061.0160827636719,0,0.006763396988535425,0.1,0.008,1,0,33
1984.625,0,3061.0122680664062,0,-0.030517578125,-3061.0122680664062,0,0.0067638311208546437,0.1,0.0052,1,0,33
1984.75,0,3061.0084533691406,0,-0.030517578125,-3061.0084533691406,0,0.0067642593215254815,0.1,0.0068,1,0,33
1984.875,0,3061.0122680664062,0,0.030517578125,-3061.0122680664062,0,0.0067638205803341733,0.1,0.0068,1,0,33
1985,0,3061.0122680664062,0,0,-3061.0122680664062,0,0.0067638184172157806,0.1,0.006,1,0,33
1985.125,0,3061.0122680664062,0,0,-3061.0122680664062,0,0.0067638162944537034,0.1,0.0064,1,0,33
1985.25,0,3061.0122680664062,0,0,-3061.0122680664062,0,0.0067638142112950161,0.1,0.0066,1,0,33
1985.375,0,3061.0122680664062,0,0,-3061.0122680664062,0,0.0067638121670008794,0.1,0.0058,1,0,33
1985.5,0,3061.0198974609375,0,0.06103515625,-3061.0198974609375,0,0.0067629490399683245,0.1,0.0058,1,0,33
1985.625,0,3061.0160827636719,0,-0.030517578125,-3061.0160827636719,0,0.0067633893616993457,0.1,0.0064,1,0,33
1985.75,0,3061.0122680664062,0,-0.030517578125,-3061.0122680664062,0,0.006763823636308966,0.1,0.0064,1,0,33
1985.875,0,3061.0198974609375,0,0.06103515625,-3061.0198974609375,0,0.00676296029529877,0.1,0.0066,1,0,33
1986,0,3061.0160827636719,0,-0.030517578125,-3061.0160827636719,0,0.0067634004070442344,0.1,0.0058,1,0,33
1986.125,0,3061.0122680664062,0,-0.030517578125,-3061.0122680664062,0,0.0067638344755859,0.1,0.0056,1,0,33
1986.25,0,3061.0122680664062,0,0,-3061.0122680664062,0,0.00676383205323014,0.1,0.0062,1,0,33
1986.375,0,3061.0198974609375,0,0.06103515625,-3061.0198974609375,0,0.0067629685551892776,0.1,0.0048,1,0,33
1986.5,0,3061.0122680664062,0,-0.06103515625,-3061.0122680664062,0,0.0067638390732726456,0.1,0.0064,1,0,33
1986.625,0,3061.0122680664062,0,0,-3061.0122680664062,0,0.006763836565139944,0.1,0.0066,1,0,33
1986.75,0,3061.0237121582031,0,0.091552734375,-3061.0237121582031,0,0.0067625424224835862,0.1,0.0058,1,0,33
1986.875,0,3061.0160827636719,0,-0.06103515625,-3061.0160827636719,0,0.0067634187229702047,0.1,0.0062,1,0,33
1987,0,3061.0160827636719,0,0,-3061.0160827636719,0,0.00676342188936109,0.1,0.0062,1,0,33
1987.125,0,3061.0122680664062,0,-0.030517578125,-3061.0122680664062,0,0.0067638555571169767,0.1,0.0056,1,0,33
1987.25,0,3061.0198974609375,0,0.06103515625,-3061.0198974609375,0,0.0067629916205748375,0.1,0.006,1,0,33
1987.375,0,3061.0084533691406,0,-0.091552734375,-3061.0084533691406,0,0.0067642922687767559,0.1,0.0066,1,0,33
1987.5,0,3061.0122680664062,0,0.030517578125,-3061.0122680664062,0,0.0067638529129036284,0.1,0.0064,1,0,33
1987.625,0,3061.0122680664062,0,0,-3061.0122680664062,0,0.0067638501465712569,0.1,0.0066,1,0,33
1987.75,0,3061.0122680664062,0,0,-3061.0122680664062,0,0.0067638474318490877,0.1,0.0068,1,0,33
1987.875,0,3061.0122680664062,0,0,-3061.0122680664062,0,0.0067638447677742519,0.1,0.006,1,0,33
1988,0,3061.0122680664062,0,0,-3061.0122680664062,0,0.0067638421534018389,0.1,0.0052,1,0,33
1988.125,0,3061.0122680664062,0,0,-3061.0122680664062,0,0.0067638395878045765,0.1,0.0062,1,0,33
1988.25,0,3061.0160827636719,0,0.030517578125,-3061.0160827636719,0,0.006763406509633571,0.1,0.006,1,0,33
1988.375,0,3061.0122680664062,0,-0.030517578125,-3061.0122680664062,0,0.0067638404643220185,0.1,0.006,1,0,33
1988.5,0,3061.0160827636719,0,0.030517578125,-3061.0160827636719,0,0.0067634073697982328,0.1,0.007,1,0,33
1988.625,0,3061.0122680664062,0,-0.030517578125,-3061.0122680664062,0,0.0067638413084389754,0.1,0.007,1,0,33
1988.75,0,3061.0122680664062,0,0,-3061.0122680664062,0,0.0067638387586057974,0.1,0.006,1,0,33
1988.875,0,3061.0160827636719,0,0.030517578125,-3061.0160827636719,0,0.0067634056959047784,0.1,0.0058,1,0,33
1989,0,3061.0160827636719,0,0,-3061.0160827636719,0,0.0067634091053356687,0.1,0.0062,1,0,33
1989.125,0,3061.0160827636719,0,0,-3061.0160827636719,0,0.006763412451158371,0.1,0.0052,1,0,33
1989.25,0,3061.0084533691406,0,-0.06103515625,-3061.0084533691406,0,0.006764276855437415,0.1,0.006,1,0,33
1989.375,0,3061.0160827636719,0,0.06103515625,-3061.0160827636719,0,0.006763407226685017,0.1,0.0056,1,0,33
1989.5,0,3061.0122680664062,0,-0.030517578125,-3061.0122680664062,0,0.0067638411679957627,0.1,0.006,1,0,33
1989.625,0,3061.0160827636719,0,0.030517578125,-3061.0160827636719,0,0.0067634080603438534,0.1,0.0068,1,0,33
1989.75,0,3061.0160827636719,0,0,-3061.0160827636719,0,0.0067634114256624883,0.1,0.0064,1,0,33
1989.875,0,3061.0160827636719,0,0,-3061.0160827636719,0,0.0067634147281959156,0.1,0.0062,1,0,33
1990,0,3061.0122680664062,0,-0.030517578125,-3061.0122680664062,0,0.0067638485295543893,0.1,0.0062,1,0,33
1990.125,0,3061.0160827636719,0,0.030517578125,-3061.0160827636719,0,0.0067634152845612444,0.1,0.0058,1,0,33
1990.25,0,3061.0122680664062,0,-0.030517578125,-3061.0122680664062,0,0.0067638490755398684,0.1,0.0054,1,0,33
1990.375,0,3061.0122680664062,0,0,-3061.0122680664062,0,0.0067638463807994376,0.1,0.0066,1,0,33
1990.5,0,3061.0160827636719,0,0.030517578125,-3061.0160827636719,0,0.006763413175894642,0.1,0.0068,1,0,33
1990.625,0,3061.0160827636719,0,0,-3061.0160827636719,0,0.0067634164457747864,0.1,0.006,1,0,33
1990.75,0,3061.0160827636719,0,0,-3061.0160827636719,0,0.0067634196546502712,0.1,0.0068,1,0,33
1990.875,0,3061.0198974609375,0,0.030517578125,-3061.0198974609375,0,0.0067629922432202588,0.1,0.0062,1,0,33
1991,0,3061.0122680664062,0,-0.06103515625,-3061.0122680664062,0,0.0067638623193668618,0.1,0.0054,1,0,33
1991.125,0,3061.0160827636719,0,0.030517578125,-3061.0160827636719,0,0.006763428817103484,0.1,0.006,1,0,33
1991.25,0,3061.0122680664062,0,-0.030517578125,-3061.0122680664062,0,0.0067638623556116467,0.1,0.0064,1,0,33
1991.375,0,3061.0122680664062,0,0,-3061.0122680664062,0,0.0067638594131109869,0.1,0.0058,1,0,33
1991.5,0,3061.0160827636719,0,0.030517578125,-3061.0160827636719,0,0.0067634259650683065,0.1,0.0062,1,0,33
1991.625,0,3061.0160827636719,0,0,-3061.0160827636719,0,0.0067634289963466737,0.1,0.0068,1,0,33
1991.75,0,3061.0160827636719,0,0,-3061.0160827636719,0,0.0067634319710718621,0.1,0.0068,1,0,33
1991.875,0,3061.0160827636719,0,0,-3061.0160827636719,0,0.0067634348902989722,0.1,0.0056,1,0,33
1992,0,3061.0122680664062,0,-0.030517578125,-3061.0122680664062,0,0.006763868315502311,0.1,0.007,1,0,33
1992.125,0,3061.0122680664062,0,0,-3061.0122680664062,0,0.006763865261810692,0.1,0.0066,1,0,33
1992.25,0,3061.0160827636719,0,0.030517578125,-3061.0160827636719,0,0.00676343170465149,0.1,0.0056,1,0,33
1992.375,0,3061.0160827636719,0,0,-3061.0160827636719,0,0.0067634346288490826,0.1,0.0062,1,0,33
1992.5,0,3061.0122680664062,0,-0.030517578125,-3061.0122680664062,0,0.0067638680589301725,0.1,0.0058,1,0,33
1992.625,0,3061.0122680664062,0,0,-3061.0122680664062,0,0.0067638650100253078,0.1,0.0058,1,0,33
1992.75,0,3061.0160827636719,0,0.030517578125,-3061.0160827636719,0,0.0067634314575635429,0.1,0.0056,1,0,33
1992.875,0,3061.0122680664062,0,-0.030517578125,-3061.0122680664062,0,0.0067638649468098472,0.1,0.006,1,0,33
1993,0,3061.0084533691406,0,-0.030517578125,-3061.0084533691406,0,0.0067642925164052986,0.1,0.0072,1,0,33
1993.125,0,3061.0122680664062,0,0.030517578125,-3061.0122680664062,0,0.0067638531559122833,0.1,0.0068,1,0,33
1993.25,0,3061.0122680664062,0,0,-3061.0122680664062,0,0.0067638503850462051,0.1,0.007,1,0,33
1993.375,0,3061.0084533691406,0,-0.030517578125,-3061.0084533691406,0,0.0067642782263138274,0.1,0.0066,1,0,33
1993.5,0,3061.0160827636719,0,0.06103515625,-3061.0160827636719,0,0.00676340857198561,0.1,0.007,1,0,33
1993.625,0,3061.0084533691406,0,-0.06103515625,-3061.0084533691406,0,0.00676427304863661,0.1,0.0062,1,0,33
1993.75,0,3061.0160827636719,0,0.06103515625,-3061.0160827636719,0,0.0067634034909059559,0.1,0.0058,1,0,33
1993.875,0,3061.0160827636719,0,0,-3061.0160827636719,0,0.006763406941474509,0.1,0.007,1,0,33
1994,0,3061.0122680664062,0,-0.030517578125,-3061.0122680664062,0,0.00676384088810629,0.1,0.007,1,0,33
1994.125,0,3061.0122680664062,0,0,-3061.0122680664062,0,0.0067638383461150614,0.1,0.0048,1,0,33
1994.25,0,3061.0122680664062,0,0,-3061.0122680664062,0,0.0067638358515486052,0.1,0.0066,1,0,33
1994.375,0,3061.0160827636719,0,0.030517578125,-3061.0160827636719,0,0.00676340284308323,0.1,0.0054,1,0,33
1994.5,0,3061.0122680664062,0,-0.030517578125,-3061.0122680664062,0,0.00676383686617682,0.1,0.0072,1,0,33
1994.625,0,3061.0160827636719,0,0.030517578125,-3061.0160827636719,0,0.0067634038387819895,0.1,0.0064,1,0,33
1994.75,0,3061.0160827636719,0,0,-3061.0160827636719,0,0.0067634072828603731,0.1,0.006,1,0,33
1994.875,0,3061.0084533691406,0,-0.06103515625,-3061.0084533691406,0,0.0067642717835619953,0.1,0.0056,1,0,33
1995,0,3061.0084533691406,0,0,-3061.0084533691406,0,0.00676426337031108,0.1,0.007,1,0,33
1995.125,0,3061.0084533691406,0,0,-3061.0084533691406,0,0.0067642551140223439,0.1,0.0058,1,0,33
1995.25,0,3061.0160827636719,0,0.06103515625,-3061.0160827636719,0,0.006763385890889595,0.1,0.007,1,0,33
1995.375,0,3061.0160827636719,0,0,-3061.0160827636719,0,0.0067633896698136159,0.1,0.0074,1,0,33
1995.5,0,3061.0122680664062,0,-0.030517578125,-3061.0122680664062,0,0.00676382393867489,0.1,0.0058,1,0,33
1995.625,0,3061.0122680664062,0,0,-3061.0122680664062,0,0.0067638217129014633,0.1,0.0072,1,0,33
1995.75,0,3061.0084533691406,0,-0.030517578125,-3061.0084533691406,0,0.0067642500890921914,0.1,0.006,1,0,33
1995.875,0,3061.0084533691406,0,0,-3061.0084533691406,0,0.0067642420805850839,0.1,0.0064,1,0,33
1996,0,3061.0122680664062,0,0.030517578125,-3061.0122680664062,0,0.00676380366105013,0.1,0.0068,1,0,33
1996.125,0,3061.0122680664062,0,0,-3061.0122680664062,0,0.0067638018135870864,0.1,0.006,1,0,33
1996.25,0,3061.0122680664062,0,0,-3061.0122680664062,0,0.006763800000591319,0.1,0.0062,1,0,33
1996.375,0,3061.0122680664062,0,0,-3061.0122680664062,0,0.0067637982214197867,0.1,0.0074,1,0,33
1996.5,0,3061.0160827636719,0,0.030517578125,-3061.0160827636719,0,0.0067633659150025255,0.1,0.0064,1,0,33
1996.625,0,3061.0122680664062,0,-0.030517578125,-3061.0122680664062,0,0.0067638006270464568,0.1,0.0062,1,0,33
1996.75,0,3061.0160827636719,0,0.030517578125,-3061.0160827636719,0,0.0067633682757485269,0.1,0.006,1,0,33
1996.875,0,3061.0122680664062,0,-0.030517578125,-3061.0122680664062,0,0.0067638029437490921,0.1,0.0068,1,0,33
1997,0,3061.0084533691406,0,-0.030517578125,-3061.0084533691406,0,0.0067642316701073263,0.1,0.0072,1,0,33
1997.125,0,3061.0122680664062,0,0.030517578125,-3061.0122680664062,0,0.0067637934447958986,0.1,0.0054,1,0,33
1997.25,0,3061.0084533691406,0,-0.030517578125,-3061.0084533691406,0,0.0067642223483717623,0.1,0.0054,1,0,33
1997.375,0,3061.0160827636719,0,0.06103515625,-3061.0160827636719,0,0.0067633537365327789,0.1,0.007,1,0,33
1997.5,0,3061.0160827636719,0,0,-3061.0160827636719,0,0.0067633581153459382,0.1,0.0062,1,0,33
1997.625,0,3061.0122680664062,0,-0.030517578125,-3061.0122680664062,0,0.0067637929729044977,0.1,0.0058,1,0,33
1997.75,0,3061.0122680664062,0,0,-3061.0122680664062,0,0.0067637913248453085,0.1,0.0066,1,0,33
1997.875,0,3061.0084533691406,0,-0.030517578125,-3061.0084533691406,0,0.0067642202679721181,0.1,0.0062,1,0,33
1998,0,3061.0160827636719,0,0.06103515625,-3061.0160827636719,0,0.0067633516949461986,0.1,0.0066,1,0,33
1998.125,0,3061.0122680664062,0,-0.030517578125,-3061.0122680664062,0,0.00676378667228722,0.1,0.0054,1,0,33
1998.25,0,3061.0084533691406,0,-0.030517578125,-3061.0084533691406,0,0.0067642157022146793,0.1,0.0062,1,0,33
1998.375,0,3061.0122680664062,0,0.030517578125,-3061.0122680664062,0,0.0067637777748089239,0.1,0.0064,1,0,33
1998.5,0,3061.0122680664062,0,0,-3061.0122680664062,0,0.0067637764102936593,0.1,0.0058,1,0,33
1998.625,0,3061.0122680664062,0,0,-3061.0122680664062,0,0.006763775071235531,0.1,0.0054,1,0,33
1998.75,0,3061.0122680664062,0,0,-3061.0122680664062,0,0.0067637737571596,0.1,0.0064,1,0,33
1998.875,0,3061.0122680664062,0,0,-3061.0122680664062,0,0.00676377246759978,0.1,0.0062,1,0,33
1999,0,3061.0160827636719,0,0.030517578125,-3061.0160827636719,0,0.0067633406416597736,0.1,0.0066,1,0,33
1999.125,0,3061.0160827636719,0,0,-3061.0160827636719,0,0.0067633452647779951,0.1,0.0064,1,0,33
1999.25,0,3061.0160827636719,0,0,-3061.0160827636719,0,0.0067633498016448079,0.1,0.0066,1,0,33
1999.375,0,3061.0160827636719,0,0,-3061.0160827636719,0,0.0067633542538693692,0.1,0.0062,1,0,33
1999.5,0,3061.0122680664062,0,-0.030517578125,-3061.0122680664062,0,0.0067637891834697317,0.1,0.0064,1,0,33
1999.625,0,3061.0160827636719,0,0.030517578125,-3061.0160827636719,0,0.0067633570456693826,0.1,0.0052,1,0,33
1999.75,0,3061.0160827636719,0,0,-3061.0160827636719,0,0.0067633613627454958,0.1,0.006,1,0,33
1999.875,0,3061.0122680664062,0,-0.030517578125,-3061.0122680664062,0,0.0067637961597187962,0.1,0.0058,1,0,33
2000,0,3061.0198974609375,0,0.06103515625,-3061.0198974609375,0,0.0067629333313267842,0.1,0.007,1,0,33
2000.125,0,3061.0160827636719,0,-0.030517578125,-3061.0160827636719,0,-0.093236626053873256,0,0.0062,0,0,-466
2000.25,0,3061.0198974609375,0,0.030517578125,-3061.0198974609375,0,-0.093237052612540228,0,0.005,0,0,-466
2000.375,0,3061.0160827636719,0,-0.030517578125,-3061.0160827636719,0,-0.0932366122599791,0,0.0054,0,0,-466
2000.5,0,3061.0198974609375,0,0.030517578125,-3061.0198974609375,0,-0.093237039075992456,0,-0.0934,0,0,-466
2000.625,0,3061.004638671875,0,-0.1220703125,-3061.004638671875,0,-0.093235307294659786,0,-0.104,0,0,-466
2000.75,0,3060.9321594238281,0,-0.579833984375,-3060.9321594238281,0,-0.093227140744756645,0,-0.089,0,0,-466
2000.875,0,3060.7643127441406,0,-1.3427734375,-3060.7643127441406,0,-0.093208321356031687,0,-0.0862,0,0,-466
2001,0,3060.5430603027344,0,-1.77001953125,-3060.5430603027344,0,-0.093183729844460814,0,-0.0878,0,0,-465
2001.125,0,3060.2645874023438,0,-2.227783203125,-3060.2645874023438,0,-0.093153012988824363,0,-0.0884,0,0,-465
2001.25,0,3059.9098205566406,0,-2.838134765625,-3059.9098205566406,0,-0.093114099748273921,0,-0.089,0,0,-465
2001.375,0,3059.50927734375,0,-3.204345703125,-3059.50927734375,0,-0.093070544167330183,0,-0.0894,0,0,-465
2001.5,0,3059.0362548828125,0,-3.7841796875,-3059.0362548828125,0,-0.093019392919824917,0,-0.0884,0,0,-465
2001.625,0,3058.502197265625,0,-4.2724609375,-3058.502197265625,0,-0.092962038208516173,0,-0.0888,0,0,-464
2001.75,0,3057.8842163085938,0,-4.94384765625,-3057.8842163085938,0,-0.0928959777218011,0,-0.0888,0,0,-464
2001.875,0,3057.220458984375,0,-5.31005859375,-3057.220458984375,0,-0.092825631793023777,0,-0.089,0,0,-464
2002,0,3056.4994812011719,0,-5.767822265625,-3056.4994812011719,0,-0.092749762679282546,0,-0.0884,0,0,-463
2002.125,0,3055.7174682617188,0,-6.256103515625,-3055.7174682617188,0,-0.09266801034727748,0,-0.09,0,0,-463
2002.25,0,3054.8782348632812,0,-6.7138671875,-3054.8782348632812,0,-0.0925808804338032,0,-0.0896,0,0,-462
2002.375,0,3053.9817810058594,0,-7.171630859375,-3053.9817810058594,0,-0.092488440749540851,0,-0.0868,0,0,-462
2002.5,0,3053.0319213867188,0,-7.598876953125,-3053.0319213867188,0,-0.0923911884004975,0,-0.0886,0,0,-461
2002.625,0,3052.0095825195312,0,-8.1787109375,-3052.0095825195312,0,-0.092287030023527089,0,-0.088,0,0,-461
2002.75,0,3050.9452819824219,0,-8.514404296875,-3050.9452819824219,0,-0.092179497757309409,0,-0.0868,0,0,-460
2002.875,0,3049.8046875,0,-9.124755859375,-3049.8046875,0,-0.0920647556576448,0,-0.0886,0,0,-460
2003,0,3048.6068725585938,0,-9.58251953125,-3048.6068725585938,0,-0.0919450476820971,0,-0.0858,0,0,-459
2003.125,0,3047.36328125,0,-9.94873046875,-3047.36328125,0,-0.091821725641661092,0,-0.0874,0,0,-459
2003.25,0,3046.0548400878906,0,-10.467529296875,-3046.0548400878906,0,-0.091692678146980053,0,-0.0884,0,0,-458
2003.375,0,3044.7006225585938,0,-10.833740234375,-3044.7006225585938,0,-0.091560127965513063,0,-0.0886,0,0,-457
2003.5,0,3043.2968139648438,0,-11.23046875,-3043.2968139648438,0,-0.091423683871728736,0,-0.0868,0,0,-457
2003.625,0,3041.8128967285156,0,-11.871337890625,-3041.8128967285156,0,-0.091279945848179209,0,-0.0882,0,0,-456
2003.75,0,3040.2870178222656,0,-12.20703125,-3040.2870178222656,0,-0.091133310055809533,0,-0.0866,0,0,-455
2003.875,0,3038.7039184570312,0,-12.664794921875,-3038.7039184570312,0,-0.0909820844698533,0,-0.0866,0,0,-454
2004,0,3037.0712280273438,0,-13.0615234375,-3037.0712280273438,0,-0.090827183324470831,0,-0.086,0,0,-454
2004.125,0,3035.3889465332031,0,-13.458251953125,-3035.3889465332031,0,-0.09066864701201538,0,-0.0864,0,0,-453
2004.25,0,3033.63037109375,0,-14.068603515625,-3033.63037109375,0,-0.090503501248186291,0,-0.0854,0,0,-452
2004.375,0,3031.8260192871094,0,-14.434814453125,-3031.8260192871094,0,-0.090335270470810053,0,-0.0846,0,0,-451
2004.5,0,3029.9758911132812,0,-14.801025390625,-3029.9758911132812,0,-0.090163986222455333,0,-0.085,0,0,-450
2004.625,0,3028.0609130859375,0,-15.31982421875,-3028.0609130859375,0,-0.089987526655021,0,-0.089,0,0,-449
2004.75,0,3026.0963439941406,0,-15.716552734375,-3026.0963439941406,0,-0.089807673711906635,0,-0.0848,0,0,-449
2004.875,0,3024.0859985351562,0,-16.082763671875,-3024.0859985351562,0,-0.089624893081331411,0,-0.0846,0,0,-448
2005,0,3022.0108032226562,0,-16.6015625,-3022.0108032226562,0,-0.089437060568508447,0,-0.083,0,0,-447
2005.125,0,3019.9089050292969,0,-16.815185546875,-3019.9089050292969,0,-0.08924853917656636,0,-0.083,0,0,-446
2005.25,0,3017.7230834960938,0,-17.486572265625,-3017.7230834960938,0,-0.089052868176704658,0,-0.082,0,0,-445
2005.375,0,3015.5029296875,0,-17.76123046875,-3015.5029296875,0,-0.088855730550878434,0,-0.0824,0,0,-444
2005.5,0,3013.2369995117188,0,-18.12744140625,-3013.2369995117188,0,-0.088655842470101678,0,-0.0844,0,0,-443
2005.625,0,3010.9100341796875,0,-18.61572265625,-3010.9100341796875,0,-0.088451506993480561,0,-0.0858,0,0,-442
2005.75,0,3008.5525512695312,0,-18.85986328125,-3008.5525512695312,0,-0.088246216893399176,0,-0.0842,0,0,-441
2005.875,0,3006.1378479003906,0,-19.317626953125,-3006.1378479003906,0,-0.088036958714679037,0,-0.0848,0,0,-440
2006,0,3003.6964416503906,0,-19.53125,-3003.6964416503906,0,-0.087827218455062292,0,-0.0858,0,0,-439
2006.125,0,3001.1825561523438,0,-20.111083984375,-3001.1825561523438,0,-0.087611823208925063,0,-0.0842,0,0,-438
2006.25,0,2998.6419677734375,0,-20.32470703125,-2998.6419677734375,0,-0.08739600401659485,0,-0.0826,0,0,-436
2006.375,0,2996.0594177246094,0,-20.660400390625,-2996.0594177246094,0,-0.087178031371366649,0,-0.0824,0,0,-435
2006.5,0,2993.4272766113281,0,-21.05712890625,-2993.4272766113281,0,-0.086957060482989651,0,-0.0826,0,0,-434
2006.625,0,2990.7684326171875,0,-21.270751953125,-2990.7684326171875,0,-0.086735702470070453,0,-0.0832,0,0,-433
2006.75,0,2988.0752563476562,0,-21.54541015625,-2988.0752563476562,0,-0.086513088259817045,0,-0.083,0,0,-432
2006.875,0,2985.3286743164062,0,-21.97265625,-2985.3286743164062,0,-0.0862870689764949,0,-0.0824,0,0,-431
2007,0,2982.5553894042969,0,-22.186279296875,-2982.5553894042969,0,-0.086060691721429272,0,-0.0842,0,0,-430
2007.125,0,2979.7401428222656,0,-22.52197265625,-2979.7401428222656,0,-0.08583222575706,0,-0.0848,0,0,-429
2007.25,0,2976.9058227539062,0,-22.674560546875,-2976.9058227539062,0,-0.085604269568756081,0,-0.0826,0,0,-428
2007.375,0,2974.0142822265625,0,-23.13232421875,-2974.0142822265625,0,-0.085372497202669373,0,-0.0796,0,0,-426
2007.5,0,2971.0960388183594,0,-23.345947265625,-2971.0960388183594,0,-0.085140391822596861,0,-0.0792,0,0,-425
2007.625,0,2968.1434631347656,0,-23.62060546875,-2968.1434631347656,0,-0.084907083346230733,0,-0.0786,0,0,-424
2007.75,0,2965.1641845703125,0,-23.834228515625,-2965.1641845703125,0,-0.084673435830226976,0,-0.0794,0,0,-423
2007.875,0,2962.1124267578125,0,-24.4140625,-2962.1124267578125,0,-0.084434273700306414,0,-0.0778,0,0,-422
2008,0,2959.0606689453125,0,-24.4140625,-2959.0606689453125,0,-0.084197839301001345,0,-0.0768,0,0,-420
2008.125,0,2955.9516906738281,0,-24.871826171875,-2955.9516906738281,0,-0.08395762333570414,0,-0.0818,0,0,-419
2008.25,0,2952.8236389160156,0,-25.0244140625,-2952.8236389160156,0,-0.0837179694433533,0,-0.0776,0,0,-418
2008.375,0,2949.6688842773438,0,-25.238037109375,-2949.6688842773438,0,-0.083477995177933029,0,-0.0764,0,0,-417
2008.5,0,2946.441650390625,0,-25.81787109375,-2946.441650390625,0,-0.083232524616910386,0,-0.0766,0,0,-416
2008.625,0,2943.2106018066406,0,-25.848388671875,-2943.2106018066406,0,-0.082989369202622454,0,-0.0784,0,0,-414
2008.75,0,2939.9375915527344,0,-26.18408203125,-2939.9375915527344,0,-0.0827441779702851,0,-0.079,0,0,-413
2008.875,0,2936.6264343261719,0,-26.4892578125,-2936.6264343261719,0,-0.082497395616304758,0,-0.0788,0,0,-412
2009,0,2933.2847595214844,0,-26.7333984375,-2933.2847595214844,0,-0.082249891268789163,0,-0.0806,0,0,-411
2009.125,0,2929.9125671386719,0,-26.9775390625,-2929.9125671386719,0,-0.082001661055561934,0,-0.08,0,0,-410
2009.25,0,2926.4907836914062,0,-27.374267578125,-2926.4907836914062,0,-0.0817505483744937,0,-0.0804,0,0,-408
2009.375,0,2923.0422973632812,0,-27.587890625,-2923.0422973632812,0,-0.081499162184223942,0,-0.0794,0,0,-407
2009.5,0,2919.5518493652344,0,-27.923583984375,-2919.5518493652344,0,-0.081245770171413351,0,-0.0778,0,0,-406
2009.625,0,2916.0194396972656,0,-28.25927734375,-2916.0194396972656,0,-0.080990385912416876,0,-0.0786,0,0,-404
2009.75,0,2912.4603271484375,0,-28.472900390625,-2912.4603271484375,0,-0.080734744972057418,0,-0.0782,0,0,-403
2009.875,0,2908.8478088378906,0,-28.900146484375,-2908.8478088378906,0,-0.080475823041729719,0,-0.0758,0,0,-402
2010,0,2905.21240234375,0,-29.083251953125,-2905.21240234375,0,-0.080217095468236244,0,-0.0782,0,0,-401
2010.125,0,2901.5350341796875,0,-29.4189453125,-2901.5350341796875,0,-0.079956392816796,0,-0.0746,0,0,-399
2010.25,0,2897.8347778320312,0,-29.60205078125,-2897.8347778320312,0,-0.079695880892370619,0,-0.074,0,0,-398
2010.375,0,2894.0925598144531,0,-29.937744140625,-2894.0925598144531,0,-0.079433390327898951,0,-0.075,0,0,-397
2010.5,0,2890.3121948242188,0,-30.242919921875,-2890.3121948242188,0,-0.079169364753043564,0,-0.0748,0,0,-395
2010.625,0,2886.5127563476562,0,-30.3955078125,-2886.5127563476562,0,-0.07890596393038668,0,-0.077,0,0,-394
2010.75,0,2882.6560974121094,0,-30.853271484375,-2882.6560974121094,0,-0.078638859761022889,0,-0.0764,0,0,-393
2010.875,0,2878.7803649902344,0,-31.005859375,-2878.7803649902344,0,-0.078372394424589459,0,-0.0782,0,0,-391
2011,0,2874.8703002929688,0,-31.280517578125,-2874.8703002929688,0,-0.078104822922116582,0,-0.0764,0,0,-390
2011.125,0,2870.9220886230469,0,-31.585693359375,-2870.9220886230469,0,-0.07783571582056,0,-0.0754,0,0,-389
2011.25,0,2866.9471740722656,0,-31.79931640625,-2866.9471740722656,0,-0.077566371772607348,0,-0.0756,0,0,-387
2011.375,0,2862.9264831542969,0,-32.16552734375,-2862.9264831542969,0,-0.077294627222344717,0,-0.0744,0,0,-386
2011.5,0,2858.8829040527344,0,-32.3486328125,-2858.8829040527344,0,-0.077023084304360973,0,-0.073,0,0,-385
2011.625,0,2854.8011779785156,0,-32.65380859375,-2854.8011779785156,0,-0.0767500040085791,0,-0.0712,0,0,-383
2011.75,0,2850.6965637207031,0,-32.8369140625,-2850.6965637207031,0,-0.076477115581310456,0,-0.0718,0,0,-382
2011.875,0,2846.5461730957031,0,-33.203125,-2846.5461730957031,0,-0.076201819073758226,0,-0.0696,0,0,-381
2012,0,2842.3805236816406,0,-33.3251953125,-2842.3805236816406,0,-0.075927577882767855,0,-0.0712,0,0,-379
2012.125,0,2838.1843566894531,0,-33.5693359375,-2838.1843566894531,0,-0.075652641406984786,0,-0.0704,0,0,-378
2012.25,0,2833.953857421875,0,-33.843994140625,-2833.953857421875,0,-0.075376574715501007,0,-0.0726,0,0,-376
2012.375,0,2829.6890258789062,0,-34.11865234375,-2829.6890258789062,0,-0.0750993793843947,0,-0.0726,0,0,-375
2012.5,0,2825.3974914550781,0,-34.332275390625,-2825.3974914550781,0,-0.074821918081217742,0,-0.074,0,0,-374
2012.625,0,2821.1021423339844,0,-34.36279296875,-2821.1021423339844,0,-0.074546763956403209,0,-0.0744,0,0,-372
2012.75,0,2816.7610168457031,0,-34.72900390625,-2816.7610168457031,0,-0.074269135633390285,0,-0.0756,0,0,-371
2012.875,0,2812.3817443847656,0,-35.0341796875,-2812.3817443847656,0,-0.073989914379922611,0,-0.0748,0,0,-369
2013,0,2807.9757690429688,0,-35.247802734375,-2807.9757690429688,0,-0.073710399918292924,0,-0.073,0,0,-368
2013.125,0,2803.5469055175781,0,-35.430908203125,-2803.5469055175781,0,-0.073431013104871,0,-0.0698,0,0,-367
2013.25,0,2799.1104125976562,0,-35.491943359375,-2799.1104125976562,0,-0.073153460793378325,0,-0.0696,0,0,-365
2013.375,0,2794.6434020996094,0,-35.736083984375,-2794.6434020996094,0,-0.072875121060197,0,-0.0688,0,0,-364
2013.5,0,2790.1382446289062,0,-36.041259765625,-2790.1382446289062,0,-0.072595130132936253,0,-0.0698,0,0,-362
2013.625,0,2785.64453125,0,-35.94970703125,-2785.64453125,0,-0.072319094425275621,0,-0.0706,0,0,-361
2013.75,0,2781.097412109375,0,-36.376953125,-2781.097412109375,0,-0.0720396271223084,0,-0.0708,0,0,-360
2013.875,0,2776.5388488769531,0,-36.468505859375,-2776.5388488769531,0,-0.071761498061928844,0,-0.0742,0,0,-358
2014,0,2771.9841003417969,0,-36.43798828125,-2771.9841003417969,0,-0.071486398015632155,0,-0.0724,0,0,-357
2014.125,0,2767.3988342285156,0,-36.68212890625,-2767.3988342285156,0,-0.071210397596296077,0,-0.0714,0,0,-356
2014.25,0,2762.8059387207031,0,-36.7431640625,-2762.8059387207031,0,-0.07093607962232279,0,-0.0698,0,0,-354
2014.375,0,2758.1977844238281,0,-36.865234375,-2758.1977844238281,0,-0.070662547248699942,0,-0.0686,0,0,-353
2014.5,0,2753.5438537597656,0,-37.2314453125,-2753.5438537597656,0,-0.070386332664289453,0,-0.0682,0,0,-351
2014.625,0,2748.8822937011719,0,-37.29248046875,-2748.8822937011719,0,-0.0701117655011421,0,-0.0648,0,0,-350
2014.75,0,2744.1940307617188,0,-37.506103515625,-2744.1940307617188,0,-0.069836657886357512,0,-0.0634,0,0,-349
2014.875,0,2739.4943237304688,0,-37.59765625,-2739.4943237304688,0,-0.069562726970330627,0,-0.0628,0,0,-347
2015,0,2734.771728515625,0,-37.78076171875,-2734.771728515625,0,-0.069288652615333776,0,-0.0622,0,0,-346
2015.125,0,2730.010986328125,0,-38.0859375,-2730.010986328125,0,-0.069012702249126687,0,-0.062,0,0,-345
2015.25,0,2725.2349853515625,0,-38.2080078125,-2725.2349853515625,0,-0.068737472556627224,0,-0.0652,0,0,-343
2015.375,0,2720.4322814941406,0,-38.421630859375,-2720.4322814941406,0,-0.068461649740198527,0,-0.0652,0,0,-342
2015.5,0,2715.606689453125,0,-38.604736328125,-2715.606689453125,0,-0.068185660251601887,0,-0.0678,0,0,-340
2015.625,0,2710.7620239257812,0,-38.75732421875,-2710.7620239257812,0,-0.067909924754242845,0,-0.0682,0,0,-339
2015.75,0,2705.8792114257812,0,-39.0625,-2705.8792114257812,0,-0.067632274868528366,0,-0.0722,0,0,-338
2015.875,0,2700.9696960449219,0,-39.276123046875,-2700.9696960449219,0,-0.067354016314044543,0,-0.0706,0,0,-336
2016,0,2696.0411071777344,0,-39.4287109375,-2696.0411071777344,0,-0.067076006393004414,0,-0.0682,0,0,-335
2016.125,0,2691.0781860351562,0,-39.703369140625,-2691.0781860351562,0,-0.066796507386211887,0,-0.0662,0,0,-333
2016.25,0,2686.09619140625,0,-39.85595703125,-2686.09619140625,0,-0.06651724980677548,0,-0.062,0,0,-332
2016.375,0,2681.0684204101562,0,-40.22216796875,-2681.0684204101562,0,-0.066235204388622945,0,-0.0622,0,0,-331
2016.5,0,2676.0673522949219,0,-40.008544921875,-2676.0673522949219,0,-0.065958577778407232,0,-0.0614,0,0,-329
2016.625,0,2670.9976196289062,0,-40.557861328125,-2670.9976196289062,0,-0.065676520043251183,0,-0.0618,0,0,-328
2016.75,0,2665.9469604492188,0,-40.4052734375,-2665.9469604492188,0,-0.06539899637958721,0,-0.0642,0,0,-326
2016.875,0,2660.8772277832031,0,-40.557861328125,-2660.8772277832031,0,-0.065121627431725462,0,-0.0646,0,0,-325
2017,0,2655.7807922363281,0,-40.771484375,-2655.7807922363281,0,-0.064843538353526214,0,-0.0658,0,0,-324
2017.125,0,2650.6767272949219,0,-40.83251953125,-2650.6767272949219,0,-0.064566880208006841,0,-0.065,0,0,-322
2017.25,0,2645.5612182617188,0,-40.924072265625,-2645.5612182617188,0,-0.064291191402951239,0,-0.0632,0,0,-321
2017.375,0,2640.4342651367188,0,-41.015625,-2640.4342651367188,0,-0.064016447350537312,0,-0.0612,0,0,-320
2017.5,0,2635.2882385253906,0,-41.168212890625,-2635.2882385253906,0,-0.063741762800788832,0,-0.06,0,0,-318
2017.625,0,2630.1422119140625,0,-41.168212890625,-2630.1422119140625,0,-0.0634692786069865,0,-0.0568,0,0,-317
2017.75,0,2624.9732971191406,0,-41.351318359375,-2624.9732971191406,0,-0.063196370355461037,0,-0.0578,0,0,-315
2017.875,0,2619.7891235351562,0,-41.473388671875,-2619.7891235351562,0,-0.062923894071981734,0,-0.058,0,0,-314
2018,0,2614.6049499511719,0,-41.473388671875,-2614.6049499511719,0,-0.062653555268233824,0,-0.0572,0,0,-313
2018.125,0,2609.405517578125,0,-41.595458984375,-2609.405517578125,0,-0.062383591824478689,0,-0.0602,0,0,-311
2018.25,0,2604.1946411132812,0,-41.68701171875,-2604.1946411132812,0,-0.062114418627195564,0,-0.062,0,0,-310
2018.375,0,2598.9532470703125,0,-41.93115234375,-2598.9532470703125,0,-0.061843861627642445,0,-0.0642,0,0,-309
2018.5,0,2593.719482421875,0,-41.8701171875,-2593.719482421875,0,-0.06157623490509552,0,-0.063,0,0,-307
2018.625,0,2588.4590148925781,0,-42.083740234375,-2588.4590148925781,0,-0.061307613082284981,0,-0.0624,0,0,-306
2018.75,0,2583.1565856933594,0,-42.41943359375,-2583.1565856933594,0,-0.061036277308266385,0,-0.0606,0,0,-305
2018.875,0,2577.8694152832031,0,-42.29736328125,-2577.8694152832031,0,-0.060768712777211513,0,-0.0586,0,0,-303
2019,0,2572.5364685058594,0,-42.66357421875,-2572.5364685058594,0,-0.060497968834780549,0,-0.0562,0,0,-302
2019.125,0,2567.2111511230469,0,-42.6025390625,-2567.2111511230469,0,-0.060230106630824107,0,-0.0566,0,0,-301
2019.25,0,2561.8438720703125,0,-42.938232421875,-2561.8438720703125,0,-0.0599594794518781,0,-0.058,0,0,-299
2019.375,0,2556.4727783203125,0,-42.96875,-2556.4727783203125,0,-0.059690420641847028,0,-0.0602,0,0,-298
2019.5,0,2551.1207580566406,0,-42.816162109375,-2551.1207580566406,0,-0.0594254821352621,0,-0.06,0,0,-297
2019.625,0,2545.7000732421875,0,-43.365478515625,-2545.7000732421875,0,-0.059154695010209125,0,-0.0618,0,0,-295
2019.75,0,2540.2870178222656,0,-43.304443359375,-2540.2870178222656,0,-0.058886740570789665,0,-0.0598,0,0,-294
2019.875,0,2534.8739624023438,0,-43.304443359375,-2534.8739624023438,0,-0.058620709183524071,0,-0.058,0,0,-293
2020,0,2529.4342041015625,0,-43.51806640625,-2529.4342041015625,0,-0.0583535510478344,0,-0.057,0,0,-291
2020.125,0,2523.9791870117188,0,-43.64013671875,-2523.9791870117188,0,-0.058086563691948132,0,-0.0528,0,0,-290
2020.25,0,2518.49365234375,0,-43.88427734375,-2518.49365234375,0,-0.05781801301690901,0,-0.0508,0,0,-289
2020.375,0,2513.0119323730469,0,-43.853759765625,-2513.0119323730469,0,-0.057551785890718618,0,-0.0502,0,0,-287
2020.5,0,2507.5149536132812,0,-43.975830078125,-2507.5149536132812,0,-0.057285688329553039,0,-0.0514,0,0,-286
2020.625,0,2502.0103454589844,0,-44.036865234375,-2502.0103454589844,0,-0.057020570366014683,0,-0.0534,0,0,-285
2020.75,0,2496.5019226074219,0,-44.0673828125,-2496.5019226074219,0,-0.056756839949117115,0,-0.0558,0,0,-283
2020.875,0,2490.9477233886719,0,-44.43359375,-2490.9477233886719,0,-0.056489732859448478,0,-0.059,0,0,-282
2021,0,2485.4011535644531,0,-44.37255859375,-2485.4011535644531,0,-0.056225313927075235,0,-0.0602,0,0,-281
2021.125,0,2479.827880859375,0,-44.586181640625,-2479.827880859375,0,-0.0559596622918444,0,-0.0604,0,0,-279
2021.25,0,2474.2622375488281,0,-44.525146484375,-2474.2622375488281,0,-0.055696660821360405,0,-0.0574,0,0,-278
2021.375,0,2468.68896484375,0,-44.586181640625,-2468.68896484375,0,-0.055434542166474622,0,-0.0566,0,0,-277
2021.5,0,2463.0813598632812,0,-44.86083984375,-2463.0813598632812,0,-0.055170271598307466,0,-0.0534,0,0,-275
2021.625,0,2457.489013671875,0,-44.73876953125,-2457.489013671875,0,-0.0549094670399879,0,-0.0526,0,0,-274
2021.75,0,2451.8508911132812,0,-45.10498046875,-2451.8508911132812,0,-0.0546451835317709,0,-0.0528,0,0,-273
2021.875,0,2446.2242126464844,0,-45.013427734375,-2446.2242126464844,0,-0.054383918372299452,0,-0.0548,0,0,-271
2022,0,2440.5860900878906,0,-45.10498046875,-2440.5860900878906,0,-0.054123038390266373,0,-0.055,0,0,-270
2022.125,0,2434.9594116210938,0,-45.013427734375,-2434.9594116210938,0,-0.053865113258945614,0,-0.0554,0,0,-269
2022.25,0,2429.3251037597656,0,-45.074462890625,-2429.3251037597656,0,-0.0536079415521228,0,-0.0536,0,0,-268
2022.375,0,2423.6793518066406,0,-45.166015625,-2423.6793518066406,0,-0.053351074317542359,0,-0.0526,0,0,-266
2022.5,0,2418.02978515625,0,-45.196533203125,-2418.02978515625,0,-0.053095360492402682,0,-0.05,0,0,-265
2022.625,0,2412.3649597167969,0,-45.318603515625,-2412.3649597167969,0,-0.052839484708993932,0,-0.048,0,0,-264
2022.75,0,2406.6886901855469,0,-45.41015625,-2406.6886901855469,0,-0.05258387187829669,0,-0.0456,0,0,-262
2022.875,0,2400.9933471679688,0,-45.562744140625,-2400.9933471679688,0,-0.052327649470364487,0,-0.0452,0,0,-261
2023,0,2395.2980041503906,0,-45.562744140625,-2395.2980041503906,0,-0.05207297082119608,0,-0.0478,0,0,-260
2023.125,0,2389.5912170410156,0,-45.654296875,-2389.5912170410156,0,-0.051818515448272623,0,-0.0488,0,0,-259
2023.25,0,2383.8729858398438,0,-45.745849609375,-2383.8729858398438,0,-0.051564272682751468,0,-0.052,0,0,-257
2023.375,0,2378.143310546875,0,-45.83740234375,-2378.143310546875,0,-0.051310232054833246,0,-0.053,0,0,-256
2023.5,0,2372.3983764648438,0,-45.95947265625,-2372.3983764648438,0,-0.051055952729610381,0,-0.055,0,0,-255
2023.625,0,2366.6496276855469,0,-45.989990234375,-2366.6496276855469,0,-0.050802722170626237,0,-0.0546,0,0,-254
2023.75,0,2360.8779907226562,0,-46.173095703125,-2360.8779907226562,0,-0.050548365841573635,0,-0.0536,0,0,-252
2023.875,0,2355.1063537597656,0,-46.173095703125,-2355.1063537597656,0,-0.050295475101504027,0,-0.0504,0,0,-251
2024,0,2349.2965698242188,0,-46.478271484375,-2349.2965698242188,0,-0.050039717003204233,0,-0.0458,0,0,-250
2024.125,0,2343.4867858886719,0,-46.478271484375,-2343.4867858886719,0,-0.049785428968456225,0,-0.0468,0,0,-248
2024.25,0,2337.677001953125,0,-46.478271484375,-2337.677001953125,0,-0.049532583570955746,0,-0.0474,0,0,-247
2024.375,0,2331.8595886230469,0,-46.539306640625,-2331.8595886230469,0,-0.049280292775201018,0,-0.0494,0,0,-246
2024.5,0,2326.0269165039062,0,-46.661376953125,-2326.0269165039062,0,-0.049027680777842864,0,-0.0508,0,0,-245
2024.625,0,2320.2133178710938,0,-46.5087890625,-2320.2133178710938,0,-0.048778619944303138,0,-0.0498,0,0,-243
2024.75,0,2314.3768310546875,0,-46.69189453125,-2314.3768310546875,0,-0.048528318696112627,0,-0.0472,0,0,-242
2024.875,0,2308.5594177246094,0,-46.539306640625,-2308.5594177246094,0,-0.048281523333389066,0,-0.0454,0,0,-241
2025,0,2302.7191162109375,0,-46.722412109375,-2302.7191162109375,0,-0.048033443122400696,0,-0.045,0,0,-240
2025.125,0,2296.8940734863281,0,-46.600341796875,-2296.8940734863281,0,-0.047788394631803927,0,-0.0418,0,0,-238
2025.25,0,2291.046142578125,0,-46.783447265625,-2291.046142578125,0,-0.047542024366827189,0,-0.0404,0,0,-237
2025.375,0,2285.2210998535156,0,-46.600341796875,-2285.2210998535156,0,-0.047299510705918431,0,-0.043,0,0,-236
2025.5,0,2279.388427734375,0,-46.661376953125,-2279.388427734375,0,-0.04705735022122589,0,-0.0448,0,0,-235
2025.625,0,2273.5481262207031,0,-46.722412109375,-2273.5481262207031,0,-0.046815531988182252,0,-0.0452,0,0,-234
2025.75,0,2267.7040100097656,0,-46.7529296875,-2267.7040100097656,0,-0.046574475846473888,0,-0.05,0,0,-232
2025.875,0,2261.8675231933594,0,-46.69189453125,-2261.8675231933594,0,-0.046335457091667732,0,-0.051,0,0,-231
2026,0,2256.0043334960938,0,-46.905517578125,-2256.0043334960938,0,-0.0460945670047368,0,-0.05,0,0,-230
2026.125,0,2250.1487731933594,0,-46.844482421875,-2250.1487731933594,0,-0.045855700367899925,0,-0.0472,0,0,-229
2026.25,0,2244.2741394042969,0,-46.9970703125,-2244.2741394042969,0,-0.045615809843020723,0,-0.044,0,0,-228
2026.375,0,2238.4109497070312,0,-46.905517578125,-2238.4109497070312,0,-0.045378348177022083,0,-0.0424,0,0,-226
2026.5,0,2232.5172424316406,0,-47.149658203125,-2232.5172424316406,0,-0.045138540394245363,0,-0.045,0,0,-225
2026.625,0,2226.6349792480469,0,-47.05810546875,-2226.6349792480469,0,-0.044901149087867687,0,-0.0444,0,0,-224
2026.75,0,2220.7450866699219,0,-47.119140625,-2220.7450866699219,0,-0.044663982875878243,0,-0.045,0,0,-223
2026.875,0,2214.8551940917969,0,-47.119140625,-2214.8551940917969,0,-0.044427894344151717,0,-0.0458,0,0,-222
2027,0,2208.9576721191406,0,-47.18017578125,-2208.9576721191406,0,-0.044192002266021893,0,-0.0458,0,0,-220
2027.125,0,2203.06396484375,0,-47.149658203125,-2203.06396484375,0,-0.043957590322140645,0,-0.0444,0,0,-219
2027.25,0,2197.1626281738281,0,-47.210693359375,-2197.1626281738281,0,-0.043723341384762644,0,-0.0418,0,0,-218
2027.375,0,2191.253662109375,0,-47.271728515625,-2191.253662109375,0,-0.043489248077230133,0,-0.0374,0,0,-217
2027.5,0,2185.3408813476562,0,-47.30224609375,-2185.3408813476562,0,-0.043255733720947133,0,-0.036,0,0,-216
2027.625,0,2179.4166564941406,0,-47.393798828125,-2179.4166564941406,0,-0.043021924226046816,0,-0.0372,0,0,-215
2027.75,0,2173.5000610351562,0,-47.332763671875,-2173.5000610351562,0,-0.042789971397710187,0,-0.0392,0,0,-213
2027.875,0,2167.5796508789062,0,-47.36328125,-2167.5796508789062,0,-0.042558553251160633,0,-0.0412,0,0,-212
2028,0,2161.6592407226562,0,-47.36328125,-2161.6592407226562,0,-0.042328088203763208,0,-0.0436,0,0,-211
2028.125,0,2155.731201171875,0,-47.42431640625,-2155.731201171875,0,-0.042097697353104674,0,-0.046,0,0,-210
2028.25,0,2149.7917175292969,0,-47.515869140625,-2149.7917175292969,0,-0.041866944418971458,0,-0.046,0,0,-209
2028.375,0,2143.8636779785156,0,-47.42431640625,-2143.8636779785156,0,-0.0416384130159431,0,-0.0464,0,0,-208
2028.5,0,2137.9241943359375,0,-47.515869140625,-2137.9241943359375,0,-0.041409484838575109,0,-0.0426,0,0,-207
2028.625,0,2131.9656372070312,0,-47.66845703125,-2131.9656372070312,0,-0.0411792996651473,0,-0.0384,0,0,-205
2028.75,0,2126.0185241699219,0,-47.576904296875,-2126.0185241699219,0,-0.040951314591572391,0,-0.037,0,0,-204
2028.875,0,2120.0714111328125,0,-47.576904296875,-2120.0714111328125,0,-0.040724203393555647,0,-0.0388,0,0,-203
2029,0,2114.1471862792969,0,-47.393798828125,-2114.1471862792969,0,-0.040500533130233544,0,-0.0406,0,0,-202
2029.125,0,2108.1962585449219,0,-47.607421875,-2108.1962585449219,0,-0.040274655326513385,0,-0.042,0,0,-201
2029.25,0,2102.2682189941406,0,-47.42431640625,-2102.2682189941406,0,-0.040052193278854,0,-0.042,0,0,-200
2029.375,0,2096.3363647460938,0,-47.454833984375,-2096.3363647460938,0,-0.039830082344542474,0,-0.0404,0,0,-199
2029.5,0,2090.4197692871094,0,-47.332763671875,-2090.4197692871094,0,-0.039610466607452016,0,-0.04,0,0,-198
2029.625,0,2084.4879150390625,0,-47.454833984375,-2084.4879150390625,0,-0.039389863703356627,0,-0.0358,0,0,-196
2029.75,0,2078.5751342773438,0,-47.30224609375,-2078.5751342773438,0,-0.0391721584222905,0,-0.034,0,0,-195
2029.875,0,2072.6318359375,0,-47.54638671875,-2072.6318359375,0,-0.038951710257718444,0,-0.0332,0,0,-194
2030,0,2066.7228698730469,0,-47.271728515625,-2066.7228698730469,0,-0.038735872567746792,0,-0.0326,0,0,-193
2030.125,0,2060.791015625,0,-47.454833984375,-2060.791015625,0,-0.038518120440113157,0,-0.0354,0,0,-192
2030.25,0,2054.8744201660156,0,-47.332763671875,-2054.8744201660156,0,-0.038302782189435815,0,-0.0378,0,0,-191
2030.375,0,2048.9349365234375,0,-47.515869140625,-2048.9349365234375,0,-0.0380855158477658,0,-0.0388,0,0,-190
2030.5,0,2043.0145263671875,0,-47.36328125,-2043.0145263671875,0,-0.037871080544884174,0,-0.0426,0,0,-189
2030.625,0,2037.0712280273438,0,-47.54638671875,-2037.0712280273438,0,-0.037654698137365439,0,-0.0424,0,0,-188
2030.75,0,2031.1241149902344,0,-47.576904296875,-2031.1241149902344,0,-0.037438544747086,0,-0.0408,0,0,-187
2030.875,0,2025.1579284667969,0,-47.7294921875,-2025.1579284667969,0,-0.037220891691860138,0,-0.0378,0,0,-186
2031,0,2019.2031860351563,0,-47.637939453125,-2019.2031860351563,0,-0.037005200594963206,0,-0.0338,0,0,-185
2031.125,0,2013.2293701171875,0,-47.79052734375,-2013.2293701171875,0,-0.036787996872803437,0,-0.0338,0,0,-183
2031.25,0,2007.2555541992188,0,-47.79052734375,-2007.2555541992188,0,-0.03657145070913409,0,-0.0348,0,0,-182
2031.375,0,2001.2855529785156,0,-47.760009765625,-2001.2855529785156,0,-0.036355980396625784,0,-0.038,0,0,-181
2031.5,0,1995.3269958496094,0,-47.66845703125,-1995.3269958496094,0,-0.036142429152252589,0,-0.0388,0,0,-180
2031.625,0,1989.3684387207031,0,-47.66845703125,-1989.3684387207031,0,-0.035929475994800286,0,-0.0384,0,0,-179
2031.75,0,1983.4136962890625,0,-47.637939453125,-1983.4136962890625,0,-0.035717540326473313,0,-0.0366,0,0,-178
2031.875,0,1977.4703979492188,0,-47.54638671875,-1977.4703979492188,0,-0.035507466453079742,0,-0.0338,0,0,-177
2032,0,1971.527099609375,0,-47.54638671875,-1971.527099609375,0,-0.03529793446192523,0,-0.032,0,0,-176
2032.125,0,1965.606689453125,0,-47.36328125,-1965.606689453125,0,-0.035091517605993848,0,-0.0292,0,0,-175
2032.25,0,1959.6710205078125,0,-47.4853515625,-1959.6710205078125,0,-0.034883865169801652,0,-0.028,0,0,-174
2032.375,0,1953.7582397460938,0,-47.30224609375,-1953.7582397460938,0,-0.034679297138354243,0,-0.0284,0,0,-173
2032.5,0,1947.8378295898438,0,-47.36328125,-1947.8378295898438,0,-0.034474324490370072,0,-0.0314,0,0,-172
2032.625,0,1941.9517517089844,0,-47.088623046875,-1941.9517517089844,0,-0.034273686603903043,0,-0.0334,0,0,-171
2032.75,0,1936.0542297363281,0,-47.18017578125,-1936.0542297363281,0,-0.034072155391860662,0,-0.0358,0,0,-170
2032.875,0,1930.1643371582031,0,-47.119140625,-1930.1643371582031,0,-0.033871893819524754,0,-0.0382,0,0,-169
2033,0,1924.2668151855469,0,-47.18017578125,-1924.2668151855469,0,-0.0336711602935716,0,-0.038,0,0,-168
2033.125,0,1918.3692932128906,0,-47.18017578125,-1918.3692932128906,0,-0.033470820404382123,0,-0.036,0,0,-167
2033.25,0,1912.4755859375,0,-47.149658203125,-1912.4755859375,0,-0.033271297368494018,0,-0.033,0,0,-166
2033.375,0,1906.5818786621094,0,-47.149658203125,-1906.5818786621094,0,-0.033072147553569388,0,-0.029,0,0,-165
2033.5,0,1900.6729125976563,0,-47.271728515625,-1900.6729125976563,0,-0.032871641754839628,0,-0.031,0,0,-164
2033.625,0,1894.7982788085938,0,-46.9970703125,-1894.7982788085938,0,-0.032675393884941069,0,-0.0318,0,0,-163
2033.75,0,1888.9007568359375,0,-47.18017578125,-1888.9007568359375,0,-0.0324768856088968,0,-0.0332,0,0,-162
2033.875,0,1883.0184936523438,0,-47.05810546875,-1883.0184936523438,0,-0.0322804516959009,0,-0.0352,0,0,-161
2034,0,1877.1324157714844,0,-47.088623046875,-1877.1324157714844,0,-0.032083909314354987,0,-0.0342,0,0,-160
2034.125,0,1871.2501525878906,0,-47.05810546875,-1871.2501525878906,0,-0.031888119441025126,0,-0.0316,0,0,-159
2034.25,0,1865.3678894042969,0,-47.05810546875,-1865.3678894042969,0,-0.031692639644030338,0,-0.0282,0,0,-158
2034.375,0,1859.5008850097656,0,-46.93603515625,-1859.5008850097656,0,-0.031499186380173752,0,-0.0288,0,0,-157
2034.5,0,1853.6148071289063,0,-47.088623046875,-1853.6148071289063,0,-0.031303855468442152,0,-0.0262,0,0,-156
2034.625,0,1847.7516174316406,0,-46.905517578125,-1847.7516174316406,0,-0.031111407265282238,0,-0.0244,0,0,-155
2034.75,0,1841.8769836425781,0,-46.9970703125,-1841.8769836425781,0,-0.030917925951926842,0,-0.0274,0,0,-154
2034.875,0,1836.0214233398438,0,-46.844482421875,-1836.0214233398438,0,-0.03072686878287224,0,-0.0286,0,0,-153
2035,0,1830.1506042480469,0,-46.966552734375,-1830.1506042480469,0,-0.03053432632681537,0,-0.0314,0,0,-152
2035.125,0,1824.3179321289063,0,-46.661376953125,-1824.3179321289063,0,-0.030346345469182183,0,-0.0344,0,0,-151
2035.25,0,1818.4661865234375,0,-46.81396484375,-1818.4661865234375,0,-0.030156404377330907,0,-0.0354,0,0,-150
2035.375,0,1812.6220703125,0,-46.7529296875,-1812.6220703125,0,-0.029967542706728276,0,-0.0336,0,0,-149
2035.5,0,1806.7741394042969,0,-46.783447265625,-1806.7741394042969,0,-0.029778452973308441,0,-0.0322,0,0,-148
2035.625,0,1800.9490966796875,0,-46.600341796875,-1800.9490966796875,0,-0.029592151187247614,0,-0.0288,0,0,-147
2035.75,0,1795.10498046875,0,-46.7529296875,-1795.10498046875,0,-0.029403862176817338,0,-0.027,0,0,-147
2035.875,0,1789.2799377441406,0,-46.600341796875,-1789.2799377441406,0,-0.029217917782344147,0,-0.0264,0,0,-146
2036,0,1783.4548950195313,0,-46.600341796875,-1783.4548950195313,0,-0.029032132298004519,0,-0.0286,0,0,-145
2036.125,0,1777.6603698730469,0,-46.356201171875,-1777.6603698730469,0,-0.028849947242596052,0,-0.0302,0,0,-144
2036.25,0,1771.8505859375,0,-46.478271484375,-1771.8505859375,0,-0.02866614606137383,0,-0.0324,0,0,-143
2036.375,0,1766.082763671875,0,-46.142578125,-1766.082763671875,0,-0.028487208641202653,0,-0.032,0,0,-142
2036.5,0,1760.284423828125,0,-46.38671875,-1760.284423828125,0,-0.02830488743813497,0,-0.0286,0,0,-141
2036.625,0,1754.5280456542969,0,-46.051025390625,-1754.5280456542969,0,-0.028127408888121968,0,-0.0258,0,0,-140
2036.75,0,1748.7602233886719,0,-46.142578125,-1748.7602233886719,0,-0.027948678643212904,0,-0.0228,0,0,-139
2036.875,0,1743.0000305175781,0,-46.08154296875,-1743.0000305175781,0,-0.027770866354622246,0,-0.0214,0,0,-138
2037,0,1737.2550964355469,0,-45.95947265625,-1737.2550964355469,0,-0.027594820352856153,0,-0.0212,0,0,-137
2037.125,0,1731.5177917480469,0,-45.8984375,-1731.5177917480469,0,-0.027419655235270263,0,-0.0224,0,0,-137
2037.25,0,1725.7766723632813,0,-45.928955078125,-1725.7766723632813,0,-0.027244067221814112,0,-0.0244,0,0,-136
2037.375,0,1720.0546264648438,0,-45.7763671875,-1720.0546264648438,0,-0.02707064539713629,0,-0.0278,0,0,-135
2037.5,0,1714.3211364746094,0,-45.867919921875,-1714.3211364746094,0,-0.026895915702930897,0,-0.0286,0,0,-134
2037.625,0,1708.6067199707031,0,-45.71533203125,-1708.6067199707031,0,-0.026723340519753603,0,-0.0312,0,0,-133
2037.75,0,1702.8846740722656,0,-45.7763671875,-1702.8846740722656,0,-0.026549876567603957,0,-0.0316,0,0,-132
2037.875,0,1697.1549987792969,0,-45.83740234375,-1697.1549987792969,0,-0.026375536092318706,0,-0.0296,0,0,-131
2038,0,1691.436767578125,0,-45.745849609375,-1691.436767578125,0,-0.026202483913464091,0,-0.0262,0,0,-131
2038.125,0,1685.7109069824219,0,-45.806884765625,-1685.7109069824219,0,-0.026028549696967593,0,-0.0224,0,0,-130
2038.25,0,1679.9850463867188,0,-45.806884765625,-1679.9850463867188,0,-0.025854606683960342,0,-0.0248,0,0,-129
2038.375,0,1674.2591857910156,0,-45.806884765625,-1674.2591857910156,0,-0.025680655038554902,0,-0.0248,0,0,-128
2038.5,0,1668.5600280761719,0,-45.59326171875,-1668.5600280761719,0,-0.025509708844874347,0,-0.0274,0,0,-127
2038.625,0,1662.8532409667969,0,-45.654296875,-1662.8532409667969,0,-0.025337852161948483,0,-0.0266,0,0,-126
2038.75,0,1657.1617126464844,0,-45.5322265625,-1657.1617126464844,0,-0.025167681003472744,0,-0.0284,0,0,-125
2038.875,0,1651.4854431152344,0,-45.41015625,-1651.4854431152344,0,-0.0249991725944274,0,-0.026,0,0,-124
2039,0,1645.8358764648438,0,-45.196533203125,-1645.8358764648438,0,-0.0248335962660126,0,-0.0218,0,0,-124
2039.125,0,1640.1824951171875,0,-45.22705078125,-1640.1824951171875,0,-0.024667468006548079,0,-0.02,0,0,-123
2039.25,0,1634.5443725585938,0,-45.10498046875,-1634.5443725585938,0,-0.024502948747593824,0,-0.0182,0,0,-122
2039.375,0,1628.9482116699219,0,-44.769287109375,-1628.9482116699219,0,-0.02434303106487477,0,-0.0186,0,0,-121
2039.5,0,1623.321533203125,0,-45.013427734375,-1623.321533203125,0,-0.02417947230590561,0,-0.0182,0,0,-120
2039.625,0,1617.7291870117188,0,-44.73876953125,-1617.7291870117188,0,-0.024019642585964316,0,-0.0198,0,0,-120
2039.75,0,1612.1330261230469,0,-44.769287109375,-1612.1330261230469,0,-0.023859186239523981,0,-0.0218,0,0,-119
2039.875,0,1606.5673828125,0,-44.525146484375,-1606.5673828125,0,-0.02370198783345917,0,-0.0234,0,0,-118
2040,0,1601.01318359375,0,-44.43359375,-1601.01318359375,0,-0.023545851125749907,0,-0.0264,0,0,-117
2040.125,0,1595.4627990722656,0,-44.403076171875,-1595.4627990722656,0,-0.023389901691177148,0,-0.0276,0,0,-116
2040.25,0,1589.9276733398438,0,-44.281005859375,-1589.9276733398438,0,-0.023235429884948196,0,-0.0276,0,0,-116
2040.375,0,1584.3849182128906,0,-44.342041015625,-1584.3849182128906,0,-0.023079833448032605,0,-0.0252,0,0,-115
2040.5,0,1578.8459777832031,0,-44.3115234375,-1578.8459777832031,0,-0.022924420707948,0,-0.0214,0,0,-114
2040.625,0,1573.2917785644531,0,-44.43359375,-1573.2917785644531,0,-0.022767037603111988,0,-0.0194,0,0,-113
2040.75,0,1567.779541015625,0,-44.097900390625,-1567.779541015625,0,-0.022614170629263394,0,-0.0198,0,0,-113
2040.875,0,1562.2673034667969,0,-44.097900390625,-1562.2673034667969,0,-0.022461023211541257,0,-0.021,0,0,-112
2041,0,1556.7550659179688,0,-44.097900390625,-1556.7550659179688,0,-0.02230760058205878,0,-0.0226,0,0,-111
2041.125,0,1551.2733459472656,0,-43.853759765625,-1551.2733459472656,0,-0.022157352358827376,0,-0.0238,0,0,-110
2041.25,0,1545.7572937011719,0,-44.12841796875,-1545.7572937011719,0,-0.022002917133018083,0,-0.0252,0,0,-110
2041.375,0,1540.2755737304688,0,-43.853759765625,-1540.2755737304688,0,-0.021852103597685933,0,-0.022,0,0,-109
2041.5,0,1534.8052978515625,0,-43.76220703125,-1534.8052978515625,0,-0.021702280331812453,0,-0.022,0,0,-108
2041.625,0,1529.3464660644531,0,-43.670654296875,-1529.3464660644531,0,-0.021553435363672754,0,-0.0176,0,0,-107
2041.75,0,1523.8914489746094,0,-43.64013671875,-1523.8914489746094,0,-0.021404695824015031,0,-0.0164,0,0,-107
2041.875,0,1518.4326171875,0,-43.670654296875,-1518.4326171875,0,-0.021255200792790408,0,-0.0172,0,0,-106
2042,0,1512.9966735839844,0,-43.487548828125,-1512.9966735839844,0,-0.021107976120172327,0,-0.0172,0,0,-105
2042.125,0,1507.568359375,0,-43.426513671875,-1507.568359375,0,-0.0209612702139217,0,-0.0186,0,0,-104
2042.25,0,1502.1591186523438,0,-43.27392578125,-1502.1591186523438,0,-0.02081636941248809,0,-0.0206,0,0,-104
2042.375,0,1496.7498779296875,0,-43.27392578125,-1496.7498779296875,0,-0.020671098075460869,0,-0.0226,0,0,-103
2042.5,0,1491.3368225097656,0,-43.304443359375,-1491.3368225097656,0,-0.020525032555314446,0,-0.0228,0,0,-102
2042.625,0,1485.9580993652344,0,-43.02978515625,-1485.9580993652344,0,-0.020382491105389616,0,-0.0232,0,0,-101
2042.75,0,1480.6060791015625,0,-42.816162109375,-1480.6060791015625,0,-0.020242566367680209,0,-0.023,0,0,-101
2042.875,0,1475.2197265625,0,-43.0908203125,-1475.2197265625,0,-0.020098335730678991,0,-0.0218,0,0,-100
2043,0,1469.8486328125,0,-42.96875,-1469.8486328125,0,-0.019955457303448075,0,-0.02,0,0,-99
2043.125,0,1464.5118713378906,0,-42.694091796875,-1464.5118713378906,0,-0.019816067331662034,0,-0.0176,0,0,-99
2043.25,0,1459.1751098632813,0,-42.694091796875,-1459.1751098632813,0,-0.019676245198690816,0,-0.0166,0,0,-98
2043.375,0,1453.8421630859375,0,-42.66357421875,-1453.8421630859375,0,-0.01953642952760716,0,-0.017,0,0,-97
2043.5,0,1448.516845703125,0,-42.6025390625,-1448.516845703125,0,-0.019397052926053496,0,-0.0186,0,0,-96
2043.625,0,1443.2296752929688,0,-42.29736328125,-1443.2296752929688,0,-0.019261556021541466,0,-0.0208,0,0,-96
2043.75,0,1437.9463195800781,0,-42.266845703125,-1437.9463195800781,0,-0.01912601306598528,0,-0.023,0,0,-95
2043.875,0,1432.6591491699219,0,-42.29736328125,-1432.6591491699219,0,-0.018989565965420438,0,-0.0214,0,0,-94
2044,0,1427.4024963378906,0,-42.05322265625,-1427.4024963378906,0,-0.018856104464257555,0,-0.0196,0,0,-94
2044.125,0,1422.1725463867188,0,-41.839599609375,-1422.1725463867188,0,-0.018725159643173429,0,-0.0174,0,0,-93
2044.25,0,1416.9158935546875,0,-42.05322265625,-1416.9158935546875,0,-0.01859067187779264,0,-0.016,0,0,-92
2044.375,0,1411.6973876953125,0,-41.748046875,-1411.6973876953125,0,-0.018460011620350023,0,-0.013,0,0,-92
2044.5,0,1406.5017700195313,0,-41.56494140625,-1406.5017700195313,0,-0.0183314068986227,0,-0.0132,0,0,-91
2044.625,0,1401.2832641601563,0,-41.748046875,-1401.2832641601563,0,-0.018199665644712783,0,-0.013,0,0,-90
2044.75,0,1396.0990905761719,0,-41.473388671875,-1396.0990905761719,0,-0.018071291775492115,0,-0.0148,0,0,-90
2044.875,0,1390.9263610839844,0,-41.3818359375,-1390.9263610839844,0,-0.017943658614409268,0,-0.0144,0,0,-89
2045,0,1385.7345581054688,0,-41.534423828125,-1385.7345581054688,0,-0.017813314362179485,0,-0.017,0,0,-89
2045.125,0,1380.584716796875,0,-41.19873046875,-1380.584716796875,0,-0.017687187726614526,0,-0.0196,0,0,-88
2045.25,0,1375.4386901855469,0,-41.168212890625,-1375.4386901855469,0,-0.017560918262537684,0,-0.0196,0,0,-87
2045.375,0,1370.269775390625,0,-41.351318359375,-1370.269775390625,0,-0.017431496879322779,0,-0.0204,0,0,-87
2045.5,0,1365.1313781738281,0,-41.107177734375,-1365.1313781738281,0,-0.017304997220470242,0,-0.02,0,0,-86
2045.625,0,1359.9929809570313,0,-41.107177734375,-1359.9929809570313,0,-0.017177937635271884,0,-0.019,0,0,-85
2045.75,0,1354.8431396484375,0,-41.19873046875,-1354.8431396484375,0,-0.017049036888700974,0,-0.0148,0,0,-85
2045.875,0,1349.7161865234375,0,-41.015625,-1349.7161865234375,0,-0.016922197871134446,0,-0.014,0,0,-84
2046,0,1344.5968627929688,0,-40.95458984375,-1344.5968627929688,0,-0.016795672882640358,0,-0.0156,0,0,-83
2046.125,0,1339.4927978515625,0,-40.83251953125,-1339.4927978515625,0,-0.016670321520919542,0,-0.0148,0,0,-83
2046.25,0,1334.4039916992188,0,-40.71044921875,-1334.4039916992188,0,-0.016546130561193393,0,-0.0168,0,0,-82
2046.375,0,1329.3037414550781,0,-40.802001953125,-1329.3037414550781,0,-0.016420073102339543,0,-0.0174,0,0,-82
2046.5,0,1324.2568969726563,0,-40.374755859375,-1324.2568969726563,0,-0.0162994969909611,0,-0.0164,0,0,-81
2046.625,0,1319.1986083984375,0,-40.46630859375,-1319.1986083984375,0,-0.016177010785240503,0,-0.0156,0,0,-80
2046.75,0,1314.1593933105469,0,-40.313720703125,-1314.1593933105469,0,-0.016056088101166609,0,-0.0128,0,0,-80
2046.875,0,1309.1545104980469,0,-40.0390625,-1309.1545104980469,0,-0.015938432849385994,0,-0.013,0,0,-79
2047,0,1304.1343688964844,0,-40.1611328125,-1304.1343688964844,0,-0.015818406295040836,0,-0.0112,0,0,-79
2047.125,0,1299.1523742675781,0,-39.85595703125,-1299.1523742675781,0,-0.0157020718535448,0,-0.0096,0,0,-78
2047.25,0,1294.1741943359375,0,-39.825439453125,-1294.1741943359375,0,-0.015585507276484651,0,-0.0122,0,0,-77
2047.375,0,1289.2341613769531,0,-39.520263671875,-1289.2341613769531,0,-0.015472594069104693,0,-0.0152,0,0,-77
2047.5,0,1284.271240234375,0,-39.703369140625,-1284.271240234375,0,-0.015356396820046072,0,-0.0134,0,0,-76
2047.625,0,1279.3731689453125,0,-39.1845703125,-1279.3731689453125,0,-0.015246866681709263,0,-0.0154,0,0,-76
2047.75,0,1274.4522094726563,0,-39.36767578125,-1274.4522094726563,0,-0.015134013230679935,0,-0.0154,0,0,-75
2047.875,0,1269.5770263671875,0,-39.00146484375,-1269.5770263671875,0,-0.015025635549825389,0,-0.0158,0,0,-75
2048,0,1264.6751403808594,0,-39.215087890625,-1264.6751403808594,0,-0.014913495501526515,0,-0.0168,0,0,-74
2048.125,0,1259.8037719726563,0,-38.970947265625,-1259.8037719726563,0,-0.0148041065108178,0,-0.017,0,0,-74
2048.25,0,1254.9514770507813,0,-38.818359375,-1254.9514770507813,0,-0.014696142913237653,0,-0.0154,0,0,-73
2048.375,0,1250.1029968261719,0,-38.787841796875,-1250.1029968261719,0,-0.014587866712921917,0,-0.0146,0,0,-72
2048.5,0,1245.2507019042969,0,-38.818359375,-1245.2507019042969,0,-0.014478424788839138,0,-0.011,0,0,-72
2048.625,0,1240.4365539550781,0,-38.51318359375,-1240.4365539550781,0,-0.014372572886433184,0,-0.0098,0,0,-71
2048.75,0,1235.595703125,0,-38.726806640625,-1235.595703125,0,-0.01426294617844796,0,-0.0102,0,0,-71
2048.875,0,1230.804443359375,0,-38.330078125,-1230.804443359375,0,-0.014158211124165066,0,-0.0126,0,0,-70
2049,0,1225.9864807128906,0,-38.543701171875,-1225.9864807128906,0,-0.014049693434337582,0,-0.014,0,0,-70
2049.125,0,1221.2104797363281,0,-38.2080078125,-1221.2104797363281,0,-0.013945198593449365,0,-0.0162,0,0,-69
2049.25,0,1216.4268493652344,0,-38.26904296875,-1216.4268493652344,0,-0.013839078108699419,0,-0.0162,0,0,-69
2049.375,0,1211.6775512695313,0,-37.994384765625,-1211.6775512695313,0,-0.013736094138290734,0,-0.0162,0,0,-68
2049.5,0,1206.9244384765625,0,-38.02490234375,-1206.9244384765625,0,-0.013631902071158815,0,-0.0144,0,0,-68
2049.625,0,1202.178955078125,0,-37.9638671875,-1202.178955078125,0,-0.01352781395976908,0,-0.0116,0,0,-67
2049.75,0,1197.4639892578125,0,-37.7197265625,-1197.4639892578125,0,-0.013426415562820163,0,-0.0104,0,0,-67
2049.875,0,1192.7452087402344,0,-37.750244140625,-1192.7452087402344,0,-0.013323798997668133,0,-0.008,0,0,-66
2050,0,1188.04931640625,0,-37.567138671875,-1188.04931640625,0,-0.013222998746433064,0,-0.0078,0,0,-66
2050.125,0,1183.3534240722656,0,-37.567138671875,-1183.3534240722656,0,-0.013121410566902331,0,-0.0072,0,0,-65
2050.25,0,1178.6689758300781,0,-37.4755859375,-1178.6689758300781,0,-0.013020340840410949,0,-0.0078,0,0,-65
2050.375,0,1174.0036010742188,0,-37.322998046875,-1174.0036010742188,0,-0.012920647518575188,0,-0.0088,0,0,-64
2050.5,0,1169.3458557128906,0,-37.261962890625,-1169.3458557128906,0,-0.012821024079925338,0,-0.009,0,0,-64
2050.625,0,1164.7186279296875,0,-37.017822265625,-1164.7186279296875,0,-0.012724056918836171,0,-0.0122,0,0,-63
2050.75,0,1160.0799560546875,0,-37.109375,-1160.0799560546875,0,-0.012624977655602505,0,-0.0152,0,0,-63
2050.875,0,1155.4603576660156,0,-36.956787109375,-1155.4603576660156,0,-0.01252726367498048,0,-0.014,0,0,-62
2051,0,1150.8560180664063,0,-36.834716796875,-1150.8560180664063,0,-0.012430469783877187,0,-0.0154,0,0,-62
2051.125,0,1146.2669372558594,0,-36.712646484375,-1146.2669372558594,0,-0.012334587487642674,0,-0.0158,0,0,-61
2051.25,0,1141.6740417480469,0,-36.7431640625,-1141.6740417480469,0,-0.012237455647913308,0,-0.014,0,0,-61
2051.375,0,1137.1192932128906,0,-36.43798828125,-1137.1192932128906,0,-0.012143831573919297,0,-0.0106,0,0,-60
2051.5,0,1132.5416564941406,0,-36.62109375,-1132.5416564941406,0,-0.012046782533454955,0,-0.009,0,0,-60
2051.625,0,1127.9869079589844,0,-36.43798828125,-1127.9869079589844,0,-0.011951526143262113,0,-0.0072,0,0,-59
2051.75,0,1123.4664916992188,0,-36.163330078125,-1123.4664916992188,0,-0.01185933364656027,0,-0.009,0,0,-59
2051.875,0,1118.9308166503906,0,-36.285400390625,-1118.9308166503906,0,-0.011764570105822192,0,-0.0088,0,0,-58
2052,0,1114.44091796875,0,-35.919189453125,-1114.44091796875,0,-0.011674163783824673,0,-0.0094,0,0,-58
2052.125,0,1109.9472045898438,0,-35.94970703125,-1109.9472045898438,0,-0.011582462117342032,0,-0.011,0,0,-57
2052.25,0,1105.4840087890625,0,-35.70556640625,-1105.4840087890625,0,-0.01149336214921479,0,-0.0122,0,0,-57
2052.375,0,1101.0246276855469,0,-35.675048828125,-1101.0246276855469,0,-0.011403818759752767,0,-0.0126,0,0,-57
2052.5,0,1096.5843200683594,0,-35.5224609375,-1096.5843200683594,0,-0.011315564631180828,0,-0.013,0,0,-56
2052.625,0,1092.1745300292969,0,-35.2783203125,-1092.1745300292969,0,-0.011229878230464219,0,-0.0104,0,0,-56
2052.75,0,1087.7723693847656,0,-35.21728515625,-1087.7723693847656,0,-0.011144145632123719,0,-0.009,0,0,-55
2052.875,0,1083.3816528320313,0,-35.125732421875,-1083.3816528320313,0,-0.011058802594006175,0,-0.0062,0,0,-55
2053,0,1079.010009765625,0,-34.97314453125,-1079.010009765625,0,-0.010974709472422191,0,-0.0078,0,0,-54
2053.125,0,1074.6650695800781,0,-34.759521484375,-1074.6650695800781,0,-0.010892714907927771,0,-0.006,0,0,-54
2053.25,0,1070.3048706054688,0,-34.881591796875,-1070.3048706054688,0,-0.010808058758193793,0,-0.006,0,0,-54
2053.375,0,1065.9675598144531,0,-34.698486328125,-1065.9675598144531,0,-0.010725087612549374,0,-0.0054,0,0,-53
2053.5,0,1061.6455078125,0,-34.576416015625,-1061.6455078125,0,-0.010642921920325016,0,-0.0064,0,0,-53
2053.625,0,1057.3387145996094,0,-34.454345703125,-1057.3387145996094,0,-0.010561555325584197,0,-0.0086,0,0,-52
2053.75,0,1053.0509948730469,0,-34.3017578125,-1053.0509948730469,0,-0.01048141215140899,0,-0.0096,0,0,-52
2053.875,0,1048.7556457519531,0,-34.36279296875,-1048.7556457519531,0,-0.010399466488728351,0,-0.0116,0,0,-51
2054,0,1044.4755554199219,0,-34.24072265625,-1044.4755554199219,0,-0.010318330992860374,0,-0.0114,0,0,-51
2054.125,0,1040.1954650878906,0,-34.24072265625,-1040.1954650878906,0,-0.010236276978177205,0,-0.0108,0,0,-51
2054.25,0,1035.9420776367188,0,-34.027099609375,-1035.9420776367188,0,-0.010156335504137177,0,-0.013,0,0,-50
2054.375,0,1031.6734313964844,0,-34.149169921875,-1031.6734313964844,0,-0.010073746167526413,0,-0.012,0,0,-50
2054.5,0,1027.4238586425781,0,-33.99658203125,-1027.4238586425781,0,-0.0099924247412174934,0,-0.011,0,0,-49
2054.625,0,1023.1590270996094,0,-34.11865234375,-1023.1590270996094,0,-0.00990848336523688,0,-0.0066,0,0,-49
2054.75,0,1018.9208984375,0,-33.905029296875,-1018.9208984375,0,-0.0098266984125768165,0,-0.0074,0,0,-49
2054.875,0,1014.6751403808594,0,-33.966064453125,-1014.6751403808594,0,-0.0097431697822021584,0,-0.0044,0,0,-48
2055,0,1010.4560852050781,0,-33.75244140625,-1010.4560852050781,0,-0.0096618007135417256,0,-0.0064,0,0,-48
2055.125,0,1006.256103515625,0,-33.599853515625,-1006.256103515625,0,-0.0095817049700812045,0,-0.0056,0,0,-47
2055.25,0,1002.0523071289063,0,-33.63037109375,-1002.0523071289063,0,-0.0095002862721404856,0,-0.0082,0,0,-47
2055.375,0,997.86758422851562,0,-33.477783203125,-997.86758422851562,0,-0.0094201504963503883,0,-0.0086,0,0,-47
2055.5,0,993.70956420898438,0,-33.26416015625,-993.70956420898438,0,-0.00934214566749621,0,-0.0096,0,0,-46
2055.625,0,989.55917358398438,0,-33.203125,-989.55917358398438,0,-0.0092640944015997036,0,-0.0082,0,0,-46
2055.75,0,985.42404174804688,0,-33.0810546875,-985.42404174804688,0,-0.009186863021413378,0,-0.01,0,0,-45
2055.875,0,981.31561279296875,0,-32.867431640625,-981.31561279296875,0,-0.0091117365830607512,0,-0.0098,0,0,-45
2056,0,977.22244262695312,0,-32.745361328125,-977.22244262695312,0,-0.0090373993086067545,0,-0.0078,0,0,-45
2056.125,0,973.14071655273438,0,-32.65380859375,-973.14071655273438,0,-0.0089634145855820441,0,-0.004,0,0,-44
2056.25,0,969.08187866210938,0,-32.470703125,-969.08187866210938,0,-0.0088910740211923609,0,-0.0034,0,0,-44
2056.375,0,965.04974365234375,0,-32.257080078125,-965.04974365234375,0,-0.008820790508119963,0,-0.003,0,0,-44
2056.5,0,961.01760864257812,0,-32.257080078125,-961.01760864257812,0,-0.0087495269201455974,0,-0.003,0,0,-43
2056.625,0,957.00836181640625,0,-32.073974609375,-957.00836181640625,0,-0.00867988490471249,0,-0.0046,0,0,-43
2056.75,0,953.01437377929688,0,-31.951904296875,-953.01437377929688,0,-0.0086109860945645482,0,-0.0048,0,0,-43
2056.875,0,949.04708862304688,0,-31.73828125,-949.04708862304688,0,-0.0085441169764169655,0,-0.005,0,0,-42
2057,0,945.098876953125,0,-31.585693359375,-945.098876953125,0,-0.0084783937366753742,0,-0.0074,0,0,-42
2057.125,0,941.15829467773438,0,-31.524658203125,-941.15829467773438,0,-0.00841251415469299,0,-0.0068,0,0,-42
2057.25,0,937.24441528320312,0,-31.31103515625,-937.24441528320312,0,-0.0083486382849900717,0,-0.0092,0,0,-41
2057.375,0,933.33053588867188,0,-31.31103515625,-933.33053588867188,0,-0.0082837299964694973,0,-0.009,0,0,-41
2057.5,0,929.443359375,0,-31.097412109375,-929.443359375,0,-0.0082208224735698422,0,-0.0106,0,0,-41
2057.625,0,925.567626953125,0,-31.005859375,-925.567626953125,0,-0.0081581713214851619,0,-0.01,0,0,-40
2057.75,0,921.69570922851562,0,-30.975341796875,-921.69570922851562,0,-0.0080949171396244284,0,-0.0082,0,0,-40
2057.875,0,917.8314208984375,0,-30.914306640625,-917.8314208984375,0,-0.0080315039066375226,0,-0.0056,0,0,-40
2058,0,913.99002075195312,0,-30.731201171875,-913.99002075195312,0,-0.0079696611671442822,0,-0.0054,0,0,-39
2058.125,0,910.14862060546875,0,-30.731201171875,-910.14862060546875,0,-0.0079067892650914618,0,-0.005,0,0,-39
2058.25,0,906.32247924804688,0,-30.609130859375,-906.32247924804688,0,-0.00784462964285039,0,-0.0032,0,0,-39
2058.375,0,902.5115966796875,0,-30.487060546875,-902.5115966796875,0,-0.0077831776827819634,0,-0.0016,0,0,-38
2058.5,0,898.6968994140625,0,-30.517578125,-898.6968994140625,0,-0.0077202760512016253,0,-0.0042,0,0,-38
2058.625,0,894.90890502929688,0,-30.303955078125,-894.90890502929688,0,-0.0076593941097198737,0,-0.0044,0,0,-38
2058.75,0,891.11709594726562,0,-30.33447265625,-891.11709594726562,0,-0.0075970648687097341,0,-0.0056,0,0,-37
2058.875,0,887.36724853515625,0,-29.998779296875,-887.36724853515625,0,-0.0075384798872843162,0,-0.0066,0,0,-37
2059,0,883.59451293945312,0,-30.181884765625,-883.59451293945312,0,-0.0074762736284012992,0,-0.0064,0,0,-37
2059.125,0,879.85610961914062,0,-29.9072265625,-879.85610961914062,0,-0.0074169590526037017,0,-0.0066,0,0,-37
2059.25,0,876.11770629882812,0,-29.9072265625,-876.11770629882812,0,-0.007356626676970803,0,-0.0076,0,0,-36
2059.375,0,872.40219116210938,0,-29.72412109375,-872.40219116210938,0,-0.0072978788527626876,0,-0.0064,0,0,-36
2059.5,0,868.6981201171875,0,-29.632568359375,-868.6981201171875,0,-0.0072394073429704079,0,-0.006,0,0,-36
2059.625,0,864.99786376953125,0,-29.60205078125,-864.99786376953125,0,-0.0071803523749242436,0,-0.0058,0,0,-35
2059.75,0,861.31668090820312,0,-29.449462890625,-861.31668090820312,0,-0.0071224492434539379,0,-0.0022,0,0,-35
2059.875,0,857.6507568359375,0,-29.327392578125,-857.6507568359375,0,-0.0070652567376316795,0,-0.0026,0,0,-35
2060,0,853.9886474609375,0,-29.296875,-853.9886474609375,0,-0.007007478589362545,0,-0.0024,0,0,-35
2060.125,0,850.341796875,0,-29.1748046875,-850.341796875,0,-0.0069504195737868568,0,-0.0026,0,0,-34
2060.25,0,846.70257568359375,0,-29.11376953125,-846.70257568359375,0,-0.0068932138245365723,0,-0.0016,0,0,-34
2060.375,0,843.08624267578125,0,-28.9306640625,-843.08624267578125,0,-0.0068375906564304206,0,-0.0026,0,0,-34
2060.5,0,839.48135375976562,0,-28.839111328125,-839.48135375976562,0,-0.0067822418692181355,0,-0.0022,0,0,-33
2060.625,0,835.90316772460938,0,-28.62548828125,-835.90316772460938,0,-0.0067288910889363104,0,-0.0036,0,0,-33
2060.75,0,832.32498168945312,0,-28.62548828125,-832.32498168945312,0,-0.0066745022909298736,0,-0.0044,0,0,-33
2060.875,0,828.765869140625,0,-28.472900390625,-828.765869140625,0,-0.0066212476432158662,0,-0.007,0,0,-33
2061,0,825.19912719726562,0,-28.533935546875,-825.19912719726562,0,-0.0065661029021979065,0,-0.0078,0,0,-32
2061.125,0,821.66290283203125,0,-28.289794921875,-821.66290283203125,0,-0.0065134045993524613,0,-0.0076,0,0,-32
2061.25,0,818.14956665039062,0,-28.106689453125,-818.14956665039062,0,-0.0064622633138022049,0,-0.0102,0,0,-32
2061.375,0,814.63623046875,0,-28.106689453125,-814.63623046875,0,-0.006410079640913155,0,-0.0072,0,0,-32
2061.5,0,811.14959716796875,0,-27.89306640625,-811.14959716796875,0,-0.0063598869511020594,0,-0.0082,0,0,-31
2061.625,0,807.647705078125,0,-28.01513671875,-807.647705078125,0,-0.0063069271089990159,0,-0.0032,0,0,-31
2061.75,0,804.18014526367188,0,-27.740478515625,-804.18014526367188,0,-0.0062568403547661328,0,-0.0024,0,0,-31
2061.875,0,800.7354736328125,0,-27.557373046875,-800.7354736328125,0,-0.0062083009150386594,0,-0.003,0,0,-31
2062,0,797.28317260742188,0,-27.618408203125,-797.28317260742188,0,-0.0061578484453252624,0,-0.002,0,0,-30
2062.125,0,793.85757446289062,0,-27.40478515625,-793.85757446289062,0,-0.0061093893445827337,0,-0.0022,0,0,-30
2062.25,0,790.43197631835938,0,-27.40478515625,-790.43197631835938,0,-0.0060598876746842806,0,-0.0018,0,0,-30
2062.375,0,787.04452514648438,0,-27.099609375,-787.04452514648438,0,-0.0060136684907555124,0,-0.0026,0,0,-30
2062.5,0,783.66470336914062,0,-27.03857421875,-783.66470336914062,0,-0.0059672477470437187,0,-0.0068,0,0,-29
2062.625,0,780.29251098632812,0,-26.9775390625,-780.29251098632812,0,-0.0059206335394776611,0,-0.006,0,0,-29
2062.75,0,776.95465087890625,0,-26.702880859375,-776.95465087890625,0,-0.0058768477360164337,0,-0.0066,0,0,-29
2062.875,0,773.64349365234375,0,-26.4892578125,-773.64349365234375,0,-0.0058349959573787838,0,-0.008,0,0,-29
2063,0,770.32852172851562,0,-26.519775390625,-770.32852172851562,0,-0.00579161281215565,0,-0.0076,0,0,-28
2063.125,0,767.03262329101562,0,-26.3671875,-767.03262329101562,0,-0.0057493080652273139,0,-0.005,0,0,-28
2063.25,0,763.77105712890625,0,-26.092529296875,-763.77105712890625,0,-0.0057097946779650311,0,-0.005,0,0,-28
2063.375,0,760.50186157226562,0,-26.153564453125,-760.50186157226562,0,-0.0056683039182584436,0,-0.003,0,0,-28
2063.5,0,757.26318359375,0,-25.909423828125,-757.26318359375,0,-0.0056291739459110946,0,-0.0024,0,0,-28
2063.625,0,754.0435791015625,0,-25.7568359375,-754.0435791015625,0,-0.0055910863775548115,0,-0.0018,0,0,-27
2063.75,0,750.82015991210938,0,-25.787353515625,-750.82015991210938,0,-0.005551449241700957,0,-0.001,0,0,-27
2063.875,0,747.63107299804688,0,-25.5126953125,-747.63107299804688,0,-0.0055145948845515946,0,-0.001,0,0,-27
2064,0,744.44198608398438,0,-25.5126953125,-744.44198608398438,0,-0.0054766158549652728,0,-0.001,0,0,-27
2064.125,0,741.26815795898438,0,-25.390625,-741.26815795898438,0,-0.005439255377197541,0,-0.0008,0,0,-27
2064.25,0,738.12484741210938,0,-25.146484375,-738.12484741210938,0,-0.0054042328240052695,0,-0.0026,0,0,-27
2064.375,0,734.97772216796875,0,-25.177001953125,-734.97772216796875,0,-0.0053676468759272762,0,-0.0016,0,0,-26
2064.5,0,731.842041015625,0,-25.08544921875,-731.842041015625,0,-0.0053312467745034384,0,-0.004,0,0,-26
2064.625,0,728.72161865234375,0,-24.96337890625,-728.72161865234375,0,-0.0052954661161964739,0,-0.0032,0,0,-26
2064.75,0,725.60882568359375,0,-24.90234375,-725.60882568359375,0,-0.0052594408945012,0,-0.0042,0,0,-26
2064.875,0,722.51129150390625,0,-24.7802734375,-722.51129150390625,0,-0.005224041128522823,0,-0.0048,0,0,-26
2065,0,719.42520141601562,0,-24.688720703125,-719.42520141601562,0,-0.0051888332600207839,0,-0.0056,0,0,-25
2065.125,0,716.339111328125,0,-24.688720703125,-716.339111328125,0,-0.0051525285308147081,0,-0.004,0,0,-25
2065.25,0,713.27972412109375,0,-24.47509765625,-713.27972412109375,0,-0.0051181613276060616,0,-0.004,0,0,-25
2065.375,0,710.2203369140625,0,-24.47509765625,-710.2203369140625,0,-0.005082696754104883,0,-0.0042,0,0,-25
2065.5,0,707.17239379882812,0,-24.383544921875,-707.17239379882812,0,-0.005047446964764158,0,-0.0034,0,0,-25
2065.625,0,704.12063598632812,0,-24.4140625,-704.12063598632812,0,-0.0050106922139781908,0,-0.004,0,0,-25
2065.75,0,701.09176635742188,0,-24.23095703125,-701.09176635742188,0,-0.0049754723344375513,0,-0.0038,0,0,-24
2065.875,0,698.0438232421875,0,-24.383544921875,-698.0438232421875,0,-0.0049370355324824394,0,-0.002,0,0,-24
2066,0,695.037841796875,0,-24.0478515625,-695.037841796875,0,-0.0049023199529874316,0,-0.0026,0,0,-24
2066.125,0,692.02041625976562,0,-24.139404296875,-692.02041625976562,0,-0.0048652521700200705,0,-0.0022,0,0,-24
2066.25,0,688.99917602539062,0,-24.169921875,-688.99917602539062,0,-0.0048267306851638454,0,-0.0028,0,0,-24
2066.375,0,686.01608276367188,0,-23.86474609375,-686.01608276367188,0,-0.0047915166165388668,0,-0.0002,0,0,-23
2066.5,0,683.01773071289062,0,-23.98681640625,-683.01773071289062,0,-0.0047535420906464577,0,-0.0014,0,0,-23
2066.625,0,680.0537109375,0,-23.712158203125,-680.0537109375,0,-0.0047184472227427545,0,-0.0042,0,0,-23
2066.75,0,677.08206176757812,0,-23.773193359375,-677.08206176757812,0,-0.004681461633375919,0,-0.004,0,0,-23
2066.875,0,674.13330078125,0,-23.590087890625,-674.13330078125,0,-0.0046460607448639253,0,-0.0036,0,0,-23
2067,0,671.19216918945312,0,-23.529052734375,-671.19216918945312,0,-0.00461050575697105,0,-0.0042,0,0,-23
2067.125,0,668.29299926757812,0,-23.193359375,-668.29299926757812,0,-0.0045786789241292879,0,-0.0024,0,0,-22
2067.25,0,665.36712646484375,0,-23.406982421875,-665.36712646484375,0,-0.0045427844493122769,0,-0.0022,0,0,-22
2067.375,0,662.49847412109375,0,-22.94921875,-662.49847412109375,0,-0.0045123553759943685,0,-0.003,0,0,-22
2067.5,0,659.61074829101562,0,-23.101806640625,-659.61074829101562,0,-0.0044787110462980156,0,-0.003,0,0,-22
2067.625,0,656.76498413085938,0,-22.76611328125,-656.76498413085938,0,-0.00444878957401535,0,-0.0036,0,0,-22
2067.75,0,653.92684936523438,0,-22.705078125,-653.92684936523438,0,-0.0044186703049058692,0,-0.0016,0,0,-22
2067.875,0,651.10397338867188,0,-22.5830078125,-651.10397338867188,0,-0.0043892223855724073,0,-0.0016,0,0,-21
2068,0,648.30780029296875,0,-22.369384765625,-648.30780029296875,0,-0.0043617336433055759,0,-0.0014,0,0,-21
2068.125,0,645.51544189453125,0,-22.3388671875,-645.51544189453125,0,-0.0043335993383202065,0,-0.0016,0,0,-21
2068.25,0,642.73834228515625,0,-22.216796875,-642.73834228515625,0,-0.0043061253636617544,0,-0.0016,0,0,-21
2068.375,0,639.98031616210938,0,-22.064208984375,-639.98031616210938,0,-0.0042797386313278068,0,-0.0024,0,0,-21
2068.5,0,637.25662231445312,0,-21.78955078125,-637.25662231445312,0,-0.004256151937690569,0,-0.0014,0,0,-21
2068.625,0,634.51766967773438,0,-21.91162109375,-634.51766967773438,0,-0.0042297352678411469,0,-0.002,0,0,-21
2068.75,0,631.80923461914062,0,-21.66748046875,-631.80923461914062,0,-0.0042056994735799845,0,-0.0012,0,0,-21
2068.875,0,629.14276123046875,0,-21.331787109375,-629.14276123046875,0,-0.0041853091593954481,0,0,0,0,-20
2069,0,626.45721435546875,0,-21.484375,-626.45721435546875,0,-0.004161631191568301,0,0.0002,0,0,-20
2069.125,0,623.809814453125,0,-21.17919921875,-623.809814453125,0,-0.0041411744741344436,0,-0.0004,0,0,-20
2069.25,0,621.18148803710938,0,-21.026611328125,-621.18148803710938,0,-0.004121747785102093,0,-0.002,0,0,-20
2069.375,0,618.54171752929688,0,-21.1181640625,-618.54171752929688,0,-0.0040998982629905046,0,-0.0012,0,0,-20
2069.5,0,615.94390869140625,0,-20.782470703125,-615.94390869140625,0,-0.0040816924523544356,0,-0.0024,0,0,-20
2069.625,0,613.372802734375,0,-20.56884765625,-613.372802734375,0,-0.00406536397773763,0,-0.0024,0,0,-20
2069.75,0,610.77880859375,0,-20.751953125,-610.77880859375,0,-0.004045295703153544,0,-0.0012,0,0,-20
2069.875,0,608.22296142578125,0,-20.44677734375,-608.22296142578125,0,-0.0040284333608044528,0,-0.0018,0,0,-20
2070,0,605.6976318359375,0,-20.20263671875,-605.6976318359375,0,-0.004013877695799222,0,-0.0038,0,0,-20
2070.125,0,603.1494140625,0,-20.3857421875,-603.1494140625,0,-0.0039955751694474295,0,-0.0028,0,0,-19
2070.25,0,600.6317138671875,0,-20.1416015625,-600.6317138671875,0,-0.0039796105248144373,0,-0.0038,0,0,-19
2070.375,0,598.14453125,0,-19.8974609375,-598.14453125,0,-0.003965957487188896,0,-0.0038,0,0,-19
2070.5,0,595.64208984375,0,-20.01953125,-595.64208984375,0,-0.0039494235467877553,0,-0.0036,0,0,-19
2070.625,0,593.15109252929688,0,-19.927978515625,-593.15109252929688,0,-0.0039330677033304375,0,-0.004,0,0,-19
2070.75,0,590.68679809570312,0,-19.71435546875,-590.68679809570312,0,-0.0039186153791792612,0,-0.0014,0,0,-19
2070.875,0,588.23013305664062,0,-19.6533203125,-588.23013305664062,0,-0.003903893433369381,0,-0.0012,0,0,-19
2071,0,585.7696533203125,0,-19.683837890625,-585.7696533203125,0,-0.0038876195503121389,0,-0.001,0,0,-19
2071.125,0,583.32061767578125,0,-19.59228515625,-583.32061767578125,0,-0.0038715427577874447,0,-0.002,0,0,-19
2071.25,0,580.87921142578125,0,-19.53125,-580.87921142578125,0,-0.003855235321608288,0,-0.0016,0,0,-19
2071.375,0,578.47976684570312,0,-19.195556640625,-578.47976684570312,0,-0.003842580924258137,0,-0.0002,0,0,-19
2071.5,0,576.04217529296875,0,-19.500732421875,-576.04217529296875,0,-0.0038244934888029981,0,0.0008,0,0,-19
2071.625,0,573.61984252929688,0,-19.378662109375,-573.61984252929688,0,-0.0038070805454977377,0,-0.001,0,0,-19
2071.75,0,571.23565673828125,0,-19.073486328125,-571.23565673828125,0,-0.0037929215443239031,0,-0.002,0,0,-18
2071.875,0,568.85147094726562,0,-19.073486328125,-568.85147094726562,0,-0.0037776718511802936,0,-0.0012,0,0,-18
2072,0,566.46728515625,0,-19.073486328125,-566.46728515625,0,-0.0037613518146087255,0,-0.002,0,0,-18
2072.125,0,564.07546997070312,0,-19.134521484375,-564.07546997070312,0,-0.0037431202826397128,0,-0.0026,0,0,-18
2072.25,0,561.72561645507812,0,-18.798828125,-561.72561645507812,0,-0.0037286058673555705,0,-0.003,0,0,-18
2072.375,0,559.38339233398438,0,-18.73779296875,-559.38339233398438,0,-0.0037138880216179794,0,-0.0026,0,0,-18
2072.5,0,557.02972412109375,0,-18.829345703125,-557.02972412109375,0,-0.0036968220740613506,0,-0.0012,0,0,-18
2072.625,0,554.71420288085938,0,-18.524169921875,-554.71420288085938,0,-0.0036830426145745732,0,-0.0016,0,0,-18
2072.75,0,552.39486694335938,0,-18.5546875,-552.39486694335938,0,-0.0036677738414228494,0,-0.0016,0,0,-18
2072.875,0,550.079345703125,0,-18.524169921875,-550.079345703125,0,-0.0036519024931686954,0,-0.0006,0,0,-18
2073,0,547.78289794921875,0,-18.37158203125,-547.78289794921875,0,-0.0036371642212961516,0,-0.0022,0,0,-18
2073.125,0,545.51315307617188,0,-18.157958984375,-545.51315307617188,0,-0.0036244098461945258,0,-0.0024,0,0,-18
2073.25,0,543.243408203125,0,-18.157958984375,-543.243408203125,0,-0.00361060360645554,0,-0.002,0,0,-18
2073.375,0,540.9698486328125,0,-18.1884765625,-540.9698486328125,0,-0.0035953345657982663,0,0.0002,0,0,-17
2073.5,0,538.726806640625,0,-17.9443359375,-538.726806640625,0,-0.003582502891221446,0,-0.002,0,0,-17
2073.625,0,536.47232055664062,0,-18.035888671875,-536.47232055664062,0,-0.0035673442871513492,0,-0.0022,0,0,-17
2073.75,0,534.24072265625,0,-17.852783203125,-534.24072265625,0,-0.0035537707067188032,0,-0.0022,0,0,-17
2073.875,0,532.0281982421875,0,-17.7001953125,-532.0281982421875,0,-0.0035413350249828496,0,-0.0012,0,0,-17
2074,0,529.8309326171875,0,-17.578125,-529.8309326171875,0,-0.0035295962910483428,0,-0.0006,0,0,-17
2074.125,0,527.63748168945312,0,-17.547607421875,-527.63748168945312,0,-0.0035172584920017021,0,-0.0026,0,0,-17
2074.25,0,525.42495727539062,0,-17.7001953125,-525.42495727539062,0,-0.0035017516094535154,0,0.0004,0,0,-17
2074.375,0,523.25439453125,0,-17.364501953125,-523.25439453125,0,-0.0034900128957696792,0,0.0002,0,0,-17
2074.5,0,521.08383178710938,0,-17.364501953125,-521.08383178710938,0,-0.0034772597304768304,0,0.0004,0,0,-17
2074.625,0,518.9208984375,0,-17.303466796875,-518.9208984375,0,-0.0034643721606130245,0,-0.0006,0,0,-17
2074.75,0,516.77322387695312,0,-17.181396484375,-516.77322387695312,0,-0.00345221815010073,0,0.0008,0,0,-17
2074.875,0,514.6331787109375,0,-17.120361328125,-514.6331787109375,0,-0.0034399315634203224,0,0,0,0,-17
2075,0,512.51602172851562,0,-16.937255859375,-512.51602172851562,0,-0.003429241451260427,0,0.0002,0,0,-17
2075.125,0,510.39886474609375,0,-16.937255859375,-510.39886474609375,0,-0.0034175476728516411,0,-0.0002,0,0,-17
2075.25,0,508.31222534179688,0,-16.693115234375,-508.31222534179688,0,-0.0034083134366479492,0,-0.0022,0,0,-17
2075.375,0,506.21795654296875,0,-16.754150390625,-506.21795654296875,0,-0.0033972045937847423,0,-0.0006,0,0,-16
2075.5,0,504.14276123046875,0,-16.6015625,-504.14276123046875,0,-0.0033872657054945117,0,-0.0026,0,0,-16
2075.625,0,502.05230712890625,0,-16.7236328125,-502.05230712890625,0,-0.00337461073931893,0,-0.0028,0,0,-16
2075.75,0,500.01907348632812,0,-16.265869140625,-500.01907348632812,0,-0.0033674623451817763,0,-0.0032,0,0,-16
2075.875,0,497.96676635742188,0,-16.41845703125,-497.96676635742188,0,-0.003357139097105511,0,-0.003,0,0,-16
2076,0,495.93734741210938,0,-16.2353515625,-495.93734741210938,0,-0.0033484255529178672,0,-0.0026,0,0,-16
2076.125,0,493.92318725585938,0,-16.11328125,-493.92318725585938,0,-0.0033404435667907903,0,-0.0014,0,0,-16
2076.25,0,491.912841796875,0,-16.082763671875,-491.912841796875,0,-0.0033318964801029418,0,-0.002,0,0,-16
2076.375,0,489.9139404296875,0,-15.9912109375,-489.9139404296875,0,-0.0033236581243151109,0,-0.0042,0,0,-16
2076.5,0,487.92648315429688,0,-15.899658203125,-487.92648315429688,0,-0.0033157292428558807,0,-0.002,0,0,-16
2076.625,0,485.9466552734375,0,-15.838623046875,-485.9466552734375,0,-0.0033076800048450995,0,-0.001,0,0,-16
2076.75,0,484.00115966796875,0,-15.56396484375,-484.00115966796875,0,-0.0033025309143123356,0,-0.002,0,0,-16
2076.875,0,482.03659057617188,0,-15.716552734375,-482.03659057617188,0,-0.0032942195282259835,0,-0.0016,0,0,-16
2077,0,480.0872802734375,0,-15.594482421875,-480.0872802734375,0,-0.0032866690492398603,0,-0.0018,0,0,-16
2077.125,0,478.16085815429688,0,-15.411376953125,-478.16085815429688,0,-0.0032807350733755685,0,-0.0006,0,0,-16
2077.25,0,476.25350952148438,0,-15.2587890625,-476.25350952148438,0,-0.0032759698883937996,0,-0.0008,0,0,-16
2077.375,0,474.334716796875,0,-15.350341796875,-474.334716796875,0,-0.0032689180439855808,0,-0.0034,0,0,-16
2077.5,0,472.442626953125,0,-15.13671875,-472.442626953125,0,-0.0032639213024204063,0,-0.0042,0,0,-16
2077.625,0,470.54290771484375,0,-15.19775390625,-470.54290771484375,0,-0.003257081452952993,0,-0.0028,0,0,-16
2077.75,0,468.68133544921875,0,-14.892578125,-468.68133544921875,0,-0.003253595271352494,0,-0.0026,0,0,-16
2077.875,0,466.81594848632812,0,-14.923095703125,-466.81594848632812,0,-0.0032486857025413288,0,-0.002,0,0,-16
2078,0,464.96963500976562,0,-14.7705078125,-464.96963500976562,0,-0.0032449604968779471,0,-0.0008,0,0,-16
2078.125,0,463.09280395507812,0,-15.0146484375,-463.09280395507812,0,-0.0032368111113341438,0,-0.0008,0,0,-16
2078.25,0,461.28082275390625,0,-14.495849609375,-461.28082275390625,0,-0.0032350667547058607,0,-0.0012,0,0,-16
2078.375,0,459.4573974609375,0,-14.58740234375,-459.4573974609375,0,-0.003231033574436029,0,-0.0016,0,0,-16
2078.5,0,457.65304565429688,0,-14.434814453125,-457.65304565429688,0,-0.0032281922522930887,0,-0.0006,0,0,-16
2078.625,0,455.841064453125,0,-14.495849609375,-455.841064453125,0,-0.00322351746805194,0,-0.0012,0,0,-16
2078.75,0,454.05197143554688,0,-14.312744140625,-454.05197143554688,0,-0.0032204835757687171,0,0,0,0,-16
2078.875,0,452.26287841796875,0,-14.312744140625,-452.26287841796875,0,-0.0032164896059981517,0,-0.0014,0,0,-16
2079,0,450.5157470703125,0,-13.97705078125,-450.5157470703125,0,-0.0032162896352954055,0,-0.0024,0,0,-16
2079.125,0,448.76861572265625,0,-13.97705078125,-448.76861572265625,0,-0.0032151005612848171,0,-0.0026,0,0,-16
2079.25,0,447.02529907226562,0,-13.946533203125,-447.02529907226562,0,-0.0032133713976538534,0,-0.0032,0,0,-16
2079.375,0,445.32012939453125,0,-13.641357421875,-445.32012939453125,0,-0.00321498943231805,0,-0.0042,0,0,-16
2079.5,0,443.60733032226562,0,-13.702392578125,-443.60733032226562,0,-0.0032147471704607432,0,-0.004,0,0,-16
2079.625,0,441.91741943359375,0,-13.519287109375,-441.91741943359375,0,-0.0032161194667756363,0,-0.0028,0,0,-16
2079.75,0,440.21987915039062,0,-13.580322265625,-440.21987915039062,0,-0.0032156447222370724,0,-0.0018,0,0,-16
2079.875,0,438.54522705078125,0,-13.397216796875,-438.54522705078125,0,-0.0032167975442337982,0,-0.0026,0,0,-16
2080,0,436.89346313476562,0,-13.214111328125,-436.89346313476562,0,-0.0032195605745603886,0,-0.0018,0,0,-16
2080.125,0,435.25314331054688,0,-13.12255859375,-435.25314331054688,0,-0.0032226250975387529,0,-0.0018,0,0,-16
2080.25,0,433.624267578125,0,-13.031005859375,-433.624267578125,0,-0.0032259919916381788,0,-0.0018,0,0,-16
2080.375,0,432.01065063476562,0,-12.908935546875,-432.01065063476562,0,-0.0032300926793776318,0,-0.0018,0,0,-16
2080.5,0,430.40084838867188,0,-12.87841796875,-430.40084838867188,0,-0.003233630460427568,0,0,0,0,-16
2080.625,0,428.79104614257812,0,-12.87841796875,-428.79104614257812,0,-0.0032361874440019972,0,-0.0016,0,0,-16
2080.75,0,427.20413208007812,0,-12.6953125,-427.20413208007812,0,-0.0032403652910248269,0,-0.0022,0,0,-16
2080.875,0,425.6439208984375,0,-12.481689453125,-425.6439208984375,0,-0.0032465773287859954,0,-0.0006,0,0,-16
2081,0,424.07989501953125,0,-12.51220703125,-424.07989501953125,0,-0.0032513562971267103,0,-0.0008,0,0,-16
2081.125,0,422.53494262695312,0,-12.359619140625,-422.53494262695312,0,-0.0032573101270419727,0,-0.002,0,0,-16
2081.25,0,420.98617553710938,0,-12.39013671875,-420.98617553710938,0,-0.0032618443758425154,0,-0.0036,0,0,-16
2081.375,0,419.45648193359375,0,-12.237548828125,-419.45648193359375,0,-0.0032675667228781813,0,-0.0032,0,0,-16
2081.5,0,417.94586181640625,0,-12.0849609375,-417.94586181640625,0,-0.0032744658411428674,0,-0.0026,0,0,-16
2081.625,0,416.42379760742188,0,-12.176513671875,-416.42379760742188,0,-0.0032790861314419151,0,-0.0008,0,0,-16
2081.75,0,414.92080688476562,0,-12.02392578125,-414.92080688476562,0,-0.0032849080890589985,0,-0.0006,0,0,-16
2081.875,0,413.421630859375,0,-11.993408203125,-413.421630859375,0,-0.0032901978920801735,0,-0.0022,0,0,-16
2082,0,411.93389892578125,0,-11.90185546875,-411.93389892578125,0,-0.0032958287573084358,0,0,0,0,-16
2082.125,0,410.46142578125,0,-11.77978515625,-410.46142578125,0,-0.0033022313854208485,0,-0.0004,0,0,-16
2082.25,0,408.9813232421875,0,-11.8408203125,-408.9813232421875,0,-0.003306816686396266,0,-0.001,0,0,-16
2082.375,0,407.5164794921875,0,-11.71875,-407.5164794921875,0,-0.0033121975923903952,0,-0.0014,0,0,-16
2082.5,0,406.07070922851562,0,-11.566162109375,-406.07070922851562,0,-0.0033187984916426974,0,-0.001,0,0,-16
2082.625,0,404.6173095703125,0,-11.627197265625,-404.6173095703125,0,-0.0033235935390237758,0,-0.0022,0,0,-16
2082.75,0,403.17153930664062,0,-11.566162109375,-403.17153930664062,0,-0.0033283343317227062,0,-0.0012,0,0,-16
2082.875,0,401.72195434570312,0,-11.5966796875,-401.72195434570312,0,-0.0033317345361475177,0,-0.0014,0,0,-16
2083,0,400.29525756835938,0,-11.41357421875,-400.29525756835938,0,-0.0033368309183536339,0,-0.0032,0,0,-16
2083.125,0,398.87619018554688,0,-11.3525390625,-398.87619018554688,0,-0.0033418825983312635,0,-0.0032,0,0,-16
2083.25,0,397.44949340820312,0,-11.41357421875,-397.44949340820312,0,-0.0033451725038337789,0,-0.0004,0,0,-16
2083.375,0,396.03805541992188,0,-11.29150390625,-396.03805541992188,0,-0.0033493125305962337,0,-0.0012,0,0,-16
2083.5,0,394.6380615234375,0,-11.199951171875,-394.6380615234375,0,-0.0033538649288956555,0,-0.0006,0,0,-16
2083.625,0,393.2342529296875,0,-11.23046875,-393.2342529296875,0,-0.0033571062668289377,0,-0.0008,0,0,-16
2083.75,0,391.83425903320312,0,-11.199951171875,-391.83425903320312,0,-0.0033599199573682414,0,-0.0018,0,0,-16
2083.875,0,390.46478271484375,0,-10.955810546875,-390.46478271484375,0,-0.0033653300697679984,0,-0.0004,0,0,-16
2084,0,389.08004760742188,0,-11.077880859375,-389.08004760742188,0,-0.0033681387805845628,0,-0.0006,0,0,-16
2084.125,0,387.70675659179688,0,-10.986328125,-387.70675659179688,0,-0.0033713998750113335,0,-0.0006,0,0,-16
2084.25,0,386.34109497070312,0,-10.92529296875,-386.34109497070312,0,-0.0033746808559749863,0,-0.0026,0,0,-16
2084.375,0,384.979248046875,0,-10.894775390625,-384.979248046875,0,-0.0033775551275425247,0,-0.0024,0,0,-16
2084.5,0,383.62503051757812,0,-10.833740234375,-383.62503051757812,0,-0.0033804630057042329,0,-0.0032,0,0,-16
2084.625,0,382.26318359375,0,-10.894775390625,-382.26318359375,0,-0.003381685957241541,0,-0.0024,0,0,-16
2084.75,0,380.92803955078125,0,-10.68115234375,-380.92803955078125,0,-0.0033851261254910126,0,-0.0026,0,0,-16
2084.875,0,379.59671020507812,0,-10.650634765625,-379.59671020507812,0,-0.0033881739565397298,0,-0.003,0,0,-16
2085,0,378.25393676757812,0,-10.7421875,-378.25393676757812,0,-0.0033891166960479144,0,-0.0026,0,0,-16
2085.125,0,376.93023681640625,0,-10.589599609375,-376.93023681640625,0,-0.0033914315979781348,0,-0.0006,0,0,-16
2085.25,0,375.6103515625,0,-10.55908203125,-375.6103515625,0,-0.0033933816595671747,0,-0.0028,0,0,-16
2085.375,0,374.29046630859375,0,-10.55908203125,-374.29046630859375,0,-0.0033945452947956698,0,-0.0024,0,0,-16
2085.5,0,372.97821044921875,0,-10.498046875,-372.97821044921875,0,-0.0033957982965387794,0,-0.002,0,0,-16
2085.625,0,371.66976928710938,0,-10.467529296875,-371.66976928710938,0,-0.0033967127726073037,0,-0.0014,0,0,-16
2085.75,0,370.35751342773438,0,-10.498046875,-370.35751342773438,0,-0.0033964360856022519,0,-0.0012,0,0,-16
2085.875,0,369.06051635742188,0,-10.3759765625,-369.06051635742188,0,-0.003397141092943519,0,-0.0012,0,0,-16
2086,0,367.767333984375,0,-10.345458984375,-367.767333984375,0,-0.0033975264693313213,0,-0.0014,0,0,-16
2086.125,0,366.46652221679688,0,-10.406494140625,-366.46652221679688,0,-0.0033963086644175607,0,-0.0018,0,0,-16
2086.25,0,365.17715454101562,0,-10.31494140625,-365.17715454101562,0,-0.0033956660546980181,0,-0.0036,0,0,-16
2086.375,0,363.90304565429688,0,-10.19287109375,-363.90304565429688,0,-0.0033960249727375655,0,-0.0018,0,0,-16
2086.5,0,362.59841918945312,0,-10.43701171875,-362.59841918945312,0,-0.0033922086792632653,0,-0.0028,0,0,-16
2086.625,0,361.32431030273438,0,-10.19287109375,-361.32431030273438,0,-0.0033911666942317373,0,-0.0024,0,0,-16
2086.75,0,360.05020141601562,0,-10.19287109375,-360.05020141601562,0,-0.0033894201172062961,0,-0.0028,0,0,-16
2086.875,0,358.77227783203125,0,-10.223388671875,-358.77227783203125,0,-0.0033865515329989694,0,-0.0032,0,0,-16
2087,0,357.50198364257812,0,-10.162353515625,-357.50198364257812,0,-0.00338387138794192,0,-0.0014,0,0,-16
2087.125,0,356.23550415039062,0,-10.1318359375,-356.23550415039062,0,-0.0033809499414930596,0,-0.0014,0,0,-16
2087.25,0,354.9652099609375,0,-10.162353515625,-354.9652099609375,0,-0.0033769327423843697,0,-0.0006,0,0,-16
2087.375,0,353.71017456054688,0,-10.040283203125,-353.71017456054688,0,-0.00337399086800723,0,-0.0016,0,0,-16
2087.5,0,352.45513916015625,0,-10.040283203125,-352.45513916015625,0,-0.0033703906858036274,0,-0.0004,0,0,-16
2087.625,0,351.2115478515625,0,-9.94873046875,-351.2115478515625,0,-0.0033674361588386897,0,-0.0008,0,0,-16
2087.75,0,349.96795654296875,0,-9.94873046875,-349.96795654296875,0,-0.0033638300633807685,0,-0.0008,0,0,-16
2087.875,0,348.724365234375,0,-9.94873046875,-348.724365234375,0,-0.0033595845554455781,0,-0.0024,0,0,-16
2088,0,347.49603271484375,0,-9.82666015625,-347.49603271484375,0,-0.0033564338060152544,0,-0.003,0,0,-16
2088.125,0,346.2677001953125,0,-9.82666015625,-346.2677001953125,0,-0.0033526438199647612,0,-0.002,0,0,-16
2088.25,0,345.04318237304688,0,-9.796142578125,-345.04318237304688,0,-0.0033486570836786019,0,-0.0036,0,0,-16
2088.375,0,343.84536743164062,0,-9.58251953125,-343.84536743164062,0,-0.0033470627982295107,0,-0.0038,0,0,-16
2088.5,0,342.62847900390625,0,-9.735107421875,-342.62847900390625,0,-0.0033426647778080566,0,-0.0012,0,0,-16
2088.625,0,341.42684936523438,0,-9.613037109375,-341.42684936523438,0,-0.0033393795355671067,0,-0.0012,0,0,-16
2088.75,0,340.25192260742188,0,-9.3994140625,-340.25192260742188,0,-0.0033384866632691543,0,-0.001,0,0,-16
2088.875,0,339.05029296875,0,-9.613037109375,-339.05029296875,0,-0.0033339288557361598,0,-0.0012,0,0,-16
2089,0,337.88299560546875,0,-9.33837890625,-337.88299560546875,0,-0.0033326482806932986,0,-0.002,0,0,-16
2089.125,0,336.71951293945312,0,-9.307861328125,-336.71951293945312,0,-0.0033311588226396563,0,-0.0018,0,0,-16
2089.25,0,335.57510375976562,0,-9.1552734375,-335.57510375976562,0,-0.00333118878812579,0,-0.0024,0,0,-16
2089.375,0,334.4268798828125,0,-9.185791015625,-334.4268798828125,0,-0.0033301373061272381,0,-0.0008,0,0,-16
2089.5,0,333.27484130859375,0,-9.21630859375,-333.27484130859375,0,-0.0033280223849557105,0,-0.0024,0,0,-16
2089.625,0,332.16094970703125,0,-8.9111328125,-332.16094970703125,0,-0.0033295978617781104,0,-0.0012,0,0,-16
2089.75,0,331.03179931640625,0,-9.033203125,-331.03179931640625,0,-0.003328788717979972,0,-0.0036,0,0,-16
2089.875,0,329.93316650390625,0,-8.7890625,-329.93316650390625,0,-0.0033307974965658817,0,-0.0014,0,0,-16
2090,0,328.84979248046875,0,-8.6669921875,-328.84979248046875,0,-0.00333386672516945,0,-0.0038,0,0,-16
2090.125,0,327.75115966796875,0,-8.7890625,-327.75115966796875,0,-0.0033345408069877193,0,-0.0038,0,0,-16
2090.25,0,326.68304443359375,0,-8.544921875,-326.68304443359375,0,-0.0033380224814071506,0,-0.0016,0,0,-16
2090.375,0,325.6072998046875,0,-8.60595703125,-325.6072998046875,0,-0.0033399711061458739,0,-0.002,0,0,-16
2090.5,0,324.55825805664062,0,-8.392333984375,-324.55825805664062,0,-0.0033442859910417125,0,-0.0014,0,0,-16
2090.625,0,323.5015869140625,0,-8.453369140625,-323.5015869140625,0,-0.0033470631202295186,0,-0.0014,0,0,-16
2090.75,0,322.47543334960938,0,-8.209228515625,-322.47543334960938,0,-0.00335263245178423,0,-0.004,0,0,-16
2090.875,0,321.44927978515625,0,-8.209228515625,-321.44927978515625,0,-0.0033575147514303869,0,-0.0016,0,0,-16
2091,0,320.45745849609375,0,-7.9345703125,-320.45745849609375,0,-0.0033655978807586931,0,-0.0018,0,0,-16
2091.125,0,319.43893432617188,0,-8.148193359375,-319.43893432617188,0,-0.0033699526661691852,0,-0.0008,0,0,-16
2091.25,0,318.45855712890625,0,-7.843017578125,-318.45855712890625,0,-0.0033779530188127989,0,-0.003,0,0,-16
2091.375,0,317.46292114257812,0,-7.965087890625,-317.46292114257812,0,-0.0033835247564620707,0,-0.0018,0,0,-16
2091.5,0,316.50543212890625,0,-7.659912109375,-316.50543212890625,0,-0.0033927323637823682,0,-0.003,0,0,-16
2091.625,0,315.5364990234375,0,-7.75146484375,-315.5364990234375,0,-0.0033999323999081405,0,-0.0024,0,0,-16
2091.75,0,314.5904541015625,0,-7.568359375,-314.5904541015625,0,-0.0034090308598483257,0,-0.002,0,0,-17
2091.875,0,313.64822387695312,0,-7.537841796875,-313.64822387695312,0,-0.003417852529942388,0,-0.0054,0,0,-17
2092,0,312.73269653320312,0,-7.32421875,-312.73269653320312,0,-0.0034289881045255085,0,-0.0018,0,0,-17
2092.125,0,311.80572509765625,0,-7.415771484375,-311.80572509765625,0,-0.00343810398406942,0,-0.0014,0,0,-17
2092.25,0,310.90927124023438,0,-7.171630859375,-310.90927124023438,0,-0.003449967510649919,0,-0.0018,0,0,-17
2092.375,0,310.00518798828125,0,-7.232666015625,-310.00518798828125,0,-0.0034602391603621614,0,-0.0026,0,0,-17
2092.5,0,309.13162231445312,0,-6.988525390625,-309.13162231445312,0,-0.0034732499009948394,0,-0.0016,0,0,-17
2092.625,0,308.24661254882812,0,-7.080078125,-308.24661254882812,0,-0.0034842298078317391,0,-0.0028,0,0,-17
2092.75,0,307.373046875,0,-6.988525390625,-307.373046875,0,-0.0034957936285647763,0,-0.002,0,0,-17
2092.875,0,306.5185546875,0,-6.8359375,-306.5185546875,0,-0.003508798093536904,0,-0.002,0,0,-17
2093,0,305.67169189453125,0,-6.77490234375,-305.67169189453125,0,-0.0035219354827898575,0,-0.0026,0,0,-17
2093.125,0,304.84771728515625,0,-6.591796875,-304.84771728515625,0,-0.0035369298936916791,0,-0.002,0,0,-17
2093.25,0,304.00466918945312,0,-6.744384765625,-304.00466918945312,0,-0.0035490235223696143,0,-0.0026,0,0,-17
2093.375,0,303.18832397460938,0,-6.53076171875,-303.18832397460938,0,-0.0035634263738595203,0,-0.0024,0,0,-17
2093.5,0,302.37197875976562,0,-6.53076171875,-302.37197875976562,0,-0.0035770966172937739,0,-0.0044,0,0,-17
2093.625,0,301.56326293945312,0,-6.4697265625,-301.56326293945312,0,-0.0035909090414840208,0,-0.003,0,0,-17
2093.75,0,300.76980590820312,0,-6.34765625,-300.76980590820312,0,-0.0036057264502266421,0,-0.0008,0,0,-18
2093.875,0,299.9725341796875,0,-6.378173828125,-299.9725341796875,0,-0.0036193859628292861,0,-0.0034,0,0,-18
2094,0,299.19815063476562,0,-6.195068359375,-299.19815063476562,0,-0.0036349209369437056,0,-0.0028,0,0,-18
2094.125,0,298.42376708984375,0,-6.195068359375,-298.42376708984375,0,-0.0036497260268676351,0,-0.002,0,0,-18
2094.25,0,297.66845703125,0,-6.04248046875,-297.66845703125,0,-0.0036659676519115595,0,-0.0022,0,0,-18
2094.375,0,296.9207763671875,0,-5.9814453125,-296.9207763671875,0,-0.0036823381687791511,0,-0.0022,0,0,-18
2094.5,0,296.16165161132812,0,-6.072998046875,-296.16165161132812,0,-0.0036966867061199163,0,-0.0018,0,0,-18
2094.625,0,295.42160034179688,0,-5.92041015625,-295.42160034179688,0,-0.0037124889673135534,0,-0.0026,0,0,-18
2094.75,0,294.68536376953125,0,-5.889892578125,-294.68536376953125,0,-0.0037280064279424847,0,-0.0026,0,0,-18
2094.875,0,293.95675659179688,0,-5.828857421875,-293.95675659179688,0,-0.0037436771295996352,0,-0.0036,0,0,-18
2095,0,293.24722290039062,0,-5.67626953125,-293.24722290039062,0,-0.0037607942301738522,0,-0.0038,0,0,-18
2095.125,0,292.5262451171875,0,-5.767822265625,-292.5262451171875,0,-0.0037758971001498861,0,-0.0028,0,0,-18
2095.25,0,291.82052612304688,0,-5.645751953125,-291.82052612304688,0,-0.0037920307379002865,0,-0.0036,0,0,-18
2095.375,0,291.1224365234375,0,-5.584716796875,-291.1224365234375,0,-0.0038083234630236829,0,-0.0038,0,0,-19
2095.5,0,290.43197631835938,0,-5.523681640625,-290.43197631835938,0,-0.0038247766430195718,0,-0.0016,0,0,-19
2095.625,0,289.75677490234375,0,-5.401611328125,-289.75677490234375,0,-0.0038422527407525045,0,-0.0022,0,0,-19
2095.75,0,289.08538818359375,0,-5.37109375,-289.08538818359375,0,-0.0038594496618367291,0,-0.0036,0,0,-19
2095.875,0,288.4063720703125,0,-5.43212890625,-288.4063720703125,0,-0.0038750831011866724,0,-0.0036,0,0,-19
2096,0,287.750244140625,0,-5.2490234375,-287.750244140625,0,-0.0038926223759581579,0,-0.0022,0,0,-19
2096.125,0,287.09793090820312,0,-5.218505859375,-287.09793090820312,0,-0.0039098921342156749,0,-0.002,0,0,-19
2096.25,0,286.44561767578125,0,-5.218505859375,-286.44561767578125,0,-0.0039264690115267762,0,-0.0028,0,0,-19
2096.375,0,285.80474853515625,0,-5.126953125,-285.80474853515625,0,-0.0039436576159714723,0,-0.003,0,0,-19
2096.5,0,285.17532348632812,0,-5.035400390625,-285.17532348632812,0,-0.0039614530381160314,0,-0.0028,0,0,-19
2096.625,0,284.53445434570312,0,-5.126953125,-284.53445434570312,0,-0.003977267097486299,0,-0.0036,0,0,-19
2096.75,0,283.91265869140625,0,-4.974365234375,-283.91265869140625,0,-0.00399457473969377,0,-0.003,0,0,-19
2096.875,0,283.30230712890625,0,-4.8828125,-283.30230712890625,0,-0.0040124978175678236,0,-0.003,0,0,-20
2097,0,282.68814086914062,0,-4.913330078125,-282.68814086914062,0,-0.004029309110730679,0,-0.0024,0,0,-20
2097.125,0,282.0892333984375,0,-4.791259765625,-282.0892333984375,0,-0.00404717999567638,0,-0.0028,0,0,-20
2097.25,0,281.5093994140625,0,-4.638671875,-281.5093994140625,0,-0.0040665299355639225,0,-0.0032,0,0,-20
2097.375,0,280.914306640625,0,-4.7607421875,-280.914306640625,0,-0.00408346713119061,0,-0.004,0,0,-20
2097.5,0,280.33447265625,0,-4.638671875,-280.33447265625,0,-0.0041014724084952716,0,-0.0024,0,0,-20
2097.625,0,279.76608276367188,0,-4.547119140625,-279.76608276367188,0,-0.0041201039513669964,0,-0.0032,0,0,-20
2097.75,0,279.19769287109375,0,-4.547119140625,-279.19769287109375,0,-0.0041380648978183885,0,-0.0032,0,0,-20
2097.875,0,278.62930297851562,0,-4.547119140625,-278.62930297851562,0,-0.0041553677588604971,0,-0.003,0,0,-20
2098,0,278.076171875,0,-4.425048828125,-278.076171875,0,-0.0041737470538478327,0,-0.0026,0,0,-20
2098.125,0,277.53448486328125,0,-4.33349609375,-277.53448486328125,0,-0.0041927608108450268,0,-0.0032,0,0,-20
2098.25,0,276.97372436523438,0,-4.486083984375,-276.97372436523438,0,-0.0042089592127528379,0,-0.0032,0,0,-21
2098.375,0,276.43585205078125,0,-4.302978515625,-276.43585205078125,0,-0.0042271201103931547,0,-0.0028,0,0,-21
2098.5,0,275.909423828125,0,-4.21142578125,-275.909423828125,0,-0.004245928215622783,0,-0.0032,0,0,-21
2098.625,0,275.3753662109375,0,-4.2724609375,-275.3753662109375,0,-0.0042632251548707523,0,-0.0042,0,0,-21
2098.75,0,274.84893798828125,0,-4.21142578125,-274.84893798828125,0,-0.0042807570275061194,0,-0.0042,0,0,-21
2098.875,0,274.34921264648438,0,-3.997802734375,-274.34921264648438,0,-0.00430067658819854,0,-0.0024,0,0,-21
2099,0,273.8494873046875,0,-3.997802734375,-273.8494873046875,0,-0.0043199405421901742,0,-0.003,0,0,-21
2099.125,0,273.345947265625,0,-4.0283203125,-273.345947265625,0,-0.0043381305603968114,0,-0.0038,0,0,-21
2099.25,0,272.84622192382812,0,-3.997802734375,-272.84622192382812,0,-0.0043561256318656238,0,-0.0036,0,0,-21
2099.375,0,272.35031127929688,0,-3.96728515625,-272.35031127929688,0,-0.004373931561388821,0,-0.003,0,0,-21
2099.5,0,271.87728881835938,0,-3.7841796875,-271.87728881835938,0,-0.0043937068476558221,0,-0.003,0,0,-21
2099.625,0,271.392822265625,0,-3.875732421875,-271.392822265625,0,-0.004411552711887176,0,-0.0036,0,0,-22
2099.75,0,270.9197998046875,0,-3.7841796875,-270.9197998046875,0,-0.0044300820097819237,0,-0.0034,0,0,-22
2099.875,0,270.45440673828125,0,-3.72314453125,-270.45440673828125,0,-0.0044488579336714375,0,-0.004,0,0,-22
2100,0,269.99282836914062,0,-3.692626953125,-269.99282836914062,0,-0.0044674496574482513,0,-0.004,0,0,-22
2100.125,0,269.53125,0,-3.692626953125,-269.53125,0,-0.0044854322249707713,0,-0.0042,0,0,-22
2100.25,0,269.073486328125,0,-3.662109375,-269.073486328125,0,-0.0045032475614278714,0,-0.0028,0,0,-22
2100.375,0,268.61953735351562,0,-3.631591796875,-268.61953735351562,0,-0.0045209009545331075,0,-0.0046,0,0,-22
2100.5,0,268.18084716796875,0,-3.509521484375,-268.18084716796875,0,-0.0045396892746663343,0,-0.003,0,0,-22
2100.625,0,267.74215698242188,0,-3.509521484375,-267.74215698242188,0,-0.004557877777296741,0,-0.004,0,0,-22
2100.75,0,267.303466796875,0,-3.509521484375,-267.303466796875,0,-0.0045754776529454439,0,-0.003,0,0,-22
2100.875,0,266.86859130859375,0,-3.47900390625,-266.86859130859375,0,-0.0045929304437960419,0,-0.0038,0,0,-22
2101,0,266.448974609375,0,-3.35693359375,-266.448974609375,0,-0.0046115327430191469,0,-0.0036,0,0,-23
2101.125,0,266.02935791015625,0,-3.35693359375,-266.02935791015625,0,-0.0046295495340464479,0,-0.005,0,0,-23
2101.25,0,265.61737060546875,0,-3.2958984375,-265.61737060546875,0,-0.0046478528613147036,0,-0.0038,0,0,-23
2101.375,0,265.19393920898438,0,-3.387451171875,-265.19393920898438,0,-0.00466428891237354,0,-0.0044,0,0,-23
2101.5,0,264.77432250976562,0,-3.35693359375,-264.77432250976562,0,-0.0046806082626178747,0,-0.003,0,0,-23
2101.625,0,264.373779296875,0,-3.204345703125,-264.373779296875,0,-0.00469853749879713,0,-0.004,0,0,-23
2101.75,0,263.96942138671875,0,-3.23486328125,-263.96942138671875,0,-0.0047154740621712776,0,-0.0042,0,0,-23
2101.875,0,263.57269287109375,0,-3.173828125,-263.57269287109375,0,-0.0047327259861401185,0,-0.0042,0,0,-23
2102,0,263.1683349609375,0,-3.23486328125,-263.1683349609375,0,-0.004748569480929399,0,-0.0038,0,0,-23
2102.125,0,262.77542114257812,0,-3.143310546875,-262.77542114257812,0,-0.0047651792896335069,0,-0.0046,0,0,-23
2102.25,0,262.38632202148438,0,-3.11279296875,-262.38632202148438,0,-0.0047816864978859333,0,-0.0046,0,0,-23
2102.375,0,262.00485229492188,0,-3.0517578125,-262.00485229492188,0,-0.0047985257480553135,0,-0.003,0,0,-23
2102.5,0,261.6119384765625,0,-3.143310546875,-261.6119384765625,0,-0.0048135423787126824,0,-0.004,0,0,-24
2102.625,0,261.22283935546875,0,-3.11279296875,-261.22283935546875,0,-0.004828486132113341,0,-0.0036,0,0,-24
2102.75,0,260.8489990234375,0,-2.99072265625,-260.8489990234375,0,-0.0048446522169717059,0,-0.004,0,0,-24
2102.875,0,260.47134399414062,0,-3.021240234375,-260.47134399414062,0,-0.0048598736976535181,0,-0.0034,0,0,-24
2103,0,260.09750366210938,0,-2.99072265625,-260.09750366210938,0,-0.004875027150325212,0,-0.0042,0,0,-24
2103.125,0,259.72747802734375,0,-2.960205078125,-259.72747802734375,0,-0.0048901160119142776,0,-0.0042,0,0,-24
2103.25,0,259.34982299804688,0,-3.021240234375,-259.34982299804688,0,-0.0049038519739102587,0,-0.0034,0,0,-24
2103.375,0,258.9874267578125,0,-2.899169921875,-258.9874267578125,0,-0.004918839303856345,0,-0.004,0,0,-24
2103.5,0,258.61740112304688,0,-2.960205078125,-258.61740112304688,0,-0.0049324799639587835,0,-0.0036,0,0,-24
2103.625,0,258.26644897460938,0,-2.8076171875,-258.26644897460938,0,-0.0049478086659740838,0,-0.004,0,0,-24
2103.75,0,257.90023803710938,0,-2.9296875,-257.90023803710938,0,-0.0049609297117250966,0,-0.0046,0,0,-24
2103.875,0,257.537841796875,0,-2.899169921875,-257.537841796875,0,-0.0049740284196008611,0,-0.0046,0,0,-24
2104,0,257.16400146484375,0,-2.99072265625,-257.16400146484375,0,-0.0049853851323532223,0,-0.0042,0,0,-24
2104.125,0,256.79779052734375,0,-2.9296875,-256.79779052734375,0,-0.0049971786485040158,0,-0.003,0,0,-24
2104.25,0,256.45065307617188,0,-2.777099609375,-256.45065307617188,0,-0.0050106968356485029,0,-0.0058,0,0,-25
2104.375,0,256.09970092773438,0,-2.8076171875,-256.09970092773438,0,-0.0050233349935542406,0,-0.0046,0,0,-25
2104.5,0,255.7373046875,0,-2.899169921875,-255.7373046875,0,-0.0050342462518869046,0,-0.003,0,0,-25
2104.625,0,255.38253784179688,0,-2.838134765625,-255.38253784179688,0,-0.0050456091275375486,0,-0.0046,0,0,-25
2104.75,0,255.02777099609375,0,-2.838134765625,-255.02777099609375,0,-0.005056558409530303,0,-0.0034,0,0,-25
2104.875,0,254.67681884765625,0,-2.8076171875,-254.67681884765625,0,-0.0050675323745320178,0,-0.0036,0,0,-25
2105,0,254.33349609375,0,-2.74658203125,-254.33349609375,0,-0.0050789632902419639,0,-0.0046,0,0,-25
2105.125,0,253.97491455078125,0,-2.86865234375,-253.97491455078125,0,-0.005088263604426,0,-0.0028,0,0,-25
2105.25,0,253.62014770507813,0,-2.838134765625,-253.62014770507813,0,-0.0050976171978980951,0,-0.0044,0,0,-25
2105.375,0,253.265380859375,0,-2.838134765625,-253.265380859375,0,-0.0051065946839719788,0,-0.0042,0,0,-25
2105.5,0,252.90679931640625,0,-2.86865234375,-252.90679931640625,0,-0.0051147725190726495,0,-0.0044,0,0,-25
2105.625,0,252.5634765625,0,-2.74658203125,-252.5634765625,0,-0.0051243162563575882,0,-0.005,0,0,-25
2105.75,0,252.2125244140625,0,-2.8076171875,-252.2125244140625,0,-0.00513262572122017,0,-0.0048,0,0,-25
2105.875,0,251.8463134765625,0,-2.9296875,-251.8463134765625,0,-0.0051388584845193184,0,-0.0048,0,0,-25
2106,0,251.495361328125,0,-2.8076171875,-251.495361328125,0,-0.0051464891027987892,0,-0.005,0,0,-25
2106.125,0,251.1444091796875,0,-2.8076171875,-251.1444091796875,0,-0.0051537779262010655,0,-0.004,0,0,-25
2106.25,0,250.79345703125,0,-2.8076171875,-250.79345703125,0,-0.00516073133143702,0,-0.0044,0,0,-25
2106.375,0,250.44631958007813,0,-2.777099609375,-250.44631958007813,0,-0.0051677861366890643,0,-0.004,0,0,-25
2106.5,0,250.09918212890625,0,-2.777099609375,-250.09918212890625,0,-0.0051745120575044908,0,-0.0038,0,0,-25
2106.625,0,249.7406005859375,0,-2.86865234375,-249.7406005859375,0,-0.005179623548413231,0,-0.0046,0,0,-25
2106.75,0,249.38201904296875,0,-2.86865234375,-249.38201904296875,0,-0.0051844359071333175,0,-0.0034,0,0,-25
2106.875,0,249.0234375,0,-2.86865234375,-249.0234375,0,-0.0051889547144373495,0,-0.0036,0,0,-25
2107,0,248.66867065429688,0,-2.838134765625,-248.66867065429688,0,-0.0051936160074188961,0,-0.0042,0,0,-25
2107.125,0,248.31008911132813,0,-2.86865234375,-248.31008911132813,0,-0.0051975581746699136,0,-0.0042,0,0,-25
2107.25,0,247.955322265625,0,-2.838134765625,-247.955322265625,0,-0.0052016535857084831,0,-0.0048,0,0,-26
2107.375,0,247.59292602539063,0,-2.899169921875,-247.59292602539063,0,-0.0052046098679784962,0,-0.0036,0,0,-26
2107.5,0,247.23052978515625,0,-2.899169921875,-247.23052978515625,0,-0.0052073050590428624,0,-0.0034,0,0,-26
2107.625,0,246.87576293945313,0,-2.838134765625,-246.87576293945313,0,-0.0052106051508387504,0,-0.0042,0,0,-26
2107.75,0,246.51718139648438,0,-2.86865234375,-246.51718139648438,0,-0.0052132115122127728,0,-0.0058,0,0,-26
2107.875,0,246.15478515625,0,-2.899169921875,-246.15478515625,0,-0.0052151349180165063,0,-0.0036,0,0,-26
2108,0,245.78857421875,0,-2.9296875,-245.78857421875,0,-0.0052163859420800473,0,-0.0034,0,0,-26
2108.125,0,245.41473388671875,0,-2.99072265625,-245.41473388671875,0,-0.0052165444005234408,0,-0.0044,0,0,-26
2108.25,0,245.05233764648438,0,-2.899169921875,-245.05233764648438,0,-0.0052177791435189524,0,-0.0044,0,0,-26
2108.375,0,244.69375610351563,0,-2.86865234375,-244.69375610351563,0,-0.0052192154737195082,0,-0.004,0,0,-26
2108.5,0,244.32373046875,0,-2.960205078125,-244.32373046875,0,-0.0052191295562090192,0,-0.004,0,0,-26
2108.625,0,243.95751953125,0,-2.9296875,-243.95751953125,0,-0.00521926552934333,0,-0.0046,0,0,-26
2108.75,0,243.58749389648438,0,-2.960205078125,-243.58749389648438,0,-0.0052187603002921959,0,-0.0042,0,0,-26
2108.875,0,243.2098388671875,0,-3.021240234375,-243.2098388671875,0,-0.0052171931034729708,0,-0.0048,0,0,-26
2109,0,242.84744262695313,0,-2.899169921875,-242.84744262695313,0,-0.0052171627786466827,0,-0.0042,0,0,-26
2109.125,0,242.4774169921875,0,-2.960205078125,-242.4774169921875,0,-0.0052160659615010929,0,-0.0044,0,0,-26
2109.25,0,242.09976196289063,0,-3.021240234375,-242.09976196289063,0,-0.00521391821357622,0,-0.004,0,0,-26
2109.375,0,241.71829223632813,0,-3.0517578125,-241.71829223632813,0,-0.0052111653665264665,0,-0.0034,0,0,-26
2109.5,0,241.34063720703125,0,-3.021240234375,-241.34063720703125,0,-0.0052086776625276214,0,-0.0054,0,0,-26
2109.625,0,240.97442626953125,0,-2.9296875,-240.97442626953125,0,-0.0052073134435647169,0,-0.0048,0,0,-26
2109.75,0,240.6005859375,0,-2.99072265625,-240.6005859375,0,-0.0052049054503760595,0,-0.004,0,0,-26
2109.875,0,240.22293090820313,0,-3.021240234375,-240.22293090820313,0,-0.0052018993810994873,0,-0.0042,0,0,-26
2110,0,239.837646484375,0,-3.082275390625,-239.837646484375,0,-0.0051978736655684541,0,-0.004,0,0,-25
2110.125,0,239.46762084960938,0,-2.960205078125,-239.46762084960938,0,-0.0051954263539708469,0,-0.0044,0,0,-25
2110.25,0,239.08615112304688,0,-3.0517578125,-239.08615112304688,0,-0.0051915227467130712,0,-0.0034,0,0,-25
2110.375,0,238.71612548828125,0,-2.960205078125,-238.71612548828125,0,-0.0051887668725915112,0,-0.0048,0,0,-25
2110.5,0,238.33847045898438,0,-3.021240234375,-238.33847045898438,0,-0.0051849910199587438,0,-0.0042,0,0,-25
2110.625,0,237.945556640625,0,-3.143310546875,-237.945556640625,0,-0.0051793487616900854,0,-0.0042,0,0,-25
2110.75,0,237.56027221679688,0,-3.082275390625,-237.56027221679688,0,-0.0051744496100564127,0,-0.0044,0,0,-25
2110.875,0,237.19024658203125,0,-2.960205078125,-237.19024658203125,0,-0.0051711451576545086,0,-0.005,0,0,-25
2111,0,236.8011474609375,0,-3.11279296875,-236.8011474609375,0,-0.0051655392799990112,0,-0.0044,0,0,-25
2111.125,0,236.42349243164063,0,-3.021240234375,-236.42349243164063,0,-0.0051611085584409083,0,-0.0042,0,0,-25
2111.25,0,236.04583740234375,0,-3.021240234375,-236.04583740234375,0,-0.0051565458905929512,0,-0.005,0,0,-25
2111.375,0,235.65673828125,0,-3.11279296875,-235.65673828125,0,-0.0051505620568000369,0,-0.004,0,0,-25
2111.5,0,235.28671264648438,0,-2.960205078125,-235.28671264648438,0,-0.0051466215513373426,0,-0.004,0,0,-25
2111.625,0,234.91287231445313,0,-2.99072265625,-234.91287231445313,0,-0.0051421137289280917,0,-0.0034,0,0,-25
2111.75,0,234.53521728515625,0,-3.021240234375,-234.53521728515625,0,-0.0051370470059854019,0,-0.0042,0,0,-25
2111.875,0,234.14993286132813,0,-3.082275390625,-234.14993286132813,0,-0.0051309990814622994,0,-0.0046,0,0,-25
2112,0,233.76083374023438,0,-3.11279296875,-233.76083374023438,0,-0.0051244144861073678,0,-0.0036,0,0,-25
2112.125,0,233.38699340820313,0,-2.99072265625,-233.38699340820313,0,-0.0051194538667777541,0,-0.0044,0,0,-25
2112.25,0,233.01315307617188,0,-2.99072265625,-233.01315307617188,0,-0.0051143733549789,0,-0.0032,0,0,-25
2112.375,0,232.635498046875,0,-3.021240234375,-232.635498046875,0,-0.0051087446270509174,0,-0.0038,0,0,-25
2112.5,0,232.26165771484375,0,-2.99072265625,-232.26165771484375,0,-0.0051034368639295332,0,-0.0044,0,0,-25
2112.625,0,231.88400268554688,0,-3.021240234375,-231.88400268554688,0,-0.0050975851244031267,0,-0.004,0,0,-25
2112.75,0,231.51397705078125,0,-2.960205078125,-231.51397705078125,0,-0.0050924890707477388,0,-0.0046,0,0,-25
2112.875,0,231.15158081054688,0,-2.899169921875,-231.15158081054688,0,-0.0050881389399972683,0,-0.0048,0,0,-25
2113,0,230.78155517578125,0,-2.960205078125,-230.78155517578125,0,-0.0050828029095731373,0,-0.005,0,0,-25
2113.125,0,230.40390014648438,0,-3.021240234375,-230.40390014648438,0,-0.0050764950374351959,0,-0.005,0,0,-25
2113.25,0,230.03005981445313,0,-2.99072265625,-230.03005981445313,0,-0.0050705208005871177,0,-0.0042,0,0,-25
2113.375,0,229.65621948242188,0,-2.99072265625,-229.65621948242188,0,-0.0050644455818687735,0,-0.0046,0,0,-25
2113.5,0,229.2938232421875,0,-2.899169921875,-229.2938232421875,0,-0.0050595629465695346,0,-0.0032,0,0,-25
2113.625,0,228.93142700195313,0,-2.899169921875,-228.93142700195313,0,-0.0050545654671685664,0,-0.0044,0,0,-25
2113.75,0,228.5614013671875,0,-2.960205078125,-228.5614013671875,0,-0.0050485941653819677,0,-0.0044,0,0,-25
2113.875,0,228.19900512695313,0,-2.899169921875,-228.19900512695313,0,-0.0050433851156048174,0,-0.0042,0,0,-25
2114,0,227.83279418945313,0,-2.9296875,-227.83279418945313,0,-0.0050376367510528109,0,-0.0056,0,0,-25
2114.125,0,227.47802734375,0,-2.838134765625,-227.47802734375,0,-0.0050330792074710067,0,-0.0042,0,0,-25
2114.25,0,227.1270751953125,0,-2.8076171875,-227.1270751953125,0,-0.0050288356506586838,0,-0.0042,0,0,-25
2114.375,0,226.77993774414063,0,-2.777099609375,-226.77993774414063,0,-0.0050249023904681053,0,-0.0046,0,0,-25
2114.5,0,226.41372680664063,0,-2.9296875,-226.41372680664063,0,-0.0050186924429634428,0,-0.004,0,0,-25
2114.625,0,226.05514526367188,0,-2.86865234375,-226.05514526367188,0,-0.0050132513675323447,0,-0.0038,0,0,-25
2114.75,0,225.7080078125,0,-2.777099609375,-225.7080078125,0,-0.0050089997156386543,0,-0.0046,0,0,-25
2114.875,0,225.36087036132813,0,-2.777099609375,-225.36087036132813,0,-0.0050046301187140086,0,-0.0044,0,0,-25
2115,0,225.0213623046875,0,-2.716064453125,-225.0213623046875,0,-0.0050010058980827976,0,-0.0052,0,0,-25
2115.125,0,224.67422485351563,0,-2.777099609375,-224.67422485351563,0,-0.0049963952413643268,0,-0.0028,0,0,-24
2115.25,0,224.33090209960938,0,-2.74658203125,-224.33090209960938,0,-0.0049921038978428239,0,-0.004,0,0,-24
2115.375,0,223.98757934570313,0,-2.74658203125,-223.98757934570313,0,-0.0049876975175589073,0,-0.0046,0,0,-24
2115.5,0,223.65188598632813,0,-2.685546875,-223.65188598632813,0,-0.0049840393675787305,0,-0.0036,0,0,-24
2115.625,0,223.32000732421875,0,-2.655029296875,-223.32000732421875,0,-0.0049806892635923848,0,-0.004,0,0,-24
2115.75,0,222.99575805664063,0,-2.593994140625,-222.99575805664063,0,-0.004978074186725392,0,-0.0038,0,0,-24
2115.875,0,222.66006469726563,0,-2.685546875,-222.66006469726563,0,-0.0049740319572379463,0,-0.0038,0,0,-24
2116,0,222.33200073242188,0,-2.62451171875,-222.33200073242188,0,-0.0049707354997791482,0,-0.005,0,0,-24
2116.125,0,221.99630737304688,0,-2.685546875,-221.99630737304688,0,-0.0049664529945852576,0,-0.004,0,0,-24
2116.25,0,221.6796875,0,-2.532958984375,-221.6796875,0,-0.0049642124254508473,0,-0.0042,0,0,-24
2116.375,0,221.3592529296875,0,-2.5634765625,-221.3592529296875,0,-0.0049614031730741068,0,-0.004,0,0,-24
2116.5,0,221.04263305664063,0,-2.532958984375,-221.04263305664063,0,-0.0049588948002363357,0,-0.0042,0,0,-24
2116.625,0,220.72982788085938,0,-2.50244140625,-220.72982788085938,0,-0.0049566838613254094,0,-0.0042,0,0,-24
2116.75,0,220.4132080078125,0,-2.532958984375,-220.4132080078125,0,-0.0049539058541345779,0,-0.0048,0,0,-24
2116.875,0,220.10421752929688,0,-2.471923828125,-220.10421752929688,0,-0.0049518608717544557,0,-0.0038,0,0,-24
2117,0,219.79522705078125,0,-2.471923828125,-219.79522705078125,0,-0.004949678453118141,0,-0.004,0,0,-24
2117.125,0,219.49386596679688,0,-2.410888671875,-219.49386596679688,0,-0.0049482222831889189,0,-0.0048,0,0,-24
2117.25,0,219.20394897460938,0,-2.3193359375,-219.20394897460938,0,-0.0049479137086353179,0,-0.005,0,0,-24
2117.375,0,218.90640258789063,0,-2.38037109375,-218.90640258789063,0,-0.0049465850203800413,0,-0.0042,0,0,-24
2117.5,0,218.60885620117188,0,-2.38037109375,-218.60885620117188,0,-0.0049451120355762561,0,-0.0038,0,0,-24
2117.625,0,218.31130981445313,0,-2.38037109375,-218.31130981445313,0,-0.0049434974462987573,0,-0.0038,0,0,-24
2117.75,0,218.01376342773438,0,-2.38037109375,-218.01376342773438,0,-0.0049417438943975085,0,-0.0036,0,0,-24
2117.875,0,217.72003173828125,0,-2.349853515625,-217.72003173828125,0,-0.0049402845328736207,0,-0.0044,0,0,-24
2118,0,217.44155883789063,0,-2.227783203125,-217.44155883789063,0,-0.0049404077222283448,0,-0.0044,0,0,-24
2118.125,0,217.15545654296875,0,-2.288818359375,-217.15545654296875,0,-0.0049395092459393365,0,-0.0046,0,0,-24
2118.25,0,216.86553955078125,0,-2.3193359375,-216.86553955078125,0,-0.0049380343896747274,0,-0.0034,0,0,-24
2118.375,0,216.583251953125,0,-2.25830078125,-216.583251953125,0,-0.0049372834202491772,0,-0.0042,0,0,-24
2118.5,0,216.30859375,0,-2.197265625,-216.30859375,0,-0.004937247167956591,0,-0.0044,0,0,-24
2118.625,0,216.033935546875,0,-2.197265625,-216.033935546875,0,-0.004937055513288051,0,-0.0042,0,0,-24
2118.75,0,215.76309204101563,0,-2.166748046875,-215.76309204101563,0,-0.0049371419159536141,0,-0.0044,0,0,-24
2118.875,0,215.4998779296875,0,-2.105712890625,-215.4998779296875,0,-0.0049379339165635154,0,-0.004,0,0,-24
2119,0,215.24429321289063,0,-2.044677734375,-215.24429321289063,0,-0.0049394226866192135,0,-0.0044,0,0,-24
2119.125,0,214.97344970703125,0,-2.166748046875,-214.97344970703125,0,-0.0049390161996979414,0,-0.0044,0,0,-24
2119.25,0,214.71023559570313,0,-2.105712890625,-214.71023559570313,0,-0.0049393245063368545,0,-0.0044,0,0,-24
2119.375,0,214.44320678710938,0,-2.13623046875,-214.44320678710938,0,-0.0049390469251622618,0,-0.0048,0,0,-24
2119.5,0,214.17999267578125,0,-2.105712890625,-214.17999267578125,0,-0.0049390533399332973,0,-0.0044,0,0,-24
2119.625,0,213.92440795898438,0,-2.044677734375,-213.92440795898438,0,-0.0049397711804662339,0,-0.005,0,0,-24
2119.75,0,213.68026733398438,0,-1.953125,-213.68026733398438,0,-0.0049416220699745172,0,-0.0056,0,0,-24
2119.875,0,213.42849731445313,0,-2.01416015625,-213.42849731445313,0,-0.0049424385707663937,0,-0.0042,0,0,-24
2120,0,213.17672729492188,0,-2.01416015625,-213.17672729492188,0,-0.0049430967663174705,0,-0.0042,0,0,-24
2120.125,0,212.92877197265625,0,-1.983642578125,-212.92877197265625,0,-0.0049440301704952172,0,-0.004,0,0,-24
2120.25,0,212.68081665039063,0,-1.983642578125,-212.68081665039063,0,-0.0049448052561790789,0,-0.005,0,0,-24
2120.375,0,212.44049072265625,0,-1.922607421875,-212.44049072265625,0,-0.0049462860979226954,0,-0.0046,0,0,-24
2120.5,0,212.2039794921875,0,-1.89208984375,-212.2039794921875,0,-0.0049480333038387243,0,-0.0036,0,0,-24
2120.625,0,211.96365356445313,0,-1.922607421875,-211.96365356445313,0,-0.0049491829513746343,0,-0.0042,0,0,-24
2120.75,0,211.72714233398438,0,-1.89208984375,-211.72714233398438,0,-0.0049506051420219856,0,-0.0044,0,0,-24
2120.875,0,211.49826049804688,0,-1.8310546875,-211.49826049804688,0,-0.00495272751926735,0,-0.0038,0,0,-24
2121,0,211.26174926757813,0,-1.89208984375,-211.26174926757813,0,-0.0049538191138135427,0,-0.0046,0,0,-24
2121.125,0,211.03286743164063,0,-1.8310546875,-211.03286743164063,0,-0.0049556170627381765,0,-0.0046,0,0,-24
2121.25,0,210.79635620117188,0,-1.89208984375,-210.79635620117188,0,-0.0049563902816746018,0,-0.0054,0,0,-24
2121.375,0,210.5712890625,0,-1.800537109375,-210.5712890625,0,-0.0049583063552166877,0,-0.0044,0,0,-24
2121.5,0,210.33477783203125,0,-1.89208984375,-210.33477783203125,0,-0.0049587671022946036,0,-0.0046,0,0,-24
2121.625,0,210.10971069335938,0,-1.800537109375,-210.10971069335938,0,-0.0049603765336228931,0,-0.0048,0,0,-24
2121.75,0,209.8846435546875,0,-1.800537109375,-209.8846435546875,0,-0.0049618280406874575,0,-0.0048,0,0,-24
2121.875,0,209.66720581054688,0,-1.739501953125,-209.66720581054688,0,-0.0049639856906869674,0,-0.0036,0,0,-24
2122,0,209.44976806640625,0,-1.739501953125,-209.44976806640625,0,-0.0049659795240774036,0,-0.0036,0,0,-24
2122.125,0,209.22470092773438,0,-1.800537109375,-209.22470092773438,0,-0.0049669514762325732,0,-0.0052,0,0,-24
2122.25,0,209.00726318359375,0,-1.739501953125,-209.00726318359375,0,-0.0049686385181595544,0,-0.0036,0,0,-24
2122.375,0,208.7860107421875,0,-1.77001953125,-208.7860107421875,0,-0.0049697399629583666,0,-0.0046,0,0,-24
2122.5,0,208.5723876953125,0,-1.708984375,-208.5723876953125,0,-0.0049715562494038676,0,-0.005,0,0,-24
2122.625,0,208.35113525390625,0,-1.77001953125,-208.35113525390625,0,-0.0049723561347863234,0,-0.0044,0,0,-24
2122.75,0,208.14132690429688,0,-1.678466796875,-208.14132690429688,0,-0.00497430704831065,0,-0.004,0,0,-24
2122.875,0,207.92770385742188,0,-1.708984375,-207.92770385742188,0,-0.0049756717772949169,0,-0.0046,0,0,-24
2123,0,207.71408081054688,0,-1.708984375,-207.71408081054688,0,-0.0049768896505952356,0,-0.0034,0,0,-24
2123.125,0,207.5042724609375,0,-1.678466796875,-207.5042724609375,0,-0.0049783939684699165,0,-0.004,0,0,-24
2123.25,0,207.30209350585938,0,-1.617431640625,-207.30209350585938,0,-0.0049806121150522955,0,-0.0046,0,0,-24
2123.375,0,207.08465576171875,0,-1.739501953125,-207.08465576171875,0,-0.004980951745652747,0,-0.004,0,0,-24
2123.5,0,206.878662109375,0,-1.64794921875,-206.878662109375,0,-0.0049824531589182531,0,-0.004,0,0,-24
2123.625,0,206.66885375976563,0,-1.678466796875,-206.66885375976563,0,-0.0049833789415246552,0,-0.0046,0,0,-24
2123.75,0,206.46286010742188,0,-1.64794921875,-206.46286010742188,0,-0.004984598785868038,0,-0.0048,0,0,-24
2123.875,0,206.25686645507813,0,-1.64794921875,-206.25686645507813,0,-0.0049856788130939805,0,-0.005,0,0,-24
2124,0,206.04705810546875,0,-1.678466796875,-206.04705810546875,0,-0.0049861910712676481,0,-0.0052,0,0,-24
2124.125,0,205.84869384765625,0,-1.5869140625,-205.84869384765625,0,-0.0049878662269925546,0,-0.0042,0,0,-24
2124.25,0,205.65032958984375,0,-1.5869140625,-205.65032958984375,0,-0.0049893974065835355,0,-0.004,0,0,-24
2124.375,0,205.4443359375,0,-1.64794921875,-205.4443359375,0,-0.0049899261752597178,0,-0.004,0,0,-24
2124.5,0,205.2459716796875,0,-1.5869140625,-205.2459716796875,0,-0.004991189140779298,0,-0.004,0,0,-24
2124.625,0,205.04379272460938,0,-1.617431640625,-205.04379272460938,0,-0.0049918852597703968,0,-0.004,0,0,-24
2124.75,0,204.84161376953125,0,-1.617431640625,-204.84161376953125,0,-0.0049924535003086669,0,-0.0042,0,0,-24
2124.875,0,204.64324951171875,0,-1.5869140625,-204.64324951171875,0,-0.0049933268086028975,0,-0.0048,0,0,-24
2125,0,204.44107055664063,0,-1.617431640625,-204.44107055664063,0,-0.0049936405400254806,0,-0.0028,0,0,-24
2125.125,0,204.24270629882813,0,-1.5869140625,-204.24270629882813,0,-0.0049942640874643283,0,-0.004,0,0,-24
2125.25,0,204.04052734375,0,-1.617431640625,-204.04052734375,0,-0.0049943327177057054,0,-0.0052,0,0,-24
2125.375,0,203.85360717773438,0,-1.495361328125,-203.85360717773438,0,-0.0049960074180208543,0,-0.0052,0,0,-24
2125.5,0,203.65142822265625,0,-1.617431640625,-203.65142822265625,0,-0.0049958224122227226,0,-0.0034,0,0,-24
2125.625,0,203.45306396484375,0,-1.5869140625,-203.45306396484375,0,-0.0049959565271533368,0,-0.0026,0,0,-24
2125.75,0,203.26995849609375,0,-1.46484375,-203.26995849609375,0,-0.0049976976581997679,0,-0.0052,0,0,-24
2125.875,0,203.06777954101563,0,-1.617431640625,-203.06777954101563,0,-0.0049971494510861782,0,-0.0048,0,0,-24
2126,0,202.8656005859375,0,-1.617431640625,-202.8656005859375,0,-0.0049964965803434291,0,-0.0046,0,0,-24
2126.125,0,202.67486572265625,0,-1.52587890625,-202.67486572265625,0,-0.0049970326799497825,0,-0.0052,0,0,-24
2126.25,0,202.47268676757813,0,-1.617431640625,-202.47268676757813,0,-0.0049961587084750526,0,-0.0036,0,0,-24
2126.375,0,202.28195190429688,0,-1.52587890625,-202.28195190429688,0,-0.004996477832324776,0,-0.0034,0,0,-24
2126.5,0,202.08740234375,0,-1.556396484375,-202.08740234375,0,-0.0049962520539888131,0,-0.0036,0,0,-24
2126.625,0,201.89666748046875,0,-1.52587890625,-201.89666748046875,0,-0.0049963504925761614,0,-0.004,0,0,-24
2126.75,0,201.70974731445313,0,-1.495361328125,-201.70974731445313,0,-0.0049967692670797774,0,-0.004,0,0,-24
2126.875,0,201.51519775390625,0,-1.556396484375,-201.51519775390625,0,-0.0049962128875820477,0,-0.0046,0,0,-24
2127,0,201.32064819335938,0,-1.556396484375,-201.32064819335938,0,-0.0049955563324435509,0,-0.004,0,0,-24
2127.125,0,201.1260986328125,0,-1.556396484375,-201.1260986328125,0,-0.0049948014705954542,0,-0.0042,0,0,-24
2127.25,0,200.93154907226563,0,-1.556396484375,-200.93154907226563,0,-0.0049939501361011317,0,-0.0052,0,0,-24
2127.375,0,200.73699951171875,0,-1.556396484375,-200.73699951171875,0,-0.0049930041288066716,0,-0.0042,0,0,-24
2127.5,0,200.5462646484375,0,-1.52587890625,-200.5462646484375,0,-0.0049923957754181639,0,-0.0052,0,0,-24
2127.625,0,200.35934448242188,0,-1.495361328125,-200.35934448242188,0,-0.0049921209442409234,0,-0.0034,0,0,-24
2127.75,0,200.16860961914063,0,-1.52587890625,-200.16860961914063,0,-0.004991314459785564,0,-0.0048,0,0,-24
2127.875,0,199.97787475585938,0,-1.52587890625,-199.97787475585938,0,-0.0049904146335433544,0,-0.0046,0,0,-24
2128,0,199.79095458984375,0,-1.495361328125,-199.79095458984375,0,-0.0049898537673882856,0,-0.005,0,0,-24
2128.125,0,199.60403442382813,0,-1.495361328125,-199.60403442382813,0,-0.0049891971448179258,0,-0.005,0,0,-24
2128.25,0,199.42092895507813,0,-1.46484375,-199.42092895507813,0,-0.0049888771127548854,0,-0.004,0,0,-24
2128.375,0,199.22637939453125,0,-1.556396484375,-199.22637939453125,0,-0.0049871673175881474,0,-0.0042,0,0,-24
2128.5,0,199.03182983398438,0,-1.556396484375,-199.03182983398438,0,-0.004985378865529853,0,-0.0046,0,0,-24
2128.625,0,198.83346557617188,0,-1.5869140625,-198.83346557617188,0,-0.0049830826636067735,0,-0.005,0,0,-24
2128.75,0,198.638916015625,0,-1.556396484375,-198.638916015625,0,-0.0049811471377940279,0,-0.0042,0,0,-24
2128.875,0,198.44818115234375,0,-1.52587890625,-198.44818115234375,0,-0.0049795677268821776,0,-0.0036,0,0,-24
2129,0,198.2574462890625,0,-1.52587890625,-198.2574462890625,0,-0.0049779093943192639,0,-0.0036,0,0,-24
2129.125,0,198.07052612304688,0,-1.495361328125,-198.07052612304688,0,-0.0049766041729493995,0,-0.0038,0,0,-24
2129.25,0,197.87979125976563,0,-1.52587890625,-197.87979125976563,0,-0.0049747865218205149,0,-0.0036,0,0,-24
2129.375,0,197.68524169921875,0,-1.556396484375,-197.68524169921875,0,-0.004972463833340544,0,-0.0036,0,0,-24
2129.5,0,197.49832153320313,0,-1.495361328125,-197.49832153320313,0,-0.0049709350433173906,0,-0.0046,0,0,-24
2129.625,0,197.3114013671875,0,-1.495361328125,-197.3114013671875,0,-0.0049693285549923649,0,-0.0034,0,0,-24
2129.75,0,197.12066650390625,0,-1.52587890625,-197.12066650390625,0,-0.0049672152575082687,0,-0.0044,0,0,-24
2129.875,0,196.92230224609375,0,-1.5869140625,-196.92230224609375,0,-0.0049641718779731541,0,-0.0052,0,0,-24
2130,0,196.73538208007813,0,-1.495361328125,-196.73538208007813,0,-0.004962364235177567,0,-0.004,0,0,-24
2130.125,0,196.54083251953125,0,-1.556396484375,-196.54083251953125,0,-0.0049596229756310572,0,-0.0052,0,0,-24
2130.25,0,196.34628295898438,0,-1.556396484375,-196.34628295898438,0,-0.0049568223027527,0,-0.0052,0,0,-24
2130.375,0,196.16317749023438,0,-1.46484375,-196.16317749023438,0,-0.0049552550063066362,0,-0.004,0,0,-24
2130.5,0,195.97244262695313,0,-1.52587890625,-195.97244262695313,0,-0.004952751776837583,0,-0.0044,0,0,-24
2130.625,0,195.7855224609375,0,-1.495361328125,-195.7855224609375,0,-0.0049506174214171625,0,-0.0036,0,0,-24
2130.75,0,195.59097290039063,0,-1.556396484375,-195.59097290039063,0,-0.0049475555445740033,0,-0.004,0,0,-24
2130.875,0,195.40023803710938,0,-1.52587890625,-195.40023803710938,0,-0.0049448707964483427,0,-0.0042,0,0,-24
2131,0,195.19805908203125,0,-1.617431640625,-195.19805908203125,0,-0.004940836067126305,0,-0.0056,0,0,-24
2131.125,0,195.00732421875,0,-1.52587890625,-195.00732421875,0,-0.0049380534019439039,0,-0.0046,0,0,-24
2131.25,0,194.80514526367188,0,-1.617431640625,-194.80514526367188,0,-0.0049339225823589183,0,-0.005,0,0,-24
2131.375,0,194.60678100585938,0,-1.5869140625,-194.60678100585938,0,-0.0049301844987478692,0,-0.0048,0,0,-24
2131.5,0,194.4122314453125,0,-1.556396484375,-194.4122314453125,0,-0.0049268339917750868,0,-0.0038,0,0,-24
2131.625,0,194.2138671875,0,-1.5869140625,-194.2138671875,0,-0.0049230048774824443,0,-0.0036,0,0,-24
2131.75,0,194.02313232421875,0,-1.52587890625,-194.02313232421875,0,-0.004919995598584824,0,-0.0042,0,0,-24
2131.875,0,193.82476806640625,0,-1.5869140625,-193.82476806640625,0,-0.0049160729535521,0,-0.0042,0,0,-24
2132,0,193.62640380859375,0,-1.5869140625,-193.62640380859375,0,-0.0049121107679968561,0,-0.0036,0,0,-24
2132.125,0,193.43185424804688,0,-1.556396484375,-193.43185424804688,0,-0.0049085403400474749,0,-0.005,0,0,-24
2132.25,0,193.22586059570313,0,-1.64794921875,-193.22586059570313,0,-0.0049036342868655882,0,-0.005,0,0,-24
2132.375,0,193.023681640625,0,-1.617431640625,-193.023681640625,0,-0.0048991332650767192,0,-0.0036,0,0,-24
2132.5,0,192.8253173828125,0,-1.5869140625,-192.8253173828125,0,-0.0048950318859551836,0,-0.004,0,0,-24
2132.625,0,192.61932373046875,0,-1.64794921875,-192.61932373046875,0,-0.00489003317999354,0,-0.0038,0,0,-24
2132.75,0,192.42477416992188,0,-1.556396484375,-192.42477416992188,0,-0.0048863023548833245,0,-0.0038,0,0,-24
2132.875,0,192.22640991210938,0,-1.5869140625,-192.22640991210938,0,-0.0048821000178749891,0,-0.0046,0,0,-24
2133,0,192.02041625976563,0,-1.64794921875,-192.02041625976563,0,-0.004877002237551718,0,-0.0044,0,0,-24
2133.125,0,191.82968139648438,0,-1.52587890625,-191.82968139648438,0,-0.0048736047469038982,0,-0.0046,0,0,-24
2133.25,0,191.619873046875,0,-1.678466796875,-191.619873046875,0,-0.0048680094514934914,0,-0.0036,0,0,-24
2133.375,0,191.40625,0,-1.708984375,-191.40625,0,-0.004861968757715671,0,-0.004,0,0,-24
2133.5,0,191.21170043945313,0,-1.556396484375,-191.21170043945313,0,-0.0048580721700378178,0,-0.0044,0,0,-24
2133.625,0,190.99807739257813,0,-1.708984375,-190.99807739257813,0,-0.0048519849212626748,0,-0.004,0,0,-24
2133.75,0,190.78445434570313,0,-1.708984375,-190.78445434570313,0,-0.0048458898449482424,0,-0.0038,0,0,-24
2133.875,0,190.57846069335938,0,-1.64794921875,-190.57846069335938,0,-0.0048406482080071648,0,-0.0054,0,0,-24
2134,0,190.36865234375,0,-1.678466796875,-190.36865234375,0,-0.0048349567424141567,0,-0.0032,0,0,-24
2134.125,0,190.16265869140625,0,-1.64794921875,-190.16265869140625,0,-0.00482968279353473,0,-0.004,0,0,-24
2134.25,0,189.96047973632813,0,-1.617431640625,-189.96047973632813,0,-0.0048248207397102762,0,-0.005,0,0,-24
2134.375,0,189.75067138671875,0,-1.678466796875,-189.75067138671875,0,-0.0048190733828461568,0,-0.003,0,0,-24
2134.5,0,189.544677734375,0,-1.64794921875,-189.544677734375,0,-0.0048137445854335272,0,-0.0036,0,0,-24
2134.625,0,189.32723999023438,0,-1.739501953125,-189.32723999023438,0,-0.00480710646460424,0,-0.005,0,0,-24
2134.75,0,189.10598754882813,0,-1.77001953125,-189.10598754882813,0,-0.0048000380654050082,0,-0.0026,0,0,-24
2134.875,0,188.89617919921875,0,-1.678466796875,-188.89617919921875,0,-0.0047942674893385016,0,-0.003,0,0,-23
2135,0,188.68637084960938,0,-1.678466796875,-188.68637084960938,0,-0.00478848534547462,0,-0.0038,0,0,-23
2135.125,0,188.46893310546875,0,-1.739501953125,-188.46893310546875,0,-0.0047818307287506431,0,-0.0042,0,0,-23
2135.25,0,188.27056884765625,0,-1.5869140625,-188.27056884765625,0,-0.004777329504046593,0,-0.0028,0,0,-23
2135.375,0,188.05694580078125,0,-1.708984375,-188.05694580078125,0,-0.0047710772913609712,0,-0.0044,0,0,-23
2135.5,0,187.83950805664063,0,-1.739501953125,-187.83950805664063,0,-0.0047643897683534511,0,-0.004,0,0,-23
2135.625,0,187.6220703125,0,-1.739501953125,-187.6220703125,0,-0.0047577034490887734,0,-0.0036,0,0,-23
2135.75,0,187.408447265625,0,-1.708984375,-187.408447265625,0,-0.0047514488715481853,0,-0.0038,0,0,-23
2135.875,0,187.18338012695313,0,-1.800537109375,-187.18338012695313,0,-0.0047438979069278813,0,-0.0046,0,0,-23
2136,0,186.9659423828125,0,-1.739501953125,-186.9659423828125,0,-0.0047372210402440136,0,-0.004,0,0,-23
2136.125,0,186.74850463867188,0,-1.739501953125,-186.74850463867188,0,-0.0047305451784928265,0,-0.0042,0,0,-23
2136.25,0,186.5386962890625,0,-1.678466796875,-186.5386962890625,0,-0.0047247314238035871,0,-0.005,0,0,-23
2136.375,0,186.32125854492188,0,-1.739501953125,-186.32125854492188,0,-0.00471804578600298,0,-0.0046,0,0,-23
2136.5,0,186.10382080078125,0,-1.739501953125,-186.10382080078125,0,-0.0047113613167737755,0,-0.0046,0,0,-23
2136.625,0,185.89019775390625,0,-1.708984375,-185.89019775390625,0,-0.0047051085547533868,0,-0.0028,0,0,-23
2136.75,0,185.6689453125,0,-1.77001953125,-185.6689453125,0,-0.0046979899322208748,0,-0.0036,0,0,-23
2136.875,0,185.44769287109375,0,-1.77001953125,-185.44769287109375,0,-0.0046908783884981224,0,-0.0034,0,0,-23
2137,0,185.23025512695313,0,-1.739501953125,-185.23025512695313,0,-0.0046842043519579272,0,-0.0044,0,0,-23
2137.125,0,185.00518798828125,0,-1.800537109375,-185.00518798828125,0,-0.0046766701466718881,0,-0.0038,0,0,-23
2137.25,0,184.783935546875,0,-1.77001953125,-184.783935546875,0,-0.0046695791662121223,0,-0.0044,0,0,-23
2137.375,0,184.5703125,0,-1.708984375,-184.5703125,0,-0.0046633558697344269,0,-0.0034,0,0,-23
2137.5,0,184.34524536132813,0,-1.800537109375,-184.34524536132813,0,-0.004655835602580519,0,-0.0044,0,0,-23
2137.625,0,184.1278076171875,0,-1.739501953125,-184.1278076171875,0,-0.0046491888606544412,0,-0.0032,0,0,-23
2137.75,0,183.91036987304688,0,-1.739501953125,-183.91036987304688,0,-0.0046425425616372007,0,-0.0038,0,0,-23
2137.875,0,183.68148803710938,0,-1.8310546875,-183.68148803710938,0,-0.0046346050159489019,0,-0.003,0,0,-23
2138,0,183.46023559570313,0,-1.77001953125,-183.46023559570313,0,-0.00462754661270344,0,-0.0046,0,0,-23
2138.125,0,183.23516845703125,0,-1.800537109375,-183.23516845703125,0,-0.0046200636043450963,0,-0.0048,0,0,-23
2138.25,0,183.01773071289063,0,-1.739501953125,-183.01773071289063,0,-0.0046134534260942484,0,-0.0042,0,0,-23
2138.375,0,182.78884887695313,0,-1.8310546875,-182.78884887695313,0,-0.0046055513272837065,0,-0.0034,0,0,-23
2138.5,0,182.5714111328125,0,-1.739501953125,-182.5714111328125,0,-0.0045989582700387121,0,-0.0034,0,0,-22
2138.625,0,182.35015869140625,0,-1.77001953125,-182.35015869140625,0,-0.0045919340936930756,0,-0.0036,0,0,-22
2138.75,0,182.12127685546875,0,-1.8310546875,-182.12127685546875,0,-0.0045840541132400013,0,-0.0044,0,0,-22
2138.875,0,181.90383911132813,0,-1.739501953125,-181.90383911132813,0,-0.0045774827617003806,0,-0.0034,0,0,-22
2139,0,181.68258666992188,0,-1.77001953125,-181.68258666992188,0,-0.0045704798861066886,0,-0.0038,0,0,-22
2139.125,0,181.45751953125,0,-1.800537109375,-181.45751953125,0,-0.0045630513694460842,0,-0.0038,0,0,-22
2139.25,0,181.23245239257813,0,-1.800537109375,-181.23245239257813,0,-0.0045556335453884392,0,-0.0038,0,0,-22
2139.375,0,181.0150146484375,0,-1.739501953125,-181.0150146484375,0,-0.0045490873353245705,0,-0.0038,0,0,-22
2139.5,0,180.79376220703125,0,-1.77001953125,-180.79376220703125,0,-0.0045421091321536,0,-0.0042,0,0,-22
2139.625,0,180.57632446289063,0,-1.739501953125,-180.57632446289063,0,-0.004535565948491427,0,-0.0038,0,0,-22
2139.75,0,180.35888671875,0,-1.739501953125,-180.35888671875,0,-0.0045290212756988789,0,-0.0042,0,0,-22
2139.875,0,180.14907836914063,0,-1.678466796875,-180.14907836914063,0,-0.0045233362624358033,0,-0.0032,0,0,-22
2140,0,179.92019653320313,0,-1.8310546875,-179.92019653320313,0,-0.0045154852828746444,0,-0.0032,0,0,-22
2140.125,0,179.70657348632813,0,-1.708984375,-179.70657348632813,0,-0.0045093729516094607,0,-0.0042,0,0,-22
2140.25,0,179.48150634765625,0,-1.800537109375,-179.48150634765625,0,-0.0045019615794407953,0,-0.0036,0,0,-22
2140.375,0,179.26025390625,0,-1.77001953125,-179.26025390625,0,-0.0044949911404570447,0,-0.003,0,0,-22
2140.5,0,179.046630859375,0,-1.708984375,-179.046630859375,0,-0.0044888861365681154,0,-0.0054,0,0,-22
2140.625,0,178.82156372070313,0,-1.800537109375,-178.82156372070313,0,-0.00448148195507219,0,-0.0036,0,0,-22
2140.75,0,178.6041259765625,0,-1.739501953125,-178.6041259765625,0,-0.0044749491330470029,0,-0.0038,0,0,-22
2140.875,0,178.38668823242188,0,-1.739501953125,-178.38668823242188,0,-0.0044684146285791058,0,-0.0036,0,0,-22
2141,0,178.17306518554688,0,-1.708984375,-178.17306518554688,0,-0.0044623090334959875,0,-0.0036,0,0,-22
2141.125,0,177.95181274414063,0,-1.77001953125,-177.95181274414063,0,-0.0044553348322744256,0,-0.0038,0,0,-22
2141.25,0,177.734375,0,-1.739501953125,-177.734375,0,-0.00444879557589912,0,-0.004,0,0,-22
2141.375,0,177.520751953125,0,-1.708984375,-177.520751953125,0,-0.0044426853175627556,0,-0.004,0,0,-22
2141.5,0,177.30712890625,0,-1.708984375,-177.30712890625,0,-0.0044365676609659666,0,-0.0038,0,0,-22
2141.625,0,177.08587646484375,0,-1.77001953125,-177.08587646484375,0,-0.0044295816232568846,0,-0.004,0,0,-22
2141.75,0,176.87606811523438,0,-1.678466796875,-176.87606811523438,0,-0.0044238918720998326,0,-0.005,0,0,-22
2141.875,0,176.666259765625,0,-1.678466796875,-176.666259765625,0,-0.0044181890452319929,0,-0.004,0,0,-22
2142,0,176.45645141601563,0,-1.678466796875,-176.45645141601563,0,-0.0044124733866009328,0,-0.0036,0,0,-22
2142.125,0,176.24664306640625,0,-1.678466796875,-176.24664306640625,0,-0.004406745135602996,0,-0.004,0,0,-22
2142.25,0,176.03683471679688,0,-1.678466796875,-176.03683471679688,0,-0.0044010045271682145,0,-0.004,0,0,-22
2142.375,0,175.81558227539063,0,-1.77001953125,-175.81558227539063,0,-0.0043939601105269,0,-0.004,0,0,-21
2142.5,0,175.60958862304688,0,-1.64794921875,-175.60958862304688,0,-0.004388643630025597,0,-0.0042,0,0,-21
2142.625,0,175.39596557617188,0,-1.708984375,-175.39596557617188,0,-0.0043824481567555579,0,-0.0024,0,0,-21
2142.75,0,175.18997192382813,0,-1.64794921875,-175.18997192382813,0,-0.0043771079959190121,0,-0.0036,0,0,-21
2142.875,0,174.98016357421875,0,-1.678466796875,-174.98016357421875,0,-0.0043713198445458467,0,-0.0036,0,0,-21
2143,0,174.76654052734375,0,-1.708984375,-174.76654052734375,0,-0.0043650898928308595,0,-0.0038,0,0,-21
2143.125,0,174.56436157226563,0,-1.617431640625,-174.56436157226563,0,-0.0043601464572368747,0,-0.0036,0,0,-21
2143.25,0,174.36599731445313,0,-1.5869140625,-174.36599731445313,0,-0.0043556109182224705,0,-0.0036,0,0,-21
2143.375,0,174.16000366210938,0,-1.64794921875,-174.16000366210938,0,-0.00435018615229074,0,-0.0048,0,0,-21
2143.5,0,173.95782470703125,0,-1.617431640625,-173.95782470703125,0,-0.0043451760951388179,0,-0.0046,0,0,-21
2143.625,0,173.75946044921875,0,-1.5869140625,-173.75946044921875,0,-0.0043405751774944473,0,-0.0032,0,0,-21
2143.75,0,173.553466796875,0,-1.64794921875,-173.553466796875,0,-0.0043350862526719746,0,-0.0038,0,0,-21
2143.875,0,173.35128784179688,0,-1.617431640625,-173.35128784179688,0,-0.004330013233612439,0,-0.0044,0,0,-21
2144,0,173.14910888671875,0,-1.617431640625,-173.14910888671875,0,-0.0043249199682730815,0,-0.0038,0,0,-21
2144.125,0,172.9583740234375,0,-1.52587890625,-172.9583740234375,0,-0.0043210985156962416,0,-0.0034,0,0,-21
2144.25,0,172.760009765625,0,-1.5869140625,-172.760009765625,0,-0.004316378849337589,0,-0.0038,0,0,-21
2144.375,0,172.56927490234375,0,-1.52587890625,-172.56927490234375,0,-0.0043124956329970128,0,-0.0038,0,0,-21
2144.5,0,172.3785400390625,0,-1.52587890625,-172.3785400390625,0,-0.0043085764760507749,0,-0.0032,0,0,-21
2144.625,0,172.18017578125,0,-1.5869140625,-172.18017578125,0,-0.0043037609281485088,0,-0.0034,0,0,-21
2144.75,0,171.99325561523438,0,-1.495361328125,-171.99325561523438,0,-0.0043002141795213892,0,-0.004,0,0,-21
2144.875,0,171.7987060546875,0,-1.556396484375,-171.7987060546875,0,-0.0042957662598463462,0,-0.0036,0,0,-21
2145,0,171.600341796875,0,-1.5869140625,-171.600341796875,0,-0.0042908602067788749,0,-0.0038,0,0,-21
2145.125,0,171.40960693359375,0,-1.52587890625,-171.40960693359375,0,-0.0042867940810611569,0,-0.0042,0,0,-21
2145.25,0,171.2188720703125,0,-1.52587890625,-171.2188720703125,0,-0.0042826954271944686,0,-0.0036,0,0,-21
2145.375,0,171.0357666015625,0,-1.46484375,-171.0357666015625,0,-0.0042794259729194576,0,-0.0046,0,0,-21
2145.5,0,170.84503173828125,0,-1.52587890625,-170.84503173828125,0,-0.0042752523420024483,0,-0.0038,0,0,-21
2145.625,0,170.66192626953125,0,-1.46484375,-170.66192626953125,0,-0.0042719093094896882,0,-0.0038,0,0,-21
2145.75,0,170.47500610351563,0,-1.495361328125,-170.47500610351563,0,-0.0042680940334894144,0,-0.0034,0,0,-21
2145.875,0,170.29953002929688,0,-1.40380859375,-170.29953002929688,0,-0.0042655353984283164,0,-0.004,0,0,-21
2146,0,170.11642456054688,0,-1.46484375,-170.11642456054688,0,-0.0042620636608158378,0,-0.0036,0,0,-21
2146.125,0,169.9371337890625,0,-1.434326171875,-169.9371337890625,0,-0.0042589832017859231,0,-0.0032,0,0,-21
2146.25,0,169.7540283203125,0,-1.46484375,-169.7540283203125,0,-0.0042554277683149594,0,-0.0036,0,0,-21
2146.375,0,169.57855224609375,0,-1.40380859375,-169.57855224609375,0,-0.0042526957353408749,0,-0.0036,0,0,-21
2146.5,0,169.39926147460938,0,-1.434326171875,-169.39926147460938,0,-0.0042494843952599693,0,-0.003,0,0,-21
2146.625,0,169.22378540039063,0,-1.40380859375,-169.22378540039063,0,-0.00424666164340382,0,-0.0046,0,0,-21
2146.75,0,169.04830932617188,0,-1.40380859375,-169.04830932617188,0,-0.0042437918373805054,0,-0.0038,0,0,-21
2146.875,0,168.88046264648438,0,-1.3427734375,-168.88046264648438,0,-0.0042417369759359582,0,-0.004,0,0,-21
2147,0,168.70880126953125,0,-1.373291015625,-168.70880126953125,0,-0.0042391945092246832,0,-0.0038,0,0,-21
2147.125,0,168.54476928710938,0,-1.312255859375,-168.54476928710938,0,-0.0042374630478321526,0,-0.0044,0,0,-21
2147.25,0,168.37692260742188,0,-1.3427734375,-168.37692260742188,0,-0.0042352401154058467,0,-0.0032,0,0,-21
2147.375,0,168.212890625,0,-1.312255859375,-168.212890625,0,-0.00423339383421417,0,-0.004,0,0,-21
2147.5,0,168.04122924804688,0,-1.373291015625,-168.04122924804688,0,-0.0042306276636903386,0,-0.0038,0,0,-21
2147.625,0,167.87338256835938,0,-1.3427734375,-167.87338256835938,0,-0.004228246111586168,0,-0.0036,0,0,-21
2147.75,0,167.71316528320313,0,-1.28173828125,-167.71316528320313,0,-0.0042266747304504056,0,-0.0034,0,0,-21
2147.875,0,167.54913330078125,0,-1.312255859375,-167.54913330078125,0,-0.00422461105949663,0,-0.0026,0,0,-21
2148,0,167.38128662109375,0,-1.3427734375,-167.38128662109375,0,-0.0042220621153910946,0,-0.0036,0,0,-21
2148.125,0,167.22869873046875,0,-1.220703125,-167.22869873046875,0,-0.0042211875860878982,0,-0.0042,0,0,-21
2148.25,0,167.07229614257813,0,-1.251220703125,-167.07229614257813,0,-0.0042198121016403523,0,-0.0036,0,0,-21
2148.375,0,166.9158935546875,0,-1.251220703125,-166.9158935546875,0,-0.0042183734008186709,0,-0.0042,0,0,-21
2148.5,0,166.7633056640625,0,-1.220703125,-166.7633056640625,0,-0.0042173032234607728,0,-0.0032,0,0,-21
2148.625,0,166.60690307617188,0,-1.251220703125,-166.60690307617188,0,-0.0042157357410749045,0,-0.004,0,0,-21
2148.75,0,166.4581298828125,0,-1.190185546875,-166.4581298828125,0,-0.0042149697452105494,0,-0.0038,0,0,-21
2148.875,0,166.30935668945313,0,-1.190185546875,-166.30935668945313,0,-0.0042141334975419583,0,-0.0048,0,0,-21
2149,0,166.16058349609375,0,-1.190185546875,-166.16058349609375,0,-0.0042132283087249409,0,-0.0034,0,0,-21
2149.125,0,166.00799560546875,0,-1.220703125,-166.00799560546875,0,-0.0042118249045240991,0,-0.0044,0,0,-21
2149.25,0,165.863037109375,0,-1.15966796875,-165.863037109375,0,-0.004211222093473006,0,-0.004,0,0,-21
2149.375,0,165.72189331054688,0,-1.129150390625,-165.72189331054688,0,-0.0042109787143520608,0,-0.0042,0,0,-21
2149.5,0,165.57693481445313,0,-1.15966796875,-165.57693481445313,0,-0.0042102291082860895,0,-0.0038,0,0,-21
2149.625,0,165.435791015625,0,-1.129150390625,-165.435791015625,0,-0.0042098416728377852,0,-0.004,0,0,-21
2149.75,0,165.29464721679688,0,-1.129150390625,-165.29464721679688,0,-0.0042093812584764632,0,-0.0032,0,0,-21
2149.875,0,165.15731811523438,0,-1.0986328125,-165.15731811523438,0,-0.0042092797871752761,0,-0.0046,0,0,-21
2150,0,165.0238037109375,0,-1.068115234375,-165.0238037109375,0,-0.0042095327300575086,0,-0.004,0,0,-21
2150.125,0,164.89028930664063,0,-1.068115234375,-164.89028930664063,0,-0.0042097050823007168,0,-0.0048,0,0,-21
2150.25,0,164.75677490234375,0,-1.068115234375,-164.75677490234375,0,-0.004209798347447633,0,-0.004,0,0,-21
2150.375,0,164.6270751953125,0,-1.03759765625,-164.6270751953125,0,-0.0042102445614290024,0,-0.0046,0,0,-21
2150.5,0,164.49356079101563,0,-1.068115234375,-164.49356079101563,0,-0.0042101781863218045,0,-0.0038,0,0,-21
2150.625,0,164.36767578125,0,-1.007080078125,-164.36767578125,0,-0.00421089829882327,0,-0.0042,0,0,-21
2150.75,0,164.23797607421875,0,-1.03759765625,-164.23797607421875,0,-0.00421110287999658,0,-0.0032,0,0,-21
2150.875,0,164.1082763671875,0,-1.03759765625,-164.1082763671875,0,-0.0042112299405531548,0,-0.0038,0,0,-21
2151,0,163.98239135742188,0,-1.007080078125,-163.98239135742188,0,-0.0042117114871986425,0,-0.0034,0,0,-21
2151.125,0,163.86032104492188,0,-0.9765625,-163.86032104492188,0,-0.0042125430742080017,0,-0.0042,0,0,-21
2151.25,0,163.73825073242188,0,-0.9765625,-163.73825073242188,0,-0.004213289778359137,0,-0.004,0,0,-21
2151.375,0,163.6199951171875,0,-0.946044921875,-163.6199951171875,0,-0.0042143837437116759,0,-0.0044,0,0,-21
2151.5,0,163.49411010742188,0,-1.007080078125,-163.49411010742188,0,-0.00421452897801526,0,-0.0042,0,0,-21
2151.625,0,163.3758544921875,0,-0.946044921875,-163.3758544921875,0,-0.0042154610875473541,0,-0.0046,0,0,-21
2151.75,0,163.25759887695313,0,-0.946044921875,-163.25759887695313,0,-0.0042163086065784222,0,-0.0038,0,0,-21
2151.875,0,163.14315795898438,0,-0.91552734375,-163.14315795898438,0,-0.0042175036737137107,0,-0.0042,0,0,-21
2152,0,163.03253173828125,0,-0.885009765625,-163.03253173828125,0,-0.0042190419726670005,0,-0.0034,0,0,-21
2152.125,0,162.92190551757813,0,-0.885009765625,-162.92190551757813,0,-0.0042204887072401186,0,-0.0034,0,0,-21
2152.25,0,162.811279296875,0,-0.885009765625,-162.811279296875,0,-0.0042218455857078816,0,-0.0052,0,0,-21
2152.375,0,162.71209716796875,0,-0.79345703125,-162.71209716796875,0,-0.0042244059657913433,0,-0.0054,0,0,-21
2152.5,0,162.59765625,0,-0.91552734375,-162.59765625,0,-0.0042251399745181929,0,-0.0042,0,0,-21
2152.625,0,162.49465942382813,0,-0.823974609375,-162.49465942382813,0,-0.0042270869376969675,0,-0.004,0,0,-21
2152.75,0,162.384033203125,0,-0.885009765625,-162.384033203125,0,-0.0042280779268759425,0,-0.0046,0,0,-21
2152.875,0,162.28866577148438,0,-0.762939453125,-162.28866577148438,0,-0.0042307098043388386,0,-0.0042,0,0,-21
2153,0,162.1856689453125,0,-0.823974609375,-162.1856689453125,0,-0.0042323772651889895,0,-0.0042,0,0,-21
2153.125,0,162.08267211914063,0,-0.823974609375,-162.08267211914063,0,-0.0042339550874644265,0,-0.004,0,0,-21
2153.25,0,161.98348999023438,0,-0.79345703125,-161.98348999023438,0,-0.0042358755039500068,0,-0.0042,0,0,-21
2153.375,0,161.87667846679688,0,-0.8544921875,-161.87667846679688,0,-0.0042368426094652857,0,-0.0048,0,0,-21
2153.5,0,161.79275512695313,0,-0.67138671875,-161.79275512695313,0,-0.0042403143374889008,0,-0.0048,0,0,-21
2153.625,0,161.6973876953125,0,-0.762939453125,-161.6973876953125,0,-0.0042423819230325626,0,-0.0032,0,0,-21
2153.75,0,161.60202026367188,0,-0.762939453125,-161.60202026367188,0,-0.004244356740577852,0,-0.0044,0,0,-21
2153.875,0,161.51809692382813,0,-0.67138671875,-161.51809692382813,0,-0.0042475322021716874,0,-0.0038,0,0,-21
2154,0,161.43035888671875,0,-0.701904296875,-161.43035888671875,0,-0.0042501701694708256,0,-0.0034,0,0,-21
2154.125,0,161.3311767578125,0,-0.79345703125,-161.3311767578125,0,-0.0042514173816229723,0,-0.0044,0,0,-21
2154.25,0,161.2548828125,0,-0.6103515625,-161.2548828125,0,-0.0042551683259818467,0,-0.0034,0,0,-21
2154.375,0,161.16714477539063,0,-0.701904296875,-161.16714477539063,0,-0.00425751425416911,0,-0.0042,0,0,-21
2154.5,0,161.0870361328125,0,-0.640869140625,-161.0870361328125,0,-0.0042606276778442559,0,-0.0038,0,0,-21
2154.625,0,161.00692749023438,0,-0.640869140625,-161.00692749023438,0,-0.004263637492836707,0,-0.0046,0,0,-21
2154.75,0,160.92300415039063,0,-0.67138671875,-160.92300415039063,0,-0.0042661150716874095,0,-0.005,0,0,-21
2154.875,0,160.8428955078125,0,-0.640869140625,-160.8428955078125,0,-0.004268929297200773,0,-0.0032,0,0,-21
2155,0,160.77041625976563,0,-0.579833984375,-160.77041625976563,0,-0.0042725066169126882,0,-0.0028,0,0,-21
2155.125,0,160.69793701171875,0,-0.579833984375,-160.69793701171875,0,-0.0042759760087654431,0,-0.0042,0,0,-21
2155.25,0,160.61782836914063,0,-0.640869140625,-160.61782836914063,0,-0.0042784783654419662,0,-0.0036,0,0,-21
2155.375,0,160.54153442382813,0,-0.6103515625,-160.54153442382813,0,-0.0042813190742725486,0,-0.0046,0,0,-21
2155.5,0,160.48049926757813,0,-0.48828125,-160.48049926757813,0,-0.0042857856718523405,0,-0.0046,0,0,-21
2155.625,0,160.40802001953125,0,-0.579833984375,-160.40802001953125,0,-0.0042888425726852423,0,-0.0042,0,0,-21
2155.75,0,160.33554077148438,0,-0.579833984375,-160.33554077148438,0,-0.0042918012548762551,0,-0.004,0,0,-21
2155.875,0,160.27069091796875,0,-0.518798828125,-160.27069091796875,0,-0.0042955246717235364,0,-0.005,0,0,-21
2156,0,160.2020263671875,0,-0.54931640625,-160.2020263671875,0,-0.0042987112101251865,0,-0.0048,0,0,-21
2156.125,0,160.13717651367188,0,-0.518798828125,-160.13717651367188,0,-0.0043022298394949469,0,-0.0046,0,0,-21
2156.25,0,160.07232666015625,0,-0.518798828125,-160.07232666015625,0,-0.0043056459714843984,0,-0.0038,0,0,-21
2156.375,0,160.01129150390625,0,-0.48828125,-160.01129150390625,0,-0.0043093920787792561,0,-0.0036,0,0,-21
2156.5,0,159.94644165039063,0,-0.518798828125,-159.94644165039063,0,-0.0043126030520631436,0,-0.0042,0,0,-21
2156.625,0,159.88540649414063,0,-0.48828125,-159.88540649414063,0,-0.0043161478282046847,0,-0.0048,0,0,-21
2156.75,0,159.82437133789063,0,-0.48828125,-159.82437133789063,0,-0.0043195917869175192,0,-0.005,0,0,-21
2156.875,0,159.7747802734375,0,-0.396728515625,-159.7747802734375,0,-0.0043242284904231069,0,-0.0042,0,0,-21
2157,0,159.70993041992188,0,-0.518798828125,-159.70993041992188,0,-0.0043270282664342671,0,-0.0036,0,0,-21
2157.125,0,159.66033935546875,0,-0.396728515625,-159.66033935546875,0,-0.0043314611981394944,0,-0.0048,0,0,-21
2157.25,0,159.60693359375,0,-0.42724609375,-159.60693359375,0,-0.0043353526853444286,0,-0.005,0,0,-21
2157.375,0,159.55734252929688,0,-0.396728515625,-159.55734252929688,0,-0.0043395717826496165,0,-0.0042,0,0,-21
2157.5,0,159.5001220703125,0,-0.457763671875,-159.5001220703125,0,-0.0043428228644263132,0,-0.0046,0,0,-21
2157.625,0,159.45816040039063,0,-0.335693359375,-159.45816040039063,0,-0.0043477030176115369,0,-0.003,0,0,-21
2157.75,0,159.4085693359375,0,-0.396728515625,-159.4085693359375,0,-0.00435160715777067,0,-0.0048,0,0,-21
2157.875,0,159.36279296875,0,-0.3662109375,-159.36279296875,0,-0.0043558408397296458,0,-0.0036,0,0,-21
2158,0,159.32083129882813,0,-0.335693359375,-159.32083129882813,0,-0.0043604000831376326,0,-0.004,0,0,-21
2158.125,0,159.27886962890625,0,-0.335693359375,-159.27886962890625,0,-0.0043648504214644692,0,-0.004,0,0,-21
2158.25,0,159.24072265625,0,-0.30517578125,-159.24072265625,0,-0.0043696244469414161,0,-0.004,0,0,-21
2158.375,0,159.1949462890625,0,-0.3662109375,-159.1949462890625,0,-0.0043734266071284228,0,-0.0044,0,0,-21
2158.5,0,159.14535522460938,0,-0.396728515625,-159.14535522460938,0,-0.0043767012585911652,0,-0.0042,0,0,-21
2158.625,0,159.11102294921875,0,-0.274658203125,-159.11102294921875,0,-0.00438160887725353,0,-0.0038,0,0,-21
2158.75,0,159.08050537109375,0,-0.244140625,-159.08050537109375,0,-0.0043868359873156437,0,-0.004,0,0,-21
2158.875,0,159.04617309570313,0,-0.274658203125,-159.04617309570313,0,-0.0043915176750545723,0,-0.005,0,0,-21
2159,0,159.0118408203125,0,-0.274658203125,-159.0118408203125,0,-0.0043960925088443606,0,-0.0038,0,0,-21
2159.125,0,158.98513793945313,0,-0.213623046875,-158.98513793945313,0,-0.0044014236030881547,0,-0.0046,0,0,-22
2159.25,0,158.95462036132813,0,-0.244140625,-158.95462036132813,0,-0.0044062095027833656,0,-0.0038,0,0,-22
2159.375,0,158.92791748046875,0,-0.213623046875,-158.92791748046875,0,-0.0044113193324934741,0,-0.0044,0,0,-22
2159.5,0,158.8897705078125,0,-0.30517578125,-158.8897705078125,0,-0.0044150269748084907,0,-0.0036,0,0,-22
2159.625,0,158.86688232421875,0,-0.18310546875,-158.86688232421875,0,-0.0044203660094905405,0,-0.004,0,0,-22
2159.75,0,158.83636474609375,0,-0.244140625,-158.83636474609375,0,-0.0044247313088039367,0,-0.0044,0,0,-22
2159.875,0,158.8134765625,0,-0.18310546875,-158.8134765625,0,-0.0044298589455203184,0,-0.0042,0,0,-22
2160,0,158.78677368164063,0,-0.213623046875,-158.78677368164063,0,-0.0044344473512622391,0,-0.0042,0,0,-22
2160.125,0,158.76388549804688,0,-0.18310546875,-158.76388549804688,0,-0.0044393655393334952,0,-0.0036,0,0,-22
2160.25,0,158.74099731445313,0,-0.18310546875,-158.74099731445313,0,-0.0044441789644568868,0,-0.0046,0,0,-22
2160.375,0,158.71429443359375,0,-0.213623046875,-158.71429443359375,0,-0.0044484590207079615,0,-0.0038,0,0,-22
2160.5,0,158.69903564453125,0,-0.1220703125,-158.69903564453125,0,-0.0044539357329017844,0,-0.0046,0,0,-22
2160.625,0,158.68377685546875,0,-0.1220703125,-158.68377685546875,0,-0.0044593015975383067,0,-0.005,0,0,-22
2160.75,0,158.65707397460938,0,-0.213623046875,-158.65707397460938,0,-0.0044632670013330152,0,-0.0044,0,0,-22
2160.875,0,158.64944458007813,0,-0.06103515625,-158.64944458007813,0,-0.0044692960522754368,0,-0.0042,0,0,-22
2161,0,158.62655639648438,0,-0.18310546875,-158.62655639648438,0,-0.004473486044693149,0,-0.0046,0,0,-22
2161.125,0,158.60748291015625,0,-0.152587890625,-158.60748291015625,0,-0.0044780154202155482,0,-0.004,0,0,-22
2161.25,0,158.59603881835938,0,-0.091552734375,-158.59603881835938,0,-0.0044833105753259942,0,-0.0038,0,0,-22
2161.375,0,158.58078002929688,0,-0.1220703125,-158.58078002929688,0,-0.0044880698774277632,0,-0.005,0,0,-22
2161.5,0,158.57315063476563,0,-0.06103515625,-158.57315063476563,0,-0.0044935928372424041,0,-0.0038,0,0,-22
2161.625,0,158.5540771484375,0,-0.152587890625,-158.5540771484375,0,-0.0044977167408822181,0,-0.0046,0,0,-22
2161.75,0,158.54263305664063,0,-0.091552734375,-158.54263305664063,0,-0.0045026139888137513,0,-0.0044,0,0,-22
2161.875,0,158.54263305664063,0,0,-158.54263305664063,0,-0.0045087050490647254,0,-0.0046,0,0,-22
2162,0,158.5235595703125,0,-0.152587890625,-158.5235595703125,0,-0.00451252966899269,0,-0.0042,0,0,-22
2162.125,0,158.50830078125,0,-0.1220703125,-158.50830078125,0,-0.0045167026563729491,0,-0.0048,0,0,-22
2162.25,0,158.51593017578125,0,0.06103515625,-158.51593017578125,0,-0.0045233724818276406,0,-0.0044,0,0,-22
2162.375,0,158.50448608398438,0,-0.091552734375,-158.50448608398438,0,-0.0045277694047212826,0,-0.0046,0,0,-22
2162.5,0,158.4930419921875,0,-0.091552734375,-158.4930419921875,0,-0.0045320777929532766,0,-0.0044,0,0,-22
2162.625,0,158.4930419921875,0,0,-158.4930419921875,0,-0.0045375909795911081,0,-0.0044,0,0,-22
2162.75,0,158.48922729492188,0,-0.030517578125,-158.48922729492188,0,-0.0045425707487855979,0,-0.0038,0,0,-22
2162.875,0,158.48922729492188,0,0,-158.48922729492188,0,-0.0045478860053801487,0,-0.0042,0,0,-22
2163,0,158.48541259765625,0,-0.030517578125,-158.48541259765625,0,-0.0045526715372217483,0,-0.0048,0,0,-22
2163.125,0,158.48922729492188,0,0.030517578125,-158.48922729492188,0,-0.0045582267406998785,0,-0.0038,0,0,-22
2163.25,0,158.477783203125,0,-0.091552734375,-158.477783203125,0,-0.0045619582292889009,0,-0.003,0,0,-22
2163.375,0,158.48541259765625,0,0.06103515625,-158.48541259765625,0,-0.0045677664001146758,0,-0.0046,0,0,-22
2163.5,0,158.48541259765625,0,0,-158.48541259765625,0,-0.0045726094251929139,0,-0.004,0,0,-22
2163.625,0,158.48541259765625,0,0,-158.48541259765625,0,-0.0045773620961647807,0,-0.0046,0,0,-22
2163.75,0,158.48541259765625,0,0,-158.48541259765625,0,-0.004582026098725561,0,-0.0034,0,0,-22
2163.875,0,158.48541259765625,0,0,-158.48541259765625,0,-0.0045866030871212927,0,-0.0046,0,0,-22
2164,0,158.4930419921875,0,0.06103515625,-158.4930419921875,0,-0.00459195580561333,0,-0.0042,0,0,-22
2164.125,0,158.50067138671875,0,0.06103515625,-158.50067138671875,0,-0.0045972129964017873,0,-0.0046,0,0,-22
2164.25,0,158.50448608398438,0,0.030517578125,-158.50448608398438,0,-0.0046019458812644638,0,-0.0056,0,0,-23
2164.375,0,158.50448608398438,0,0,-158.50448608398438,0,-0.0046061620741775153,0,-0.0052,0,0,-23
2164.5,0,158.51211547851563,0,0.06103515625,-158.51211547851563,0,-0.00461116072838337,0,-0.0054,0,0,-23
2164.625,0,158.51593017578125,0,0.030517578125,-158.51593017578125,0,-0.004615639900062354,0,-0.0036,0,0,-23
2164.75,0,158.51974487304688,0,0.030517578125,-158.51974487304688,0,-0.0046200376736415978,0,-0.0042,0,0,-23
2164.875,0,158.52737426757813,0,0.06103515625,-158.52737426757813,0,-0.004624786128167164,0,-0.0048,0,0,-23
2165,0,158.53118896484375,0,0.030517578125,-158.53118896484375,0,-0.0046290197680269995,0,-0.0038,0,0,-23
2165.125,0,158.53500366210938,0,0.030517578125,-158.53500366210938,0,-0.0046331765905620638,0,-0.0034,0,0,-23
2165.25,0,158.53500366210938,0,0,-158.53500366210938,0,-0.0046368274684791778,0,-0.0054,0,0,-23
2165.375,0,158.54644775390625,0,0.091552734375,-158.54644775390625,0,-0.004641701914951629,0,-0.0038,0,0,-23
2165.5,0,158.5540771484375,0,0.06103515625,-158.5540771484375,0,-0.0046460613639441274,0,-0.0038,0,0,-23
2165.625,0,158.56170654296875,0,0.06103515625,-158.56170654296875,0,-0.00465034381620832,0,-0.0052,0,0,-23
2165.75,0,158.56552124023438,0,0.030517578125,-158.56552124023438,0,-0.0046541201477980848,0,-0.0058,0,0,-23
2165.875,0,158.57315063476563,0,0.06103515625,-158.57315063476563,0,-0.0046582587542934708,0,-0.0038,0,0,-23
2166,0,158.58078002929688,0,0.06103515625,-158.58078002929688,0,-0.0046623244842181289,0,-0.0048,0,0,-23
2166.125,0,158.5845947265625,0,0.030517578125,-158.5845947265625,0,-0.0046658881367580328,0,-0.0046,0,0,-23
2166.25,0,158.58840942382813,0,0.030517578125,-158.58840942382813,0,-0.0046693874716205192,0,-0.005,0,0,-23
2166.375,0,158.5845947265625,0,-0.030517578125,-158.5845947265625,0,-0.0046719625678732727,0,-0.0056,0,0,-23
2166.5,0,158.59222412109375,0,0.06103515625,-158.59222412109375,0,-0.0046757791352884312,0,-0.0046,0,0,-23
2166.625,0,158.599853515625,0,0.06103515625,-158.599853515625,0,-0.0046795288342688628,0,-0.0044,0,0,-23
2166.75,0,158.599853515625,0,0,-158.599853515625,0,-0.0046823517914705692,0,-0.0048,0,0,-23
2166.875,0,158.60366821289063,0,0.030517578125,-158.60366821289063,0,-0.004685552642488335,0,-0.0042,0,0,-23
2167,0,158.61129760742188,0,0.06103515625,-158.61129760742188,0,-0.0046891265048898513,0,-0.0048,0,0,-23
2167.125,0,158.61129760742188,0,0,-158.61129760742188,0,-0.0046917769060153686,0,-0.004,0,0,-23
2167.25,0,158.6151123046875,0,0.030517578125,-158.6151123046875,0,-0.0046948084202568267,0,-0.0042,0,0,-23
2167.375,0,158.6151123046875,0,0,-158.6151123046875,0,-0.0046973549842430776,0,-0.0042,0,0,-23
2167.5,0,158.61892700195313,0,0.030517578125,-158.61892700195313,0,-0.0047002845985873358,0,-0.0056,0,0,-23
2167.625,0,158.61892700195313,0,0,-158.61892700195313,0,-0.0047027311637762191,0,-0.004,0,0,-23
2167.75,0,158.61129760742188,0,-0.06103515625,-158.61129760742188,0,-0.0047042709636382456,0,-0.0042,0,0,-23
2167.875,0,158.61892700195313,0,0.06103515625,-158.61892700195313,0,-0.004707499942393399,0,-0.004,0,0,-23
2168,0,158.6151123046875,0,-0.030517578125,-158.6151123046875,0,-0.0047093813337702756,0,-0.0036,0,0,-23
2168.125,0,158.6151123046875,0,0,-158.6151123046875,0,-0.0047116560175666736,0,-0.0048,0,0,-23
2168.25,0,158.62274169921875,0,0.06103515625,-158.62274169921875,0,-0.0047147493845044941,0,-0.0046,0,0,-23
2168.375,0,158.6151123046875,0,-0.06103515625,-158.6151123046875,0,-0.0047160671336728358,0,-0.0038,0,0,-23
2168.5,0,158.61892700195313,0,0.030517578125,-158.61892700195313,0,-0.0047186476439937414,0,-0.0046,0,0,-23
2168.625,0,158.61129760742188,0,-0.06103515625,-158.61129760742188,0,-0.0047198904973557191,0,-0.0044,0,0,-23
2168.75,0,158.61129760742188,0,0,-158.61129760742188,0,-0.0047219669487281873,0,-0.0048,0,0,-23
2168.875,0,158.61129760742188,0,0,-158.61129760742188,0,-0.0047240046606960165,0,-0.0042,0,0,-23
2169,0,158.6151123046875,0,0.030517578125,-158.6151123046875,0,-0.0047264349164414972,0,-0.0046,0,0,-23
2169.125,0,158.61129760742188,0,-0.030517578125,-158.61129760742188,0,-0.0047279608788979308,0,-0.0042,0,0,-23
2169.25,0,158.60748291015625,0,-0.030517578125,-158.60748291015625,0,-0.0047294562044099655,0,-0.0048,0,0,-23
2169.375,0,158.60748291015625,0,0,-158.60748291015625,0,-0.0047313520249959926,0,-0.005,0,0,-23
2169.5,0,158.60366821289063,0,-0.030517578125,-158.60366821289063,0,-0.00473278191568453,0,-0.0048,0,0,-23
2169.625,0,158.599853515625,0,-0.030517578125,-158.599853515625,0,-0.0047341829617957515,0,-0.0052,0,0,-23
2169.75,0,158.59603881835938,0,-0.030517578125,-158.59603881835938,0,-0.0047355557014697553,0,-0.0042,0,0,-23
2169.875,0,158.59603881835938,0,0,-158.59603881835938,0,-0.0047373312232457327,0,-0.0052,0,0,-23
2170,0,158.58840942382813,0,-0.06103515625,-158.58840942382813,0,-0.0047382124990452447,0,-0.0038,0,0,-23
2170.125,0,158.59222412109375,0,0.030517578125,-158.59222412109375,0,-0.0047403646790815579,0,-0.0044,0,0,-23
2170.25,0,158.59222412109375,0,0,-158.59222412109375,0,-0.0047420483141992122,0,-0.0052,0,0,-23
2170.375,0,158.5845947265625,0,-0.06103515625,-158.5845947265625,0,-0.0047428394176278078,0,-0.0044,0,0,-23
2170.5,0,158.5845947265625,0,0,-158.5845947265625,0,-0.0047444725471590243,0,-0.0038,0,0,-23
2170.625,0,158.58078002929688,0,-0.030517578125,-158.58078002929688,0,-0.0047456446476997474,0,-0.0044,0,0,-23
2170.75,0,158.5845947265625,0,0.030517578125,-158.5845947265625,0,-0.0047476538340140029,0,-0.0042,0,0,-23
2170.875,0,158.5845947265625,0,0,-158.5845947265625,0,-0.0047491971431781457,0,-0.0056,0,0,-23
2171,0,158.58078002929688,0,-0.030517578125,-158.58078002929688,0,-0.00475028109908935,0,-0.0042,0,0,-23
2171.125,0,158.58078002929688,0,0,-158.58078002929688,0,-0.0047517732248092536,0,-0.0042,0,0,-23
2171.25,0,158.5845947265625,0,0.030517578125,-158.5845947265625,0,-0.0047536680730601889,0,-0.0036,0,0,-23
2171.375,0,158.58078002929688,0,-0.030517578125,-158.58078002929688,0,-0.0047546686168751075,0,-0.0042,0,0,-23
2171.5,0,158.58078002929688,0,0,-158.58078002929688,0,-0.0047560788866800995,0,-0.0038,0,0,-23
2171.625,0,158.58078002929688,0,0,-158.58078002929688,0,-0.004757462845725615,0,-0.0044,0,0,-23
2171.75,0,158.5845947265625,0,0.030517578125,-158.5845947265625,0,-0.00475925154531839,0,-0.0036,0,0,-23
2171.875,0,158.57315063476563,0,-0.091552734375,-158.57315063476563,0,-0.004759286799964341,0,-0.0036,0,0,-23
2172,0,158.57696533203125,0,0.030517578125,-158.57696533203125,0,-0.004761037135356196,0,-0.0046,0,0,-23
2172.125,0,158.58078002929688,0,0.030517578125,-158.58078002929688,0,-0.0047627569833002528,0,-0.0038,0,0,-23
2172.25,0,158.57696533203125,0,-0.030517578125,-158.57696533203125,0,-0.0047635857917090706,0,-0.0048,0,0,-23
2172.375,0,158.57696533203125,0,0,-158.57696533203125,0,-0.00476482753009698,0,-0.0052,0,0,-23
2172.5,0,158.58078002929688,0,0.030517578125,-158.58078002929688,0,-0.0047664766623779827,0,-0.0036,0,0,-23
2172.625,0,158.57696533203125,0,-0.030517578125,-158.57696533203125,0,-0.0047672360744335654,0,-0.004,0,0,-23
2172.75,0,158.57696533203125,0,0,-158.57696533203125,0,-0.0047684097111642988,0,-0.0046,0,0,-23
2172.875,0,158.58078002929688,0,0.030517578125,-158.58078002929688,0,-0.00476999201232963,0,-0.005,0,0,-23
2173,0,158.5845947265625,0,0.030517578125,-158.5845947265625,0,-0.0047715469609849659,0,-0.0052,0,0,-23
2173.125,0,158.58078002929688,0,-0.030517578125,-158.58078002929688,0,-0.0047722139465557582,0,-0.0046,0,0,-23
2173.25,0,158.58078002929688,0,0,-158.58078002929688,0,-0.0047732968811604005,0,-0.0044,0,0,-23
2173.375,0,158.58078002929688,0,0,-158.58078002929688,0,-0.0047743596119488576,0,-0.0046,0,0,-23
2173.5,0,158.58078002929688,0,0,-158.58078002929688,0,-0.0047754025158544978,0,-0.0038,0,0,-23
2173.625,0,158.58078002929688,0,0,-158.58078002929688,0,-0.0047764259627784168,0,-0.0048,0,0,-23
2173.75,0,158.5845947265625,0,0.030517578125,-158.5845947265625,0,-0.0047778608761595495,0,-0.004,0,0,-23
2173.875,0,158.5845947265625,0,0,-158.5845947265625,0,-0.00477884062633833,0,-0.0046,0,0,-23
2174,0,158.58078002929688,0,-0.030517578125,-158.58078002929688,0,-0.0047793715373267015,0,-0.004,0,0,-23
2174.125,0,158.5845947265625,0,0.030517578125,-158.5845947265625,0,-0.0047807514964691589,0,-0.0052,0,0,-23
2174.25,0,158.58078002929688,0,-0.030517578125,-158.58078002929688,0,-0.0047812467572264719,0,-0.0052,0,0,-23
2174.375,0,158.58078002929688,0,0,-158.58078002929688,0,-0.0047821611708090284,0,-0.0046,0,0,-23
2174.5,0,158.58078002929688,0,0,-158.58078002929688,0,-0.0047830585245951206,0,-0.0046,0,0,-23
2174.625,0,158.5845947265625,0,0.030517578125,-158.5845947265625,0,-0.0047843696973004944,0,-0.0054,0,0,-23
2174.75,0,158.58078002929688,0,-0.030517578125,-158.58078002929688,0,-0.0047847974549378551,0,-0.0036,0,0,-23
2174.875,0,158.58078002929688,0,0,-158.58078002929688,0,-0.0047856456247753294,0,-0.0042,0,0,-23
2175,0,158.58078002929688,0,0,-158.58078002929688,0,-0.0047864779706956288,0,-0.0048,0,0,-23
2175.125,0,158.58078002929688,0,0,-158.58078002929688,0,-0.0047872947879183461,0,-0.0048,0,0,-23
2175.25,0,158.58078002929688,0,0,-158.58078002929688,0,-0.0047880963661552983,0,-0.004,0,0,-23
2175.375,0,158.57696533203125,0,-0.030517578125,-158.57696533203125,0,-0.0047884524292743681,0,-0.0052,0,0,-23
2175.5,0,158.58078002929688,0,0.030517578125,-158.58078002929688,0,-0.0047896608026043426,0,-0.004,0,0,-23
2175.625,0,158.58078002929688,0,0,-158.58078002929688,0,-0.0047904182391862015,0,-0.0042,0,0,-23
2175.75,0,158.58078002929688,0,0,-158.58078002929688,0,-0.0047911615446197837,0,-0.0054,0,0,-23
2175.875,0,158.57696533203125,0,-0.030517578125,-158.57696533203125,0,-0.0047914604221045536,0,-0.005,0,0,-23
2176,0,158.5845947265625,0,0.06103515625,-158.5845947265625,0,-0.0047930432371253995,0,-0.0052,0,0,-23
2176.125,0,158.57696533203125,0,-0.06103515625,-158.57696533203125,0,-0.0047928786160538,0,-0.0036,0,0,-23
2176.25,0,158.57696533203125,0,0,-158.57696533203125,0,-0.0047935738516002007,0,-0.0042,0,0,-23
2176.375,0,158.57315063476563,0,-0.030517578125,-158.57315063476563,0,-0.00479382555601571,0,-0.0048,0,0,-23
2176.5,0,158.58078002929688,0,0.06103515625,-158.58078002929688,0,-0.0047953620780536972,0,-0.006,0,0,-23
2176.625,0,158.58078002929688,0,0,-158.58078002929688,0,-0.004796013148544098,0,-0.0056,0,0,-23
2176.75,0,158.57315063476563,0,-0.06103515625,-158.57315063476563,0,-0.0047957909514319682,0,-0.004,0,0,-23
2176.875,0,158.58078002929688,0,0.06103515625,-158.58078002929688,0,-0.0047972908059855561,0,-0.0042,0,0,-23
2177,0,158.57696533203125,0,-0.030517578125,-158.57696533203125,0,-0.00479747533264115,0,-0.005,0,0,-23
2177.125,0,158.58078002929688,0,0.030517578125,-158.58078002929688,0,-0.0047985153697850816,0,-0.0038,0,0,-23
2177.25,0,158.5693359375,0,-0.091552734375,-158.5693359375,0,-0.00479781592943547,0,-0.0042,0,0,-23
2177.375,0,158.57696533203125,0,0.06103515625,-158.57696533203125,0,-0.0047992758371395734,0,-0.0048,0,0,-23
2177.5,0,158.58078002929688,0,0.030517578125,-158.58078002929688,0,-0.0048002822830936305,0,-0.005,0,0,-24
2177.625,0,158.58078002929688,0,0,-158.58078002929688,0,-0.0048008415595663743,0,-0.0044,0,0,-24
2177.75,0,158.58078002929688,0,0,-158.58078002929688,0,-0.0048013904018734685,0,-0.0054,0,0,-24
2177.875,0,158.58078002929688,0,0,-158.58078002929688,0,-0.0048019290046803758,0,-0.0036,0,0,-24
2178,0,158.58078002929688,0,0,-158.58078002929688,0,-0.0048024575590207728,0,-0.0044,0,0,-24
2178.125,0,158.58078002929688,0,0,-158.58078002929688,0,-0.0048029762523643087,0,-0.0042,0,0,-24
2178.25,0,158.5693359375,0,-0.091552734375,-158.5693359375,0,-0.0048021935873663506,0,-0.005,0,0,-24
2178.375,0,158.57696533203125,0,0.06103515625,-158.57696533203125,0,-0.00480357182310635,0,-0.0044,0,0,-24
2178.5,0,158.57315063476563,0,-0.030517578125,-158.57315063476563,0,-0.0048036369999349959,0,-0.004,0,0,-24
2178.625,0,158.57696533203125,0,0.030517578125,-158.57696533203125,0,-0.00480455991390718,0,-0.005,0,0,-24
2178.75,0,158.57315063476563,0,-0.030517578125,-158.57315063476563,0,-0.0048046066563771596,0,-0.0064,0,0,-24
2178.875,0,158.57696533203125,0,0.030517578125,-158.57696533203125,0,-0.0048055114799120859,0,-0.0048,0,0,-24
2179,0,158.58078002929688,0,0.030517578125,-158.58078002929688,0,-0.00480640159032766,0,-0.0042,0,0,-24
2179.125,0,158.57696533203125,0,-0.030517578125,-158.57696533203125,0,-0.0048064161412420025,0,-0.0052,0,0,-24
2179.25,0,158.57315063476563,0,-0.030517578125,-158.57315063476563,0,-0.0048064282529266047,0,-0.0054,0,0,-24
2179.375,0,158.57315063476563,0,0,-158.57315063476563,0,-0.0048068685313279787,0,-0.004,0,0,-24
2179.5,0,158.5693359375,0,-0.030517578125,-158.5693359375,0,-0.0048068700352174414,0,-0.0046,0,0,-24
2179.625,0,158.5693359375,0,0,-158.5693359375,0,-0.0048072999037284628,0,-0.0042,0,0,-24
2179.75,0,158.57315063476563,0,0.030517578125,-158.57315063476563,0,-0.0048081523128179742,0,-0.0058,0,0,-24
2179.875,0,158.57315063476563,0,0,-158.57315063476563,0,-0.004808560426221584,0,-0.004,0,0,-24
2180,0,158.5693359375,0,-0.030517578125,-158.5693359375,0,-0.00480853036520095,0,-0.0048,0,0,-24
2180.125,0,158.57315063476563,0,0.030517578125,-158.57315063476563,0,-0.0048093598181329,0,-0.0048,0,0,-24
2180.25,0,158.56552124023438,0,-0.06103515625,-158.56552124023438,0,-0.0048088842827836622,0,-0.0052,0,0,-24
2180.375,0,158.57696533203125,0,0.091552734375,-158.57696533203125,0,-0.0048105660859548123,0,-0.004,0,0,-24
2180.5,0,158.56552124023438,0,-0.091552734375,-158.56552124023438,0,-0.0048096396531389606,0,-0.0046,0,0,-24
2180.625,0,158.56552124023438,0,0,-158.56552124023438,0,-0.0048100156823937326,0,-0.004,0,0,-24
2180.75,0,158.56552124023438,0,0,-158.56552124023438,0,-0.0048103846962424856,0,-0.0052,0,0,-24
2180.875,0,158.5693359375,0,0.030517578125,-158.5693359375,0,-0.0048111773860073578,0,-0.0048,0,0,-24
2181,0,158.56170654296875,0,-0.06103515625,-158.56170654296875,0,-0.0048106657733646523,0,-0.005,0,0,-24
2181.125,0,158.55789184570313,0,-0.030517578125,-158.55789184570313,0,-0.0048105899305642564,0,-0.0044,0,0,-24
2181.25,0,158.56552124023438,0,0.06103515625,-158.56552124023438,0,-0.004811805016285111,0,-0.0044,0,0,-24
2181.375,0,158.5693359375,0,0.030517578125,-158.5693359375,0,-0.0048125712077878146,0,-0.0046,0,0,-24
2181.5,0,158.56170654296875,0,-0.06103515625,-158.56170654296875,0,-0.0048120335912489112,0,-0.0052,0,0,-24
2181.625,0,158.56552124023438,0,0.030517578125,-158.56552124023438,0,-0.0048127933505729631,0,-0.0054,0,0,-24
2181.75,0,158.55789184570313,0,-0.06103515625,-158.55789184570313,0,-0.0048122494218576272,0,-0.005,0,0,-24
2181.875,0,158.55789184570313,0,0,-158.55789184570313,0,-0.0048125724263297191,0,-0.005,0,0,-24
2182,0,158.56552124023438,0,0.06103515625,-158.56552124023438,0,-0.0048137505255327713,0,-0.0054,0,0,-24
2182.125,0,158.55789184570313,0,-0.06103515625,-158.55789184570313,0,-0.0048131887392414913,0,-0.0044,0,0,-24
2182.25,0,158.5540771484375,0,-0.030517578125,-158.5540771484375,0,-0.0048130636588593579,0,-0.005,0,0,-24
2182.375,0,158.56552124023438,0,0.091552734375,-158.56552124023438,0,-0.0048146609860404569,0,-0.0044,0,0,-24
2182.5,0,158.55789184570313,0,-0.06103515625,-158.55789184570313,0,-0.0048140822137034247,0,-0.0048,0,0,-24
2182.625,0,158.56170654296875,0,0.030517578125,-158.56170654296875,0,-0.0048148015850542651,0,-0.0058,0,0,-24
2182.75,0,158.5540771484375,0,-0.06103515625,-158.5540771484375,0,-0.0048142180218656858,0,-0.0034,0,0,-24
2182.875,0,158.55789184570313,0,0.030517578125,-158.55789184570313,0,-0.0048149326917457077,0,-0.0048,0,0,-24
2183,0,158.55789184570313,0,0,-158.55789184570313,0,-0.0048152056356773366,0,-0.0046,0,0,-24
2183.125,0,158.55789184570313,0,0,-158.55789184570313,0,-0.0048154734874187267,0,-0.0052,0,0,-24
2183.25,0,158.55789184570313,0,0,-158.55789184570313,0,-0.0048157363419725442,0,-0.0046,0,0,-24
2183.375,0,158.56170654296875,0,0.030517578125,-158.56170654296875,0,-0.0048164248530079478,0,-0.0038,0,0,-24
2183.5,0,158.56170654296875,0,0,-158.56170654296875,0,-0.0048166721261285687,0,-0.0048,0,0,-24
2183.625,0,158.56170654296875,0,0,-158.56170654296875,0,-0.0048169147859875444,0,-0.005,0,0,-24
2183.75,0,158.56170654296875,0,0,-158.56170654296875,0,-0.0048171529186523893,0,-0.0046,0,0,-24
2183.875,0,158.55789184570313,0,-0.030517578125,-158.55789184570313,0,-0.0048169560481459827,0,-0.0036,0,0,-24
2184,0,158.55789184570313,0,0,-158.55789184570313,0,-0.0048171912432416128,0,-0.0054,0,0,-24
2184.125,0,158.55789184570313,0,0,-158.55789184570313,0,-0.0048174220504097909,0,-0.0054,0,0,-24
2184.25,0,158.56170654296875,0,0.030517578125,-158.56170654296875,0,-0.0048180791119529888,0,-0.005,0,0,-24
2184.375,0,158.5540771484375,0,-0.06103515625,-158.5540771484375,0,-0.0048174344014423835,0,-0.0044,0,0,-24
2184.5,0,158.55789184570313,0,0.030517578125,-158.55789184570313,0,-0.0048180890647980309,0,-0.0052,0,0,-24
2184.625,0,158.56170654296875,0,0.030517578125,-158.56170654296875,0,-0.00481873368215851,0,-0.0054,0,0,-24
2184.75,0,158.55789184570313,0,-0.030517578125,-158.55789184570313,0,-0.0048185073200695339,0,-0.005,0,0,-24
2184.875,0,158.55789184570313,0,0,-158.55789184570313,0,-0.0048187135737935774,0,-0.0038,0,0,-24
2185,0,158.55789184570313,0,0,-158.55789184570313,0,-0.004818915979536118,0,-0.0036,0,0,-24
2185.125,0,158.55789184570313,0,0,-158.55789184570313,0,-0.004819114609087188,0,-0.0046,0,0,-24
2185.25,0,158.55789184570313,0,0,-158.55789184570313,0,-0.0048193095328974665,0,-0.0044,0,0,-24
2185.375,0,158.5540771484375,0,-0.030517578125,-158.5540771484375,0,-0.00481907025966435,0,-0.0052,0,0,-24
2185.5,0,158.56170654296875,0,0.06103515625,-158.56170654296875,0,-0.0048201249639993971,0,-0.0042,0,0,-24
2185.625,0,158.55789184570313,0,-0.030517578125,-158.55789184570313,0,-0.0048198726454007157,0,-0.0046,0,0,-24
2185.75,0,158.56170654296875,0,0.030517578125,-158.56170654296875,0,-0.0048204839873127112,0,-0.005,0,0,-24
2185.875,0,158.5540771484375,0,-0.06103515625,-158.5540771484375,0,-0.004819794410141175,0,-0.0054,0,0,-24
2186,0,158.55789184570313,0,0.030517578125,-158.55789184570313,0,-0.0048204050438926879,0,-0.0042,0,0,-24
2186.125,0,158.55789184570313,0,0,-158.55789184570313,0,-0.0048205758926503292,0,-0.0052,0,0,-24
2186.25,0,158.5540771484375,0,-0.030517578125,-158.5540771484375,0,-0.0048203129935218336,0,-0.0048,0,0,-24
2186.375,0,158.55789184570313,0,0.030517578125,-158.55789184570313,0,-0.0048209139523001255,0,-0.0036,0,0,-24
2186.5,0,158.56170654296875,0,0.030517578125,-158.56170654296875,0,-0.0048215058670250145,0,-0.0058,0,0,-24
2186.625,0,158.55026245117188,0,-0.091552734375,-158.55026245117188,0,-0.0048203666646716107,0,-0.0042,0,0,-24
2186.75,0,158.55026245117188,0,0,-158.55026245117188,0,-0.00482053389393289,0,-0.0056,0,0,-24
2186.875,0,158.55789184570313,0,0.06103515625,-158.55789184570313,0,-0.0048215591241520719,0,-0.0048,0,0,-24
2187,0,158.55789184570313,0,0,-158.55789184570313,0,-0.00482170844176155,0,-0.0044,0,0,-24
2187.125,0,158.55789184570313,0,0,-158.55789184570313,0,-0.004821854973620603,0,-0.0046,0,0,-24
2187.25,0,158.55789184570313,0,0,-158.55789184570313,0,-0.0048219987717017044,0,-0.004,0,0,-24
2187.375,0,158.56552124023438,0,0.06103515625,-158.56552124023438,0,-0.0048230010078855337,0,-0.005,0,0,-24
2187.5,0,158.55789184570313,0,-0.06103515625,-158.55789184570313,0,-0.004822266639571038,0,-0.0044,0,0,-24
2187.625,0,158.55789184570313,0,0,-158.55789184570313,0,-0.0048224027573885693,0,-0.0042,0,0,-24
2187.75,0,158.55789184570313,0,0,-158.55789184570313,0,-0.0048225363357181639,0,-0.0038,0,0,-24
2187.875,0,158.56552124023438,0,0.06103515625,-158.56552124023438,0,-0.0048235285428157217,0,-0.0052,0,0,-24
2188,0,158.56552124023438,0,0,-158.56552124023438,0,-0.0048236454534008686,0,-0.0054,0,0,-24
2188.125,0,158.56170654296875,0,-0.030517578125,-158.56170654296875,0,-0.0048233296223997189,0,-0.0044,0,0,-24
2188.25,0,158.56170654296875,0,0,-158.56170654296875,0,-0.0048234480763922095,0,-0.0048,0,0,-24
2188.375,0,158.55789184570313,0,-0.030517578125,-158.55789184570313,0,-0.0048231337600037642,0,-0.0048,0,0,-24
2188.5,0,158.55789184570313,0,0,-158.55789184570313,0,-0.004823253700351522,0,-0.004,0,0,-24
2188.625,0,158.56170654296875,0,0.030517578125,-158.56170654296875,0,-0.00482380196346592,0,-0.0054,0,0,-24
2188.75,0,158.56170654296875,0,0,-158.56170654296875,0,-0.0048239116052069255,0,-0.004,0,0,-24
2188.875,0,158.55789184570313,0,-0.030517578125,-158.55789184570313,0,-0.0048235886409731454,0,-0.0054,0,0,-24
2189,0,158.55789184570313,0,0,-158.55789184570313,0,-0.0048237000948144681,0,-0.0044,0,0,-24
2189.125,0,158.55789184570313,0,0,-158.55789184570313,0,-0.00482380946931239,0,-0.0056,0,0,-24
2189.25,0,158.55789184570313,0,0,-158.55789184570313,0,-0.0048239168032602718,0,-0.0044,0,0,-24
2189.375,0,158.55789184570313,0,0,-158.55789184570313,0,-0.0048240221347277228,0,-0.004,0,0,-24
2189.5,0,158.55789184570313,0,0,-158.55789184570313,0,-0.0048241255010741061,0,-0.0044,0,0,-24
2189.625,0,158.55789184570313,0,0,-158.55789184570313,0,-0.0048242269389617868,0,-0.005,0,0,-24
2189.75,0,158.56170654296875,0,0.030517578125,-158.56170654296875,0,-0.0048247570448080521,0,-0.0048,0,0,-24
2189.875,0,158.55789184570313,0,-0.030517578125,-158.55789184570313,0,-0.0048244183075938684,0,-0.0044,0,0,-24
2190,0,158.56170654296875,0,0.030517578125,-158.56170654296875,0,-0.0048249448431629911,0,-0.005,0,0,-24
2190.125,0,158.55789184570313,0,-0.030517578125,-158.55789184570313,0,-0.004824602602280694,0,-0.0054,0,0,-24
2190.25,0,158.56552124023438,0,0.06103515625,-158.56552124023438,0,-0.004825556259986959,0,-0.0048,0,0,-24
2190.375,0,158.5540771484375,0,-0.091552734375,-158.5540771484375,0,-0.0048243436590624453,0,-0.0048,0,0,-24
2190.5,0,158.56170654296875,0,0.06103515625,-158.56170654296875,0,-0.00482529997999405,0,-0.0046,0,0,-24
2190.625,0,158.55789184570313,0,-0.030517578125,-158.55789184570313,0,-0.004824951113486139,0,-0.0044,0,0,-24
2190.75,0,158.56170654296875,0,0.030517578125,-158.56170654296875,0,-0.0048254677087391394,0,-0.0052,0,0,-24
2190.875,0,158.55789184570313,0,-0.030517578125,-158.55789184570313,0,-0.0048251157129926567,0,-0.004,0,0,-24
2191,0,158.56552124023438,0,0.06103515625,-158.56552124023438,0,-0.00482605979782678,0,-0.0034,0,0,-24
2191.125,0,158.56170654296875,0,-0.030517578125,-158.56170654296875,0,-0.004825698923504658,0,-0.0048,0,0,-24
2191.25,0,158.55789184570313,0,-0.030517578125,-158.55789184570313,0,-0.0048253426140899246,0,-0.0042,0,0,-24
2191.375,0,158.56552124023438,0,0.06103515625,-158.56552124023438,0,-0.0048262824657339352,0,-0.0046,0,0,-24
2191.5,0,158.56170654296875,0,-0.030517578125,-158.56170654296875,0,-0.0048259174371983937,0,-0.0048,0,0,-24
2191.625,0,158.56170654296875,0,0,-158.56170654296875,0,-0.0048259876115124166,0,-0.0046,0,0,-24
2191.75,0,158.56170654296875,0,0,-158.56170654296875,0,-0.0048260564766163215,0,-0.0048,0,0,-24
2191.875,0,158.56170654296875,0,0,-158.56170654296875,0,-0.0048261240569354436,0,-0.004,0,0,-24
2192,0,158.56552124023438,0,0.030517578125,-158.56552124023438,0,-0.004826620936878346,0,-0.0052,0,0,-24
2192.125,0,158.55789184570313,0,-0.06103515625,-158.55789184570313,0,-0.0048258190332023795,0,-0.0044,0,0,-24
2192.25,0,158.56170654296875,0,0.030517578125,-158.56170654296875,0,-0.0048263194360737387,0,-0.0046,0,0,-24
2192.375,0,158.56170654296875,0,0,-158.56170654296875,0,-0.0048263821104783952,0,-0.0054,0,0,-24
2192.5,0,158.56170654296875,0,0,-158.56170654296875,0,-0.0048264436155953166,0,-0.005,0,0,-24
2192.625,0,158.55789184570313,0,-0.030517578125,-158.55789184570313,0,-0.0048260734128004572,0,-0.0046,0,0,-24
2192.75,0,158.56170654296875,0,0.030517578125,-158.56170654296875,0,-0.0048265690698278676,0,-0.0048,0,0,-24
2192.875,0,158.56170654296875,0,0,-158.56170654296875,0,-0.004826627086929618,0,-0.0034,0,0,-24
2193,0,158.56170654296875,0,0,-158.56170654296875,0,-0.0048266840216328053,0,-0.0058,0,0,-24
2193.125,0,158.55789184570313,0,-0.030517578125,-158.55789184570313,0,-0.0048263093336923324,0,-0.0052,0,0,-24
2193.25,0,158.55789184570313,0,0,-158.55789184570313,0,-0.0048263700288125287,0,-0.0044,0,0,-24
2193.375,0,158.56170654296875,0,0.030517578125,-158.56170654296875,0,-0.0048268601520105089,0,-0.005,0,0,-24
2193.5,0,158.55789184570313,0,-0.030517578125,-158.55789184570313,0,-0.0048264821780860442,0,-0.004,0,0,-24
2193.625,0,158.56552124023438,0,0.06103515625,-158.56552124023438,0,-0.0048274007694051836,0,-0.004,0,0,-24
2193.75,0,158.55789184570313,0,-0.06103515625,-158.55789184570313,0,-0.0048265843167500265,0,-0.004,0,0,-24
2193.875,0,158.56552124023438,0,0.06103515625,-158.56552124023438,0,-0.0048275010025147736,0,-0.0036,0,0,-24
2194,0,158.56552124023438,0,0,-158.56552124023438,0,-0.0048275438007341154,0,-0.0056,0,0,-24
2194.125,0,158.55789184570313,0,-0.06103515625,-158.55789184570313,0,-0.0048267246796087973,0,-0.0046,0,0,-24
2194.25,0,158.55789184570313,0,0,-158.55789184570313,0,-0.0048267776258099793,0,-0.0044,0,0,-24
2194.375,0,158.56170654296875,0,0.030517578125,-158.56170654296875,0,-0.0048272601446569877,0,-0.0054,0,0,-24
2194.5,0,158.5540771484375,0,-0.06103515625,-158.5540771484375,0,-0.0048264441478135358,0,-0.0046,0,0,-24
2194.625,0,158.55789184570313,0,0.030517578125,-158.55789184570313,0,-0.0048269307204471968,0,-0.0048,0,0,-24
2194.75,0,158.56552124023438,0,0.06103515625,-158.56552124023438,0,-0.0048278409435164185,0,-0.0046,0,0,-24
2194.875,0,158.56170654296875,0,-0.030517578125,-158.56170654296875,0,-0.0048274468391728727,0,-0.0044,0,0,-24
2195,0,158.55789184570313,0,-0.030517578125,-158.55789184570313,0,-0.0048270579196940449,0,-0.0044,0,0,-24
2195.125,0,158.55789184570313,0,0,-158.55789184570313,0,-0.0048271046487871954,0,-0.005,0,0,-24
2195.25,0,158.56170654296875,0,0.030517578125,-158.56170654296875,0,-0.0048275810665159161,0,-0.005,0,0,-24
2195.375,0,158.56170654296875,0,0,-158.56170654296875,0,-0.0048276202032577833,0,-0.0046,0,0,-24
2195.5,0,158.55789184570313,0,-0.030517578125,-158.55789184570313,0,-0.0048272280494044235,0,-0.0054,0,0,-24
2195.625,0,158.56170654296875,0,0.030517578125,-158.56170654296875,0,-0.0048277021649042037,0,-0.0052,0,0,-24
2195.75,0,158.56170654296875,0,0,-158.56170654296875,0,-0.004827739042368764,0,-0.0056,0,0,-24
2195.875,0,158.56170654296875,0,0,-158.56170654296875,0,-0.0048277752318273155,0,-0.0042,0,0,-24
2196,0,158.56170654296875,0,0,-158.56170654296875,0,-0.0048278107461156711,0,-0.0044,0,0,-24
2196.125,0,158.56552124023438,0,0.030517578125,-158.56552124023438,0,-0.0048282761582690934,0,-0.0052,0,0,-24
2196.25,0,158.56170654296875,0,-0.030517578125,-158.56170654296875,0,-0.0048278739343227328,0,-0.0046,0,0,-24
2196.375,0,158.55789184570313,0,-0.030517578125,-158.55789184570313,0,-0.00482747704672481,0,-0.0058,0,0,-24
2196.5,0,158.56170654296875,0,0.030517578125,-158.56170654296875,0,-0.0048279465167953371,0,-0.0044,0,0,-24
2196.625,0,158.56170654296875,0,0,-158.56170654296875,0,-0.0048279788354982957,0,-0.0054,0,0,-24
2196.75,0,158.56170654296875,0,0,-158.56170654296875,0,-0.0048280105512459775,0,-0.004,0,0,-24
2196.875,0,158.56170654296875,0,0,-158.56170654296875,0,-0.0048280416752874439,0,-0.0044,0,0,-24
2197,0,158.5540771484375,0,-0.06103515625,-158.5540771484375,0,-0.0048272110977840574,0,-0.0046,0,0,-24
2197.125,0,158.56552124023438,0,0.091552734375,-158.56552124023438,0,-0.00482854448266033,0,-0.0048,0,0,-24
2197.25,0,158.55789184570313,0,-0.06103515625,-158.55789184570313,0,-0.0048277066922694711,0,-0.0052,0,0,-24
2197.375,0,158.55789184570313,0,0,-158.55789184570313,0,-0.0048277413175090711,0,-0.0046,0,0,-24
2197.5,0,158.55789184570313,0,0,-158.55789184570313,0,-0.0048277752967613935,0,-0.0046,0,0,-24
2197.625,0,158.5540771484375,0,-0.030517578125,-158.5540771484375,0,-0.0048273780816394125,0,-0.0046,0,0,-24
2197.75,0,158.55789184570313,0,0.030517578125,-158.55789184570313,0,-0.0048278472302963477,0,-0.0042,0,0,-24
2197.875,0,158.5540771484375,0,-0.030517578125,-158.5540771484375,0,-0.0048274486731432675,0,-0.0036,0,0,-24
2198,0,158.56170654296875,0,0.06103515625,-158.56170654296875,0,-0.004828347065245678,0,-0.0034,0,0,-24
2198.125,0,158.55789184570313,0,-0.030517578125,-158.55789184570313,0,-0.0048279413506602739,0,-0.0054,0,0,-24
2198.25,0,158.55789184570313,0,0,-158.55789184570313,0,-0.0048279715979854792,0,-0.0044,0,0,-24
2198.375,0,158.5540771484375,0,-0.030517578125,-158.5540771484375,0,-0.00482757072056124,0,-0.0044,0,0,-24
2198.5,0,158.55789184570313,0,0.030517578125,-158.55789184570313,0,-0.0048280362752418163,0,-0.004,0,0,-24
2198.625,0,158.5540771484375,0,-0.030517578125,-158.5540771484375,0,-0.0048276341911635528,0,-0.005,0,0,-24
2198.75,0,158.55026245117188,0,-0.030517578125,-158.55026245117188,0,-0.004827237440824265,0,-0.0048,0,0,-24
2198.875,0,158.55026245117188,0,0,-158.55026245117188,0,-0.0048272764851537454,0,-0.0054,0,0,-24
2199,0,158.5540771484375,0,0.030517578125,-158.5540771484375,0,-0.0048277453614899244,0,-0.0056,0,0,-24
2199.125,0,158.55026245117188,0,-0.030517578125,-158.55026245117188,0,-0.0048273465370966455,0,-0.0048,0,0,-24
2199.25,0,158.5540771484375,0,0.030517578125,-158.5540771484375,0,-0.0048278141065057293,0,-0.004,0,0,-24
2199.375,0,158.5540771484375,0,0,-158.5540771484375,0,-0.0048278445600070125,0,-0.0044,0,0,-24
2199.5,0,158.55789184570313,0,0.030517578125,-158.55789184570313,0,-0.004828305005790152,0,-0.005,0,0,-24
2199.625,0,158.5540771484375,0,-0.030517578125,-158.5540771484375,0,-0.0048278979081288163,0,-0.005,0,0,-24
2199.75,0,158.55789184570313,0,0.030517578125,-158.55789184570313,0,-0.0048283573586204191,0,-0.0048,0,0,-24
2199.875,0,158.55026245117188,0,-0.06103515625,-158.55026245117188,0,-0.00482751872379733,0,-0.0048,0,0,-24
2200,0,158.55789184570313,0,0.06103515625,-158.55789184570313,0,-0.0048284136412367175,0,-0.004,0,0,-24
2200.125,0,158.56170654296875,0,0.030517578125,-158.56170654296875,0,-0.0048288656376913146,0,-0.0046,0,0,-24
2200.25,0,158.5540771484375,0,-0.06103515625,-158.5540771484375,0,-0.0048280196878977832,0,-0.0048,0,0,-24
2200.375,0,158.5540771484375,0,0,-158.5540771484375,0,-0.0048280463059609544,0,-0.0046,0,0,-24
2200.5,0,158.5540771484375,0,0,-158.5540771484375,0,-0.0048280724274230814,0,-0.0044,0,0,-24
2200.625,0,158.55789184570313,0,0.030517578125,-158.55789184570313,0,-0.0048285286219879389,0,-0.0046,0,0,-24
2200.75,0,158.55026245117188,0,-0.06103515625,-158.55026245117188,0,-0.0048276867919824426,0,-0.0044,0,0,-24
2200.875,0,158.54644775390625,0,-0.030517578125,-158.54644775390625,0,-0.0048272868925337362,0,-0.0048,0,0,-24
2201,0,158.55789184570313,0,0.091552734375,-158.55789184570313,0,-0.0048286145278220328,0,-0.0048,0,0,-24
2201.125,0,158.5540771484375,0,-0.030517578125,-158.5540771484375,0,-0.004828201655549552,0,-0.0052,0,0,-24
2201.25,0,158.5540771484375,0,0,-158.5540771484375,0,-0.0048282248787253753,0,-0.0046,0,0,-24
2201.375,0,158.55026245117188,0,-0.030517578125,-158.55026245117188,0,-0.0048278171081981,0,-0.0054,0,0,-24
2201.5,0,158.5540771484375,0,0.030517578125,-158.5540771484375,0,-0.0048282758983771218,0,-0.005,0,0,-24
2201.625,0,158.55026245117188,0,-0.030517578125,-158.55026245117188,0,-0.0048278671759995114,0,-0.0044,0,0,-24
2201.75,0,158.5540771484375,0,0.030517578125,-158.5540771484375,0,-0.0048283250320864356,0,-0.005,0,0,-24
2201.875,0,158.55026245117188,0,-0.030517578125,-158.55026245117188,0,-0.004827915393043657,0,-0.0058,0,0,-24
2202,0,158.5540771484375,0,0.030517578125,-158.5540771484375,0,-0.0048283723495672164,0,-0.0032,0,0,-24
2202.125,0,158.5540771484375,0,0,-158.5540771484375,0,-0.0048283923881827324,0,-0.0044,0,0,-24
2202.25,0,158.55789184570313,0,0.030517578125,-158.55789184570313,0,-0.00482884261338587,0,-0.0036,0,0,-24
2202.375,0,158.55789184570313,0,0,-158.55789184570313,0,-0.0048288560462641412,0,-0.0048,0,0,-24
2202.5,0,158.55789184570313,0,0,-158.55789184570313,0,-0.0048288692285313392,0,-0.0054,0,0,-24
2202.625,0,158.5540771484375,0,-0.030517578125,-158.5540771484375,0,-0.0048284516044240838,0,-0.0046,0,0,-24
2202.75,0,158.55026245117188,0,-0.030517578125,-158.55026245117188,0,-0.0048280396039790258,0,-0.0044,0,0,-24
2202.875,0,158.55026245117188,0,0,-158.55026245117188,0,-0.0048280636827169928,0,-0.004,0,0,-24
2203,0,158.55789184570313,0,0.06103515625,-158.55789184570313,0,-0.0048289484331067792,0,-0.0048,0,0,-24
2203.125,0,158.5540771484375,0,-0.030517578125,-158.5540771484375,0,-0.0048285293313159441,0,-0.0044,0,0,-24
2203.25,0,158.5540771484375,0,0,-158.5540771484375,0,-0.0048285464411946906,0,-0.0042,0,0,-24
2203.375,0,158.55026245117188,0,-0.030517578125,-158.55026245117188,0,-0.004828132671423329,0,-0.0046,0,0,-24
2203.5,0,158.56170654296875,0,0.091552734375,-158.56170654296875,0,-0.0048294466951612517,0,-0.004,0,0,-24
2203.625,0,158.55789184570313,0,-0.030517578125,-158.55789184570313,0,-0.0048290204652828737,0,-0.0036,0,0,-24
2203.75,0,158.55026245117188,0,-0.06103515625,-158.55026245117188,0,-0.00482816945918172,0,-0.0046,0,0,-24
2203.875,0,158.5540771484375,0,0.030517578125,-158.5540771484375,0,-0.00482862167570941,0,-0.005,0,0,-24
2204,0,158.55789184570313,0,0.030517578125,-158.55789184570313,0,-0.0048290676231999112,0,-0.0044,0,0,-24
2204.125,0,158.5540771484375,0,-0.030517578125,-158.5540771484375,0,-0.00482864629773396,0,-0.0044,0,0,-24
2204.25,0,158.55026245117188,0,-0.030517578125,-158.55026245117188,0,-0.0048282306649847645,0,-0.0058,0,0,-24
2204.375,0,158.55789184570313,0,0.06103515625,-158.55789184570313,0,-0.0048291123000626657,0,-0.0042,0,0,-24
2204.5,0,158.5540771484375,0,-0.030517578125,-158.5540771484375,0,-0.0048286901410808962,0,-0.0052,0,0,-24
2204.625,0,158.55789184570313,0,0.030517578125,-158.55789184570313,0,-0.00482913481124424,0,-0.0048,0,0,-24
2204.75,0,158.55789184570313,0,0,-158.55789184570313,0,-0.0048291427927205565,0,-0.005,0,0,-24
2204.875,0,158.55789184570313,0,0,-158.55789184570313,0,-0.0048291506252901165,0,-0.0036,0,0,-24
2205,0,158.56170654296875,0,0.030517578125,-158.56170654296875,0,-0.0048295888721699171,0,-0.0052,0,0,-24
2205.125,0,158.55789184570313,0,-0.030517578125,-158.55789184570313,0,-0.0048291599897600408,0,-0.0042,0,0,-24
2205.25,0,158.5540771484375,0,-0.030517578125,-158.5540771484375,0,-0.0048287369410533743,0,-0.005,0,0,-24
2205.375,0,158.55789184570313,0,0.030517578125,-158.55789184570313,0,-0.0048291807380910117,0,-0.0044,0,0,-24
2205.5,0,158.56170654296875,0,0.030517578125,-158.56170654296875,0,-0.0048296184231700432,0,-0.0048,0,0,-24
2205.625,0,158.5540771484375,0,-0.06103515625,-158.5540771484375,0,-0.0048287584290017411,0,-0.0046,0,0,-24
2205.75,0,158.55789184570313,0,0.030517578125,-158.55789184570313,0,-0.0048292018251485424,0,-0.0052,0,0,-24
2205.875,0,158.56170654296875,0,0.030517578125,-158.56170654296875,0,-0.0048296391168159746,0,-0.0048,0,0,-24
2206,0,158.55789184570313,0,-0.030517578125,-158.55789184570313,0,-0.0048292092970146907,0,-0.0046,0,0,-24
2206.125,0,158.5540771484375,0,-0.030517578125,-158.5540771484375,0,-0.0048287853284051,0,-0.0046,0,0,-24
2206.25,0,158.55789184570313,0,0.030517578125,-158.55789184570313,0,-0.0048292282227020223,0,-0.0054,0,0,-24
2206.375,0,158.5540771484375,0,-0.030517578125,-158.5540771484375,0,-0.0048288039010045292,0,-0.0058,0,0,-24
2206.5,0,158.55026245117188,0,-0.030517578125,-158.55026245117188,0,-0.004828385327923115,0,-0.0054,0,0,-24
2206.625,0,158.5540771484375,0,0.030517578125,-158.5540771484375,0,-0.0048288335170863159,0,-0.0044,0,0,-24
2206.75,0,158.5540771484375,0,0,-158.5540771484375,0,-0.00482884495191011,0,-0.004,0,0,-24
2206.875,0,158.55789184570313,0,0.030517578125,-158.55789184570313,0,-0.004829286733838538,0,-0.005,0,0,-24
2207,0,158.54644775390625,0,-0.091552734375,-158.54644775390625,0,-0.0048280001996476715,0,-0.0048,0,0,-24
2207.125,0,158.5540771484375,0,0.06103515625,-158.5540771484375,0,-0.0048288839666520977,0,-0.0054,0,0,-24
2207.25,0,158.55026245117188,0,-0.030517578125,-158.55026245117188,0,-0.0048284638998224742,0,-0.0056,0,0,-24
2207.375,0,158.55026245117188,0,0,-158.55026245117188,0,-0.0048284800626667273,0,-0.0048,0,0,-24
2207.5,0,158.55026245117188,0,0,-158.55026245117188,0,-0.0048284959239681792,0,-0.0052,0,0,-24
2207.625,0,158.5540771484375,0,0.030517578125,-158.5540771484375,0,-0.0048289420497914922,0,-0.0046,0,0,-24
2207.75,0,158.55026245117188,0,-0.030517578125,-158.55026245117188,0,-0.004828520899331272,0,-0.0058,0,0,-24
2207.875,0,158.5540771484375,0,0.030517578125,-158.5540771484375,0,-0.0048289665592006464,0,-0.0044,0,0,-24
2208,0,158.5540771484375,0,0,-158.5540771484375,0,-0.0048289755119184938,0,-0.0046,0,0,-24
2208.125,0,158.56170654296875,0,0.06103515625,-158.56170654296875,0,-0.0048298454184874037,0,-0.0048,0,0,-24
2208.25,0,158.56170654296875,0,0,-158.56170654296875,0,-0.0048298423102489975,0,-0.005,0,0,-24
2208.375,0,158.55789184570313,0,-0.030517578125,-158.55789184570313,0,-0.0048294086995606623,0,-0.0064,0,0,-24
2208.5,0,158.5540771484375,0,-0.030517578125,-158.5540771484375,0,-0.0048289810107888676,0,-0.004,0,0,-24
2208.625,0,158.56170654296875,0,0.06103515625,-158.56170654296875,0,-0.0048298508147678653,0,-0.007,0,0,-24
2208.75,0,158.5540771484375,0,-0.06103515625,-158.5540771484375,0,-0.00482898648497569,0,-0.0054,0,0,-24
2208.875,0,158.55026245117188,0,-0.030517578125,-158.55026245117188,0,-0.0048285645055085383,0,-0.0042,0,0,-24
2209,0,158.5540771484375,0,0.030517578125,-158.5540771484375,0,-0.0048290093518373843,0,-0.0036,0,0,-24
2209.125,0,158.5540771484375,0,0,-158.5540771484375,0,-0.0048290175061925572,0,-0.0054,0,0,-24
2209.25,0,158.55789184570313,0,0.030517578125,-158.55789184570313,0,-0.0048294560688545681,0,-0.005,0,0,-24
2209.375,0,158.5540771484375,0,-0.030517578125,-158.5540771484375,0,-0.0048290274963354975,0,-0.0044,0,0,-24
2209.5,0,158.55789184570313,0,0.030517578125,-158.55789184570313,0,-0.0048294658726159749,0,-0.0048,0,0,-24
2209.625,0,158.5540771484375,0,-0.030517578125,-158.5540771484375,0,-0.0048290371171926067,0,-0.004,0,0,-24
2209.75,0,158.5540771484375,0,0,-158.5540771484375,0,-0.0048290447535422323,0,-0.0046,0,0,-24
2209.875,0,158.55789184570313,0,0.030517578125,-158.55789184570313,0,-0.0048294828078628881,0,-0.0048,0,0,-24
2210,0,158.5540771484375,0,-0.030517578125,-158.5540771484375,0,-0.0048290537364863552,0,-0.0048,0,0,-24
2210.125,0,158.55789184570313,0,0.030517578125,-158.55789184570313,0,-0.0048294916232163258,0,-0.0042,0,0,-24
2210.25,0,158.5540771484375,0,-0.030517578125,-158.5540771484375,0,-0.0048290623873757706,0,-0.005,0,0,-24
2210.375,0,158.55789184570313,0,0.030517578125,-158.55789184570313,0,-0.00482950011271005,0,-0.0048,0,0,-24
2210.5,0,158.56170654296875,0,0.030517578125,-158.56170654296875,0,-0.0048299318393627191,0,-0.0048,0,0,-24
2210.625,0,158.55789184570313,0,-0.030517578125,-158.55789184570313,0,-0.00482949655837061,0,-0.0052,0,0,-24
2210.75,0,158.55026245117188,0,-0.06103515625,-158.55026245117188,0,-0.00482863667001822,0,-0.0048,0,0,-24
2210.875,0,158.55789184570313,0,0.06103515625,-158.55789184570313,0,-0.004829510730445693,0,-0.0046,0,0,-24
2211,0,158.5540771484375,0,-0.030517578125,-158.5540771484375,0,-0.0048290811381302883,0,-0.0042,0,0,-24
2211.125,0,158.56170654296875,0,0.06103515625,-158.56170654296875,0,-0.00482994907407922,0,-0.0042,0,0,-24
2211.25,0,158.5540771484375,0,-0.06103515625,-158.5540771484375,0,-0.0048290829111079618,0,-0.0042,0,0,-24
2211.375,0,158.5540771484375,0,0,-158.5540771484375,0,-0.0048290896931014286,0,-0.005,0,0,-24
2211.5,0,158.5540771484375,0,0,-158.5540771484375,0,-0.0048290963485663422,0,-0.005,0,0,-24
2211.625,0,158.56170654296875,0,0.06103515625,-158.56170654296875,0,-0.0048299640007411172,0,-0.005,0,0,-24
2211.75,0,158.55789184570313,0,-0.030517578125,-158.55789184570313,0,-0.0048295281197288636,0,-0.0044,0,0,-24
2211.875,0,158.5540771484375,0,-0.030517578125,-158.5540771484375,0,-0.0048290982029895475,0,-0.0056,0,0,-24
2212,0,158.55026245117188,0,-0.030517578125,-158.55026245117188,0,-0.0048286741392504495,0,-0.0048,0,0,-24
2212.125,0,158.5540771484375,0,0.030517578125,-158.5540771484375,0,-0.0048291169401926586,0,-0.0032,0,0,-24
2212.25,0,158.5540771484375,0,0,-158.5540771484375,0,-0.0048291230873210387,0,-0.0046,0,0,-24
2212.375,0,158.55789184570313,0,0.030517578125,-158.55789184570313,0,-0.00482955968020417,0,-0.0046,0,0,-24
2212.5,0,158.5540771484375,0,-0.030517578125,-158.5540771484375,0,-0.0048291291746554842,0,-0.0052,0,0,-24
2212.625,0,158.55789184570313,0,0.030517578125,-158.55789184570313,0,-0.0048295656539699972,0,-0.0038,0,0,-24
2212.75,0,158.55789184570313,0,0,-158.55789184570313,0,-0.0048295655974104077,0,-0.0042,0,0,-24
2212.875,0,158.55789184570313,0,0,-158.55789184570313,0,-0.0048295655419060253,0,-0.0046,0,0,-24
2213,0,158.5540771484375,0,-0.030517578125,-158.5540771484375,0,-0.0048291349269982461,0,-0.0054,0,0,-24
2213.125,0,158.55789184570313,0,0.030517578125,-158.55789184570313,0,-0.0048295712989939281,0,-0.005,0,0,-24
2213.25,0,158.5540771484375,0,-0.030517578125,-158.5540771484375,0,-0.00482914057667879,0,-0.0048,0,0,-24
2213.375,0,158.56170654296875,0,0.06103515625,-158.56170654296875,0,-0.0048300074037098762,0,-0.0046,0,0,-24
2213.5,0,158.55789184570313,0,-0.030517578125,-158.55789184570313,0,-0.004829570712948263,0,-0.0046,0,0,-24
2213.625,0,158.55789184570313,0,0,-158.55789184570313,0,-0.0048295705620056278,0,-0.0046,0,0,-24
2213.75,0,158.55789184570313,0,0,-158.55789184570313,0,-0.00482957041387906,0,-0.005,0,0,-24
2213.875,0,158.55789184570313,0,0,-158.55789184570313,0,-0.0048295702685160228,0,-0.0048,0,0,-24
2214,0,158.55789184570313,0,0,-158.55789184570313,0,-0.0048295701258649565,0,-0.0052,0,0,-24
2214.125,0,158.56170654296875,0,0.030517578125,-158.56170654296875,0,-0.00483000054631418,0,-0.0046,0,0,-24
2214.25,0,158.56170654296875,0,0,-158.56170654296875,0,-0.0048299945439267784,0,-0.0042,0,0,-24
2214.375,0,158.55789184570313,0,-0.030517578125,-158.55789184570313,0,-0.0048295580930842637,0,-0.0048,0,0,-24
2214.5,0,158.5540771484375,0,-0.030517578125,-158.5540771484375,0,-0.0048291276171457493,0,-0.0038,0,0,-24
2214.625,0,158.55789184570313,0,0.030517578125,-158.55789184570313,0,-0.00482956412551801,0,-0.0044,0,0,-24
2214.75,0,158.55789184570313,0,0,-158.55789184570313,0,-0.0048295640974740511,0,-0.0054,0,0,-24
2214.875,0,158.55789184570313,0,0,-158.55789184570313,0,-0.0048295640699532955,0,-0.0048,0,0,-24
2215,0,158.5540771484375,0,-0.030517578125,-158.5540771484375,0,-0.0048291334825070658,0,-0.0048,0,0,-24
2215.125,0,158.55789184570313,0,0.030517578125,-158.55789184570313,0,-0.00482956988145196,0,-0.0042,0,0,-24
2215.25,0,158.55789184570313,0,0,-158.55789184570313,0,-0.0048295697460221708,0,-0.0038,0,0,-24
2215.375,0,158.55789184570313,0,0,-158.55789184570313,0,-0.0048295696131190335,0,-0.0066,0,0,-24
2215.5,0,158.55026245117188,0,-0.06103515625,-158.55026245117188,0,-0.004828708361817576,0,-0.0052,0,0,-24
2215.625,0,158.55789184570313,0,0.06103515625,-158.55789184570313,0,-0.004829581084723901,0,-0.0044,0,0,-24
2215.75,0,158.5540771484375,0,-0.030517578125,-158.5540771484375,0,-0.0048291501798408687,0,-0.004,0,0,-24
2215.875,0,158.55789184570313,0,0.030517578125,-158.55789184570313,0,-0.0048295862672712341,0,-0.004,0,0,-24
2216,0,158.55789184570313,0,0,-158.55789184570313,0,-0.0048295858261387008,0,-0.0056,0,0,-24
2216.125,0,158.55789184570313,0,0,-158.55789184570313,0,-0.0048295853932361762,0,-0.005,0,0,-24
2216.25,0,158.56170654296875,0,0.030517578125,-158.56170654296875,0,-0.0048300155288490288,0,-0.0042,0,0,-24
2216.375,0,158.55789184570313,0,-0.030517578125,-158.55789184570313,0,-0.004829578686500407,0,-0.0046,0,0,-24
2216.5,0,158.55789184570313,0,0,-158.55789184570313,0,-0.0048295783867988518,0,-0.0048,0,0,-24
2216.625,0,158.56170654296875,0,0.030517578125,-158.56170654296875,0,-0.0048300086531276052,0,-0.0052,0,0,-24
2216.75,0,158.5540771484375,0,-0.06103515625,-158.5540771484375,0,-0.0048291413786172594,0,-0.0046,0,0,-24
2216.875,0,158.5540771484375,0,0,-158.5540771484375,0,-0.0048291470698091166,0,-0.0048,0,0,-24
2217,0,158.55789184570313,0,0.030517578125,-158.55789184570313,0,-0.0048295832152619239,0,-0.0044,0,0,-24
2217.125,0,158.55026245117188,0,-0.06103515625,-158.55026245117188,0,-0.0048287217101915005,0,-0.0054,0,0,-24
2217.25,0,158.5540771484375,0,0.030517578125,-158.5540771484375,0,-0.0048291636236243943,0,-0.0048,0,0,-24
2217.375,0,158.55789184570313,0,0.030517578125,-158.55789184570313,0,-0.0048295994602402326,0,-0.0048,0,0,-24
2217.5,0,158.55789184570313,0,0,-158.55789184570313,0,-0.0048295987729725038,0,-0.0042,0,0,-24
2217.625,0,158.55789184570313,0,0,-158.55789184570313,0,-0.0048295980985268152,0,-0.004,0,0,-24
2217.75,0,158.5540771484375,0,-0.030517578125,-158.5540771484375,0,-0.0048291668762250354,0,-0.0034,0,0,-24
2217.875,0,158.5540771484375,0,0,-158.5540771484375,0,-0.0048291720917196723,0,-0.0046,0,0,-24
2218,0,158.5540771484375,0,0,-158.5540771484375,0,-0.0048291772099112087,0,-0.0038,0,0,-24
2218.125,0,158.55789184570313,0,0.030517578125,-158.55789184570313,0,-0.0048296127930539,0,-0.0052,0,0,-24
2218.25,0,158.5540771484375,0,-0.030517578125,-158.5540771484375,0,-0.0048291812966030408,0,-0.005,0,0,-24
2218.375,0,158.55789184570313,0,0.030517578125,-158.55789184570313,0,-0.00482961680350219,0,-0.0036,0,0,-24
2218.5,0,158.5540771484375,0,-0.030517578125,-158.5540771484375,0,-0.0048291852322302296,0,-0.0054,0,0,-24
2218.625,0,158.5540771484375,0,0,-158.5540771484375,0,-0.0048291901052652632,0,-0.0058,0,0,-24
2218.75,0,158.55026245117188,0,-0.030517578125,-158.55026245117188,0,-0.004828764326947392,0,-0.0054,0,0,-24
2218.875,0,158.55789184570313,0,0.06103515625,-158.55789184570313,0,-0.0048296360057378572,0,-0.0048,0,0,-24
2219,0,158.5540771484375,0,-0.030517578125,-158.5540771484375,0,-0.0048292040762185585,0,-0.0044,0,0,-24
2219.125,0,158.55789184570313,0,0.030517578125,-158.55789184570313,0,-0.0048296391581288279,0,-0.004,0,0,-24
2219.25,0,158.55789184570313,0,0,-158.55789184570313,0,-0.0048296377302357273,0,-0.0054,0,0,-24
2219.375,0,158.5540771484375,0,-0.030517578125,-158.5540771484375,0,-0.00482920576854326,0,-0.0042,0,0,-24
2219.5,0,158.56170654296875,0,0.06103515625,-158.56170654296875,0,-0.0048300713793195133,0,-0.0046,0,0,-24
2219.625,0,158.56170654296875,0,0,-158.56170654296875,0,-0.0048300640554330915,0,-0.0034,0,0,-24
2219.75,0,158.55789184570313,0,-0.030517578125,-158.55789184570313,0,-0.0048296263077461593,0,-0.0054,0,0,-24
2219.875,0,158.5540771484375,0,-0.030517578125,-158.5540771484375,0,-0.0048291945591578608,0,-0.0048,0,0,-24
2220,0,158.56170654296875,0,0.06103515625,-158.56170654296875,0,-0.0048300603790624964,0,-0.0046,0,0,-24
2220.125,0,158.55789184570313,0,-0.030517578125,-158.55789184570313,0,-0.004829622699963931,0,-0.0048,0,0,-24
2220.25,0,158.55789184570313,0,0,-158.55789184570313,0,-0.0048296215791232945,0,-0.0046,0,0,-24
2220.375,0,158.55789184570313,0,0,-158.55789184570313,0,-0.00482962047919367,0,-0.0044,0,0,-24
2220.5,0,158.56170654296875,0,0.030517578125,-158.56170654296875,0,-0.0048300499602238426,0,-0.0038,0,0,-24
2220.625,0,158.56552124023438,0,0.030517578125,-158.56552124023438,0,-0.0048304735963826239,0,-0.004,0,0,-24
2220.75,0,158.55789184570313,0,-0.06103515625,-158.55789184570313,0,-0.0048295998153983551,0,-0.0056,0,0,-24
2220.875,0,158.56170654296875,0,0.030517578125,-158.56170654296875,0,-0.0048300296819435169,0,-0.004,0,0,-24
2221,0,158.56170654296875,0,0,-158.56170654296875,0,-0.00483002313598599,0,-0.0044,0,0,-24
2221.125,0,158.56170654296875,0,0,-158.56170654296875,0,-0.0048300167121534017,0,-0.0046,0,0,-24
2221.25,0,158.55789184570313,0,-0.030517578125,-158.55789184570313,0,-0.0048295798477284105,0,-0.0046,0,0,-24
2221.375,0,158.5540771484375,0,-0.030517578125,-158.5540771484375,0,-0.0048291489659234386,0,-0.0054,0,0,-24
2221.5,0,158.55026245117188,0,-0.030517578125,-158.55026245117188,0,-0.0048287239551234734,0,-0.005,0,0,-24
2221.625,0,158.55789184570313,0,0.06103515625,-158.55789184570313,0,-0.0048295963871126139,0,-0.0044,0,0,-24
2221.75,0,158.56170654296875,0,0.030517578125,-158.56170654296875,0,-0.0048300263176177362,0,-0.0038,0,0,-24
2221.875,0,158.5540771484375,0,-0.06103515625,-158.5540771484375,0,-0.0048291587135490689,0,-0.0044,0,0,-24
2222,0,158.5540771484375,0,0,-158.5540771484375,0,-0.0048291640813310222,0,-0.005,0,0,-24
2222.125,0,158.55789184570313,0,0.030517578125,-158.55789184570313,0,-0.0048295999094076364,0,-0.0044,0,0,-24
2222.25,0,158.56170654296875,0,0.030517578125,-158.56170654296875,0,-0.00483002977419891,0,-0.005,0,0,-24
2222.375,0,158.56170654296875,0,0,-158.56170654296875,0,-0.0048300232265202168,0,-0.0038,0,0,-24
2222.5,0,158.55789184570313,0,-0.030517578125,-158.55789184570313,0,-0.00482958624055966,0,-0.0046,0,0,-24
2222.625,0,158.55789184570313,0,0,-158.55789184570313,0,-0.004829585799925473,0,-0.0038,0,0,-24
2222.75,0,158.55789184570313,0,0,-158.55789184570313,0,-0.0048295853675119965,0,-0.0054,0,0,-24
2222.875,0,158.56170654296875,0,0.030517578125,-158.56170654296875,0,-0.0048300155036047733,0,-0.0048,0,0,-24
2223,0,158.56170654296875,0,0,-158.56170654296875,0,-0.0048300092221660353,0,-0.0046,0,0,-24
2223.125,0,158.55789184570313,0,-0.030517578125,-158.55789184570313,0,-0.0048295724974783162,0,-0.0048,0,0,-24
2223.25,0,158.5540771484375,0,-0.030517578125,-158.5540771484375,0,-0.0048291417528036019,0,-0.0054,0,0,-24
2223.375,0,158.5540771484375,0,0,-158.5540771484375,0,-0.0048291474370144348,0,-0.0042,0,0,-24
2223.5,0,158.55789184570313,0,0.030517578125,-158.55789184570313,0,-0.00482958357561646,0,-0.0058,0,0,-24
2223.625,0,158.5540771484375,0,-0.030517578125,-158.5540771484375,0,-0.0048291526242619839,0,-0.004,0,0,-24
2223.75,0,158.5540771484375,0,0,-158.5540771484375,0,-0.0048291581056489844,0,-0.004,0,0,-24
2223.875,0,158.55789184570313,0,0.030517578125,-158.55789184570313,0,-0.0048295940452111686,0,-0.0058,0,0,-24
2224,0,158.56552124023438,0,0.06103515625,-158.56552124023438,0,-0.0048304545798469965,0,-0.0046,0,0,-24
2224.125,0,158.56170654296875,0,-0.030517578125,-158.56170654296875,0,-0.0048300117140844586,0,-0.0046,0,0,-24
2224.25,0,158.56170654296875,0,0,-158.56170654296875,0,-0.00483000550334507,0,-0.0048,0,0,-24
2224.375,0,158.55789184570313,0,-0.030517578125,-158.55789184570313,0,-0.004829568848037695,0,-0.0036,0,0,-24
2224.5,0,158.56170654296875,0,0.030517578125,-158.56170654296875,0,-0.0048299992923267572,0,-0.005,0,0,-24
2224.625,0,158.56552124023438,0,0.030517578125,-158.56552124023438,0,-0.0048304238737733466,0,-0.0038,0,0,-24
2224.75,0,158.55789184570313,0,-0.06103515625,-158.55789184570313,0,-0.0048295510204410834,0,-0.0036,0,0,-24
2224.875,0,158.55789184570313,0,0,-158.55789184570313,0,-0.0048295512368925582,0,-0.0048,0,0,-24
2225,0,158.56170654296875,0,0.030517578125,-158.56170654296875,0,-0.0048299820097447094,0,-0.005,0,0,-24
2225.125,0,158.56552124023438,0,0.030517578125,-158.56552124023438,0,-0.0048304069136245369,0,-0.0038,0,0,-24
2225.25,0,158.56170654296875,0,-0.030517578125,-158.56170654296875,0,-0.0048299649371489357,0,-0.0044,0,0,-24
2225.375,0,158.55789184570313,0,-0.030517578125,-158.55789184570313,0,-0.00482952903866655,0,-0.0056,0,0,-24
2225.5,0,158.55789184570313,0,0,-158.55789184570313,0,-0.0048295296652219495,0,-0.0046,0,0,-24
2225.625,0,158.55789184570313,0,0,-158.55789184570313,0,-0.0048295302800879913,0,-0.0046,0,0,-24
2225.75,0,158.56552124023438,0,0.06103515625,-158.56552124023438,0,-0.0048303920043605919,0,-0.0052,0,0,-24
2225.875,0,158.56552124023438,0,0,-158.56552124023438,0,-0.0048303808664792369,0,-0.0054,0,0,-24
2226,0,158.55789184570313,0,-0.06103515625,-158.55789184570313,0,-0.0048295088155144127,0,-0.0042,0,0,-24
2226.125,0,158.56170654296875,0,0.030517578125,-158.56170654296875,0,-0.0048299403798028363,0,-0.0058,0,0,-24
2226.25,0,158.56170654296875,0,0,-158.56170654296875,0,-0.00482993549991455,0,-0.0028,0,0,-24
2226.375,0,158.56170654296875,0,0,-158.56170654296875,0,-0.0048299307110681112,0,-0.0046,0,0,-24
2226.5,0,158.56170654296875,0,0,-158.56170654296875,0,-0.004829926011564992,0,-0.0046,0,0,-24
2226.625,0,158.55789184570313,0,-0.030517578125,-158.55789184570313,0,-0.004829490839299443,0,-0.0058,0,0,-24
2226.75,0,158.56552124023438,0,0.06103515625,-158.56552124023438,0,-0.0048303532994008174,0,-0.0048,0,0,-24
2226.875,0,158.55789184570313,0,-0.06103515625,-158.55789184570313,0,-0.0048294817627423815,0,-0.0046,0,0,-24
2227,0,158.5540771484375,0,-0.030517578125,-158.5540771484375,0,-0.0048290527108641838,0,-0.0044,0,0,-24
2227.125,0,158.55789184570313,0,0.030517578125,-158.55789184570313,0,-0.004829490616728719,0,-0.0046,0,0,-24
2227.25,0,158.55789184570313,0,0,-158.55789184570313,0,-0.00482949196010466,0,-0.0038,0,0,-24
2227.375,0,158.56170654296875,0,0.030517578125,-158.56170654296875,0,-0.0048299238388567626,0,-0.0048,0,0,-24
2227.5,0,158.55789184570313,0,-0.030517578125,-158.55789184570313,0,-0.004829488707126438,0,-0.0042,0,0,-24
2227.625,0,158.55789184570313,0,0,-158.55789184570313,0,-0.004829490086128956,0,-0.0056,0,0,-24
2227.75,0,158.56170654296875,0,0.030517578125,-158.56170654296875,0,-0.004829921999842968,0,-0.0042,0,0,-24
2227.875,0,158.55789184570313,0,-0.030517578125,-158.55789184570313,0,-0.0048294869024222836,0,-0.0038,0,0,-24
2228,0,158.5540771484375,0,-0.030517578125,-158.5540771484375,0,-0.0048290577546554261,0,-0.0062,0,0,-24
2228.125,0,158.56170654296875,0,0.06103515625,-158.56170654296875,0,-0.0048299261268591655,0,-0.0044,0,0,-24
2228.25,0,158.55026245117188,0,-0.091552734375,-158.55026245117188,0,-0.0048286298315647919,0,-0.004,0,0,-24
2228.375,0,158.55026245117188,0,0,-158.55026245117188,0,-0.0048286428986963337,0,-0.0044,0,0,-24
2228.5,0,158.56170654296875,0,0.091552734375,-158.56170654296875,0,-0.0048299474033571188,0,-0.0042,0,0,-24
2228.625,0,158.55026245117188,0,-0.091552734375,-158.55026245117188,0,-0.0048286507111168428,0,-0.0044,0,0,-24
2228.75,0,158.5540771484375,0,0.030517578125,-158.5540771484375,0,-0.0048290939491470375,0,-0.0044,0,0,-24
2228.875,0,158.55789184570313,0,0.030517578125,-158.55789184570313,0,-0.004829531085647769,0,-0.0048,0,0,-24
2229,0,158.55789184570313,0,0,-158.55789184570313,0,-0.0048295316740135756,0,-0.0046,0,0,-24
2229.125,0,158.56552124023438,0,0.06103515625,-158.56552124023438,0,-0.0048303933722803434,0,-0.0044,0,0,-24
2229.25,0,158.55789184570313,0,-0.06103515625,-158.55789184570313,0,-0.0048295210880005008,0,-0.0046,0,0,-24
2229.375,0,158.55789184570313,0,0,-158.55789184570313,0,-0.0048295218628878452,0,-0.0046,0,0,-24
2229.5,0,158.5540771484375,0,-0.030517578125,-158.5540771484375,0,-0.0048290920628795532,0,-0.0052,0,0,-24
2229.625,0,158.56552124023438,0,0.091552734375,-158.56552124023438,0,-0.0048303903554493492,0,-0.005,0,0,-24
2229.75,0,158.5540771484375,0,-0.091552734375,-158.5540771484375,0,-0.0048290875670142274,0,-0.005,0,0,-24
2229.875,0,158.55789184570313,0,0.030517578125,-158.55789184570313,0,-0.0048295248225834952,0,-0.0044,0,0,-24
2230,0,158.55789184570313,0,0,-158.55789184570313,0,-0.00482952552779643,0,-0.004,0,0,-24
2230.125,0,158.5540771484375,0,-0.030517578125,-158.5540771484375,0,-0.0048290956594136134,0,-0.0046,0,0,-24
2230.25,0,158.56170654296875,0,0.06103515625,-158.56170654296875,0,-0.0048299633244455959,0,-0.0038,0,0,-24
2230.375,0,158.56170654296875,0,0,-158.56170654296875,0,-0.0048299580164895923,0,-0.0054,0,0,-24
2230.5,0,158.56552124023438,0,0.030517578125,-158.56552124023438,0,-0.0048303833680006193,0,-0.0052,0,0,-24
2230.625,0,158.5540771484375,0,-0.091552734375,-158.5540771484375,0,-0.0048290807099271365,0,-0.0038,0,0,-24
2230.75,0,158.55789184570313,0,0.030517578125,-158.55789184570313,0,-0.0048295180934259455,0,-0.0046,0,0,-24
2230.875,0,158.55789184570313,0,0,-158.55789184570313,0,-0.0048295189241816987,0,-0.005,0,0,-24
2231,0,158.55789184570313,0,0,-158.55789184570313,0,-0.004829519739438422,0,-0.0042,0,0,-24
2231.125,0,158.55789184570313,0,0,-158.55789184570313,0,-0.0048295205394852728,0,-0.0054,0,0,-24
2231.25,0,158.55789184570313,0,0,-158.55789184570313,0,-0.0048295213246060146,0,-0.0052,0,0,-24
2231.375,0,158.5540771484375,0,-0.030517578125,-158.5540771484375,0,-0.0048290915346402008,0,-0.0046,0,0,-24
2231.5,0,158.55789184570313,0,0.030517578125,-158.55789184570313,0,-0.0048295287161872836,0,-0.004,0,0,-24
2231.625,0,158.55789184570313,0,0,-158.55789184570313,0,-0.004829529348759032,0,-0.004,0,0,-24
2231.75,0,158.55789184570313,0,0,-158.55789184570313,0,-0.0048295299695291782,0,-0.0048,0,0,-24
2231.875,0,158.55789184570313,0,0,-158.55789184570313,0,-0.0048295305787178994,0,-0.0044,0,0,-24
2232,0,158.56170654296875,0,0.030517578125,-158.56170654296875,0,-0.0048299617369801781,0,-0.0054,0,0,-24
2232.125,0,158.5540771484375,0,-0.06103515625,-158.5540771484375,0,-0.004829095337762962,0,-0.0042,0,0,-24
2232.25,0,158.55789184570313,0,0.030517578125,-158.55789184570313,0,-0.00482953244835692,0,-0.0044,0,0,-24
2232.375,0,158.55789184570313,0,0,-158.55789184570313,0,-0.0048295330112992849,0,-0.0042,0,0,-24
2232.5,0,158.55789184570313,0,0,-158.55789184570313,0,-0.0048295335637390906,0,-0.0048,0,0,-24
2232.625,0,158.55789184570313,0,0,-158.55789184570313,0,-0.00482953410587228,0,-0.006,0,0,-24
2232.75,0,158.55789184570313,0,0,-158.55789184570313,0,-0.0048295346378911374,0,-0.0044,0,0,-24
2232.875,0,158.55789184570313,0,0,-158.55789184570313,0,-0.0048295351599843619,0,-0.0048,0,0,-24
2233,0,158.5540771484375,0,-0.030517578125,-158.5540771484375,0,-0.0048291051118982149,0,-0.0042,0,0,-24
2233.125,0,158.56170654296875,0,0.06103515625,-158.56170654296875,0,-0.0048299726005795107,0,-0.0048,0,0,-24
2233.25,0,158.5540771484375,0,-0.06103515625,-158.5540771484375,0,-0.0048291059986850845,0,-0.005,0,0,-24
2233.375,0,158.5540771484375,0,0,-158.5540771484375,0,-0.0048291123499441726,0,-0.0042,0,0,-24
2233.5,0,158.5540771484375,0,0,-158.5540771484375,0,-0.004829118582710722,0,-0.0046,0,0,-24
2233.625,0,158.55789184570313,0,0.030517578125,-158.55789184570313,0,-0.00482955525963431,0,-0.0044,0,0,-24
2233.75,0,158.55789184570313,0,0,-158.55789184570313,0,-0.0048295553969970933,0,-0.0042,0,0,-24
2233.875,0,158.55789184570313,0,0,-158.55789184570313,0,-0.004829555531797162,0,-0.0052,0,0,-24
2234,0,158.56170654296875,0,0.030517578125,-158.56170654296875,0,-0.0048299862245212407,0,-0.0042,0,0,-24
2234.125,0,158.55789184570313,0,-0.030517578125,-158.55789184570313,0,-0.0048295499288900749,0,-0.005,0,0,-24
2234.25,0,158.5540771484375,0,-0.030517578125,-158.5540771484375,0,-0.0048291196052672016,0,-0.0056,0,0,-24
2234.375,0,158.55789184570313,0,0.030517578125,-158.55789184570313,0,-0.00482955626311342,0,-0.0044,0,0,-24
2234.5,0,158.5540771484375,0,-0.030517578125,-158.5540771484375,0,-0.0048291258213158357,0,-0.0048,0,0,-24
2234.625,0,158.5540771484375,0,0,-158.5540771484375,0,-0.0048291318027531577,0,-0.0038,0,0,-24
2234.75,0,158.55789184570313,0,0.030517578125,-158.55789184570313,0,-0.0048295682330364532,0,-0.0038,0,0,-24
2234.875,0,158.5540771484375,0,-0.030517578125,-158.5540771484375,0,-0.0048291375679214831,0,-0.0044,0,0,-24
2235,0,158.56170654296875,0,0.06103515625,-158.56170654296875,0,-0.00483000445108558,0,-0.005,0,0,-24
2235.125,0,158.5540771484375,0,-0.06103515625,-158.5540771484375,0,-0.0048291372549708134,0,-0.005,0,0,-24
2235.25,0,158.55026245117188,0,-0.030517578125,-158.55026245117188,0,-0.0048287124626567417,0,-0.0038,0,0,-24
2235.375,0,158.5540771484375,0,0.030517578125,-158.5540771484375,0,-0.0048291545486166673,0,-0.0044,0,0,-24
2235.5,0,158.5540771484375,0,0,-158.5540771484375,0,-0.004829159994101862,0,-0.0048,0,0,-24
2235.625,0,158.5540771484375,0,0,-158.5540771484375,0,-0.0048291653379931273,0,-0.0052,0,0,-24
2235.75,0,158.5540771484375,0,0,-158.5540771484375,0,-0.004829170582185854,0,-0.0046,0,0,-24
2235.875,0,158.5540771484375,0,0,-158.5540771484375,0,-0.0048291757285400727,0,-0.0042,0,0,-24
2236,0,158.56170654296875,0,0.06103515625,-158.56170654296875,0,-0.004830041899758942,0,-0.005,0,0,-24
2236.125,0,158.55026245117188,0,-0.091552734375,-158.55026245117188,0,-0.0048287434445424679,0,-0.0048,0,0,-24
2236.25,0,158.56170654296875,0,0.091552734375,-158.56170654296875,0,-0.0048300460733653357,0,-0.0046,0,0,-24
2236.375,0,158.55789184570313,0,-0.030517578125,-158.55789184570313,0,-0.0048296086611616272,0,-0.0056,0,0,-24
2236.5,0,158.55789184570313,0,0,-158.55789184570313,0,-0.0048296078022365112,0,-0.0046,0,0,-24
2236.625,0,158.56170654296875,0,0.030517578125,-158.56170654296875,0,-0.0048300375197748826,0,-0.0046,0,0,-24
2236.75,0,158.55789184570313,0,-0.030517578125,-158.55789184570313,0,-0.0048296002671516037,0,-0.005,0,0,-24
2236.875,0,158.55789184570313,0,0,-158.55789184570313,0,-0.0048295995648296982,0,-0.0044,0,0,-24
2237,0,158.5540771484375,0,-0.030517578125,-158.5540771484375,0,-0.004829168315171775,0,-0.0052,0,0,-24
2237.125,0,158.55789184570313,0,0.030517578125,-158.55789184570313,0,-0.0048296040642595564,0,-0.0056,0,0,-24
2237.25,0,158.56552124023438,0,0.06103515625,-158.56552124023438,0,-0.0048304644119745756,0,-0.0038,0,0,-24
2237.375,0,158.55789184570313,0,-0.06103515625,-158.55789184570313,0,-0.0048295908023396122,0,-0.0046,0,0,-24
2237.5,0,158.56170654296875,0,0.030517578125,-158.56170654296875,0,-0.0048300208370372936,0,-0.0034,0,0,-24
2237.625,0,158.55789184570313,0,-0.030517578125,-158.55789184570313,0,-0.0048295838956562281,0,-0.0048,0,0,-24
2237.75,0,158.55789184570313,0,0,-158.55789184570313,0,-0.0048295834987698329,0,-0.0048,0,0,-24
2237.875,0,158.56170654296875,0,0.030517578125,-158.56170654296875,0,-0.0048300136697268792,0,-0.005,0,0,-24
2238,0,158.55789184570313,0,-0.030517578125,-158.55789184570313,0,-0.00482957686206305,0,-0.0046,0,0,-24
2238.125,0,158.55789184570313,0,0,-158.55789184570313,0,-0.0048295765963991891,0,-0.0034,0,0,-24
2238.25,0,158.55789184570313,0,0,-158.55789184570313,0,-0.0048295763356916979,0,-0.0042,0,0,-24
2238.375,0,158.56170654296875,0,0.030517578125,-158.56170654296875,0,-0.00483000664028702,0,-0.0048,0,0,-24
2238.5,0,158.55789184570313,0,-0.030517578125,-158.55789184570313,0,-0.0048295699637682385,0,-0.0044,0,0,-24
2238.625,0,158.56170654296875,0,0.030517578125,-158.56170654296875,0,-0.004830000387241626,0,-0.004,0,0,-24
2238.75,0,158.56552124023438,0,0.030517578125,-158.56552124023438,0,-0.0048304249482608889,0,-0.0052,0,0,-24
2238.875,0,158.55789184570313,0,-0.06103515625,-158.55789184570313,0,-0.0048295520748824032,0,-0.0046,0,0,-24
2239,0,158.55789184570313,0,0,-158.55789184570313,0,-0.004829552271661648,0,-0.0046,0,0,-24
2239.125,0,158.55789184570313,0,0,-158.55789184570313,0,-0.0048295524647696724,0,-0.0046,0,0,-24
2239.25,0,158.56170654296875,0,0.030517578125,-158.56170654296875,0,-0.0048299832147138816,0,-0.004,0,0,-24
2239.375,0,158.5540771484375,0,-0.06103515625,-158.5540771484375,0,-0.0048291164147964,0,-0.005,0,0,-24
2239.5,0,158.55789184570313,0,0.030517578125,-158.55789184570313,0,-0.0048295531321657743,0,-0.0054,0,0,-24
2239.625,0,158.56170654296875,0,0.030517578125,-158.56170654296875,0,-0.00482998386965868,0,-0.004,0,0,-24
2239.75,0,158.5540771484375,0,-0.06103515625,-158.5540771484375,0,-0.0048291170575221918,0,-0.005,0,0,-24
2239.875,0,158.5540771484375,0,0,-158.5540771484375,0,-0.0048291232024616085,0,-0.0048,0,0,-24
2240,0,158.55789184570313,0,0.030517578125,-158.55789184570313,0,-0.0048295597931966141,0,-0.0046,0,0,-24
2240.125,0,158.55789184570313,0,0,-158.55789184570313,0,-0.0048295598459787963,0,-0.0056,0,0,-24
2240.25,0,158.55789184570313,0,0,-158.55789184570313,0,-0.0048295598977762455,0,-0.004,0,0,-24
2240.375,0,158.5540771484375,0,-0.030517578125,-158.5540771484375,0,-0.0048291293881684173,0,-0.0054,0,0,-24
2240.5,0,158.55026245117188,0,-0.030517578125,-158.55026245117188,0,-0.0048287047426216834,0,-0.0048,0,0,-24
2240.625,0,158.55026245117188,0,0,-158.55026245117188,0,-0.0048287164121718594,0,-0.0042,0,0,-24
2240.75,0,158.55789184570313,0,0.06103515625,-158.55789184570313,0,-0.0048295889848864026,0,-0.005,0,0,-24
2240.875,0,158.55789184570313,0,0,-158.55789184570313,0,-0.004829588493052565,0,-0.004,0,0,-24
2241,0,158.55789184570313,0,0,-158.55789184570313,0,-0.0048295880103946462,0,-0.0048,0,0,-24
2241.125,0,158.5540771484375,0,-0.030517578125,-158.5540771484375,0,-0.0048291569763025391,0,-0.0044,0,0,-24
2241.25,0,158.55789184570313,0,0.030517578125,-158.55789184570313,0,-0.0048295929369344239,0,-0.005,0,0,-24
2241.375,0,158.55026245117188,0,-0.06103515625,-158.55026245117188,0,-0.0048287312504911983,0,-0.0056,0,0,-24
2241.5,0,158.55789184570313,0,0.06103515625,-158.55789184570313,0,-0.0048296035463739964,0,-0.0046,0,0,-24
2241.625,0,158.5540771484375,0,-0.030517578125,-158.5540771484375,0,-0.00482917222243422,0,-0.005,0,0,-24
2241.75,0,158.5540771484375,0,0,-158.5540771484375,0,-0.0048291773381870743,0,-0.0046,0,0,-24
2241.875,0,158.55026245117188,0,-0.030517578125,-158.55026245117188,0,-0.0048287517980587485,0,-0.0044,0,0,-24
2242,0,158.55789184570313,0,0.06103515625,-158.55789184570313,0,-0.0048296237105949656,0,-0.005,0,0,-24
2242.125,0,158.55789184570313,0,0,-158.55789184570313,0,-0.0048296225708994471,0,-0.0046,0,0,-24
2242.25,0,158.5540771484375,0,-0.030517578125,-158.5540771484375,0,-0.0048291908920277907,0,-0.0058,0,0,-24
2242.375,0,158.5540771484375,0,0,-158.5540771484375,0,-0.0048291956594705672,0,-0.0046,0,0,-24
2242.5,0,158.55789184570313,0,0.030517578125,-158.55789184570313,0,-0.0048296308984082589,0,-0.004,0,0,-24
2242.625,0,158.5540771484375,0,-0.030517578125,-158.5540771484375,0,-0.0048291990641740751,0,-0.0044,0,0,-24
2242.75,0,158.55789184570313,0,0.030517578125,-158.55789184570313,0,-0.0048296342395917685,0,-0.0056,0,0,-24
2242.875,0,158.55789184570313,0,0,-158.55789184570313,0,-0.0048296329034615672,0,-0.0048,0,0,-24
2243,0,158.55026245117188,0,-0.06103515625,-158.55026245117188,0,-0.004828770471381103,0,-0.006,0,0,-24
2243.125,0,158.55789184570313,0,0.06103515625,-158.55789184570313,0,-0.0048296420355376755,0,-0.0044,0,0,-24
2243.25,0,158.5540771484375,0,-0.030517578125,-158.5540771484375,0,-0.0048292099935231562,0,-0.0048,0,0,-24
2243.375,0,158.55789184570313,0,0.030517578125,-158.55789184570313,0,-0.0048296449650369767,0,-0.0048,0,0,-24
2243.5,0,158.55789184570313,0,0,-158.55789184570313,0,-0.0048296434288070435,0,-0.0046,0,0,-24
2243.625,0,158.5540771484375,0,-0.030517578125,-158.5540771484375,0,-0.0048292113607989341,0,-0.0046,0,0,-24
2243.75,0,158.55789184570313,0,0.030517578125,-158.55789184570313,0,-0.004829646306804115,0,-0.0052,0,0,-24
2243.875,0,158.56170654296875,0,0.030517578125,-158.56170654296875,0,-0.0048300753059803588,0,-0.0058,0,0,-24
2244,0,158.56170654296875,0,0,-158.56170654296875,0,-0.00483006790883602,0,-0.005,0,0,-24
2244.125,0,158.5540771484375,0,-0.06103515625,-158.5540771484375,0,-0.0048291995288189931,0,-0.0046,0,0,-24
2244.25,0,158.5540771484375,0,0,-158.5540771484375,0,-0.0048292041351291016,0,-0.0056,0,0,-24
2244.375,0,158.5540771484375,0,0,-158.5540771484375,0,-0.0048292086555013873,0,-0.0046,0,0,-24
2244.5,0,158.5540771484375,0,0,-158.5540771484375,0,-0.0048292130915391519,0,-0.005,0,0,-24
2244.625,0,158.55026245117188,0,-0.030517578125,-158.55026245117188,0,-0.00482878688437687,0,-0.0042,0,0,-24
2244.75,0,158.5540771484375,0,0.030517578125,-158.5540771484375,0,-0.0048292275818847628,0,-0.005,0,0,-24
2244.875,0,158.55789184570313,0,0.030517578125,-158.55789184570313,0,-0.0048296622252605561,0,-0.0056,0,0,-24
2245,0,158.55026245117188,0,-0.06103515625,-158.55026245117188,0,-0.0048287992461366839,0,-0.004,0,0,-24
2245.125,0,158.55026245117188,0,0,-158.55026245117188,0,-0.0048288091525779545,0,-0.0052,0,0,-24
2245.25,0,158.55789184570313,0,0.06103515625,-158.55789184570313,0,-0.0048296799950771092,0,-0.005,0,0,-24
2245.375,0,158.55026245117188,0,-0.06103515625,-158.55026245117188,0,-0.0048288166844298874,0,-0.006,0,0,-24
2245.5,0,158.55789184570313,0,0.06103515625,-158.55789184570313,0,-0.0048296873864107212,0,-0.0044,0,0,-24
2245.625,0,158.55789184570313,0,0,-158.55789184570313,0,-0.0048296850587445988,0,-0.005,0,0,-24
2245.75,0,158.55789184570313,0,0,-158.55789184570313,0,-0.0048296827745046792,0,-0.0038,0,0,-24
2245.875,0,158.56170654296875,0,0.030517578125,-158.56170654296875,0,-0.0048301110933196938,0,-0.0048,0,0,-24
2246,0,158.56170654296875,0,0,-158.56170654296875,0,-0.0048301030285073142,0,-0.0052,0,0,-24
2246.125,0,158.55789184570313,0,-0.030517578125,-158.55789184570313,0,-0.0048296645537175414,0,-0.0052,0,0,-24
2246.25,0,158.55789184570313,0,0,-158.55789184570313,0,-0.0048296626520305443,0,-0.0056,0,0,-24
2246.375,0,158.5540771484375,0,-0.030517578125,-158.5540771484375,0,-0.0048292302253835359,0,-0.0044,0,0,-24
2246.5,0,158.55789184570313,0,0.030517578125,-158.55789184570313,0,-0.00482966481944078,0,-0.004,0,0,-24
2246.625,0,158.55789184570313,0,0,-158.55789184570313,0,-0.0048296629127963057,0,-0.0054,0,0,-24
2246.75,0,158.5540771484375,0,-0.030517578125,-158.5540771484375,0,-0.00482923048128431,0,-0.0038,0,0,-24
2246.875,0,158.55789184570313,0,0.030517578125,-158.55789184570313,0,-0.00482966507056733,0,-0.0046,0,0,-24
2247,0,158.55026245117188,0,-0.06103515625,-158.55026245117188,0,-0.0048288020383598692,0,-0.004,0,0,-24
2247.125,0,158.55789184570313,0,0.06103515625,-158.55789184570313,0,-0.0048296730135857406,0,-0.005,0,0,-24
2247.25,0,158.55789184570313,0,0,-158.55789184570313,0,-0.0048296709540668475,0,-0.0052,0,0,-24
2247.375,0,158.55789184570313,0,0,-158.55789184570313,0,-0.0048296689329714575,0,-0.005,0,0,-24
2247.5,0,158.55789184570313,0,0,-158.55789184570313,0,-0.0048296669495827204,0,-0.0046,0,0,-24
2247.625,0,158.5540771484375,0,-0.030517578125,-158.5540771484375,0,-0.004829234442758245,0,-0.005,0,0,-24
2247.75,0,158.5540771484375,0,0,-158.5540771484375,0,-0.0048292383976949391,0,-0.0054,0,0,-24
2247.875,0,158.5540771484375,0,0,-158.5540771484375,0,-0.0048292422788461867,0,-0.004,0,0,-24
2248,0,158.55789184570313,0,0.030517578125,-158.55789184570313,0,-0.0048296766480274847,0,-0.0048,0,0,-24
2248.125,0,158.5540771484375,0,-0.030517578125,-158.5540771484375,0,-0.0048292439602635557,0,-0.0054,0,0,-24
2248.25,0,158.55026245117188,0,-0.030517578125,-158.55026245117188,0,-0.0048288171771975847,0,-0.0046,0,0,-24
2248.375,0,158.5540771484375,0,0.030517578125,-158.5540771484375,0,-0.00482925730954616,0,-0.0052,0,0,-24
2248.5,0,158.55789184570313,0,0.030517578125,-158.55789184570313,0,-0.0048296913983065558,0,-0.0044,0,0,-24
2248.625,0,158.56170654296875,0,0.030517578125,-158.56170654296875,0,-0.0048301195562312389,0,-0.0054,0,0,-24
2248.75,0,158.55789184570313,0,-0.030517578125,-158.55789184570313,0,-0.0048296807730912709,0,-0.0042,0,0,-24
2248.875,0,158.55026245117188,0,-0.06103515625,-158.55026245117188,0,-0.0048288174479289942,0,-0.0052,0,0,-24
2249,0,158.5540771484375,0,0.030517578125,-158.5540771484375,0,-0.0048292575752266571,0,-0.0048,0,0,-24
2249.125,0,158.55789184570313,0,0.030517578125,-158.55789184570313,0,-0.0048296916590303733,0,-0.0042,0,0,-24
2249.25,0,158.55789184570313,0,0,-158.55789184570313,0,-0.0048296892516519379,0,-0.0046,0,0,-24
2249.375,0,158.5540771484375,0,-0.030517578125,-158.5540771484375,0,-0.0048292563287479452,0,-0.005,0,0,-24
2249.5,0,158.5540771484375,0,0,-158.5540771484375,0,-0.0048292598753677286,0,-0.0054,0,0,-24
2249.625,0,158.55026245117188,0,-0.030517578125,-158.55026245117188,0,-0.00482883279538093,0,-0.0044,0,0,-24
2249.75,0,158.55789184570313,0,0.06103515625,-158.55789184570313,0,-0.0048297031967871112,0,-0.0044,0,0,-24
2249.875,0,158.55789184570313,0,0,-158.55789184570313,0,-0.0048297005741540187,0,-0.0054,0,0,-24
2250,0,158.55789184570313,0,0,-158.55789184570313,0,-0.004829698000450194,0,-0.0054,0,0,-24
2250.125,0,158.55789184570313,0,0,-158.55789184570313,0,-0.0048296954747627857,0,-0.0044,0,0,-24
2250.25,0,158.55789184570313,0,0,-158.55789184570313,0,-0.0048296929961959738,0,-0.0046,0,0,-24
2250.375,0,158.5540771484375,0,-0.030517578125,-158.5540771484375,0,-0.0048292600034317333,0,-0.0046,0,0,-24
2250.5,0,158.5540771484375,0,0,-158.5540771484375,0,-0.00482926348149462,0,-0.0048,0,0,-24
2250.625,0,158.5540771484375,0,0,-158.5540771484375,0,-0.0048292668946688759,0,-0.0046,0,0,-24
2250.75,0,158.5540771484375,0,0,-158.5540771484375,0,-0.0048292702441650988,0,-0.0046,0,0,-24
2250.875,0,158.55789184570313,0,0.030517578125,-158.55789184570313,0,-0.0048297040916102183,0,-0.005,0,0,-24
2251,0,158.55026245117188,0,-0.06103515625,-158.55026245117188,0,-0.0048288403314049868,0,-0.0048,0,0,-24
2251.125,0,158.55789184570313,0,0.06103515625,-158.55789184570313,0,-0.00482971059221501,0,-0.0048,0,0,-24
2251.25,0,158.55789184570313,0,0,-158.55789184570313,0,-0.0048297078316087982,0,-0.0044,0,0,-24
2251.375,0,158.5540771484375,0,-0.030517578125,-158.5540771484375,0,-0.0048292745620670385,0,-0.0048,0,0,-24
2251.5,0,158.5540771484375,0,0,-158.5540771484375,0,-0.0048292777685161169,0,-0.005,0,0,-24
2251.625,0,158.5540771484375,0,0,-158.5540771484375,0,-0.00482928091514394,0,-0.0054,0,0,-24
2251.75,0,158.55789184570313,0,0.030517578125,-158.55789184570313,0,-0.0048297145635054816,0,-0.0048,0,0,-24
2251.875,0,158.56170654296875,0,0.030517578125,-158.56170654296875,0,-0.004830142289247631,0,-0.0048,0,0,-24
2252,0,158.55789184570313,0,-0.030517578125,-158.55789184570313,0,-0.0048297030819881622,0,-0.0046,0,0,-24
2252.125,0,158.55789184570313,0,0,-158.55789184570313,0,-0.0048297004614968218,0,-0.0042,0,0,-24
2252.25,0,158.5540771484375,0,-0.030517578125,-158.5540771484375,0,-0.004829267329455874,0,-0.0046,0,0,-24
2252.375,0,158.56170654296875,0,0.06103515625,-158.56170654296875,0,-0.0048301317917183043,0,-0.0046,0,0,-24
2252.5,0,158.55026245117188,0,-0.091552734375,-158.55026245117188,0,-0.0048288316594286111,0,-0.0048,0,0,-24
2252.625,0,158.55789184570313,0,0.06103515625,-158.55789184570313,0,-0.0048297020820277353,0,-0.0054,0,0,-24
2252.75,0,158.5540771484375,0,-0.030517578125,-158.5540771484375,0,-0.0048292689197532825,0,-0.0054,0,0,-24
2252.875,0,158.5540771484375,0,0,-158.5540771484375,0,-0.0048292722314684311,0,-0.0046,0,0,-24
2253,0,158.55026245117188,0,-0.030517578125,-158.55026245117188,0,-0.0048288449209595062,0,-0.005,0,0,-24
2253.125,0,158.56170654296875,0,0.091552734375,-158.56170654296875,0,-0.00483014565658322,0,-0.005,0,0,-24
2253.25,0,158.5540771484375,0,-0.06103515625,-158.5540771484375,0,-0.0048292758260619932,0,-0.0046,0,0,-24
2253.375,0,158.55789184570313,0,0.030517578125,-158.55789184570313,0,-0.004829709569368212,0,-0.0046,0,0,-24
2253.5,0,158.56170654296875,0,0.030517578125,-158.56170654296875,0,-0.0048301373882836986,0,-0.0046,0,0,-24
2253.625,0,158.55789184570313,0,-0.030517578125,-158.55789184570313,0,-0.0048296982724592751,0,-0.0052,0,0,-24
2253.75,0,158.5540771484375,0,-0.030517578125,-158.5540771484375,0,-0.0048292651812582013,0,-0.0046,0,0,-24
2253.875,0,158.5540771484375,0,0,-158.5540771484375,0,-0.0048292685627207444,0,-0.005,0,0,-24
2254,0,158.55789184570313,0,0.030517578125,-158.55789184570313,0,-0.0048297024415358027,0,-0.0048,0,0,-24
2254.125,0,158.5540771484375,0,-0.030517578125,-158.5540771484375,0,-0.0048292692725541726,0,-0.0044,0,0,-24
2254.25,0,158.55789184570313,0,0.030517578125,-158.55789184570313,0,-0.0048297031381261931,0,-0.0046,0,0,-24
2254.375,0,158.55789184570313,0,0,-158.55789184570313,0,-0.0048297005165875108,0,-0.004,0,0,-24
2254.5,0,158.56170654296875,0,0.030517578125,-158.56170654296875,0,-0.0048301285043965917,0,-0.0048,0,0,-24
2254.625,0,158.55789184570313,0,-0.030517578125,-158.55789184570313,0,-0.004829689554314791,0,-0.0048,0,0,-24
2254.75,0,158.55789184570313,0,0,-158.55789184570313,0,-0.0048296871862030721,0,-0.0064,0,0,-24
2254.875,0,158.5540771484375,0,-0.030517578125,-158.5540771484375,0,-0.0048292543018332154,0,-0.004,0,0,-24
2255,0,158.55789184570313,0,0.030517578125,-158.55789184570313,0,-0.0048296884467071369,0,-0.005,0,0,-24
2255.125,0,158.5540771484375,0,-0.030517578125,-158.5540771484375,0,-0.0048292555388206315,0,-0.0044,0,0,-24
2255.25,0,158.55026245117188,0,-0.030517578125,-158.55026245117188,0,-0.0048288285397388112,0,-0.0044,0,0,-24
2255.375,0,158.5540771484375,0,0.030517578125,-158.5540771484375,0,-0.0048292684601016463,0,-0.0048,0,0,-24
2255.5,0,158.55789184570313,0,0.030517578125,-158.55789184570313,0,-0.0048297023408312226,0,-0.005,0,0,-24
2255.625,0,158.5540771484375,0,-0.030517578125,-158.5540771484375,0,-0.0048292691737283917,0,-0.0062,0,0,-24
2255.75,0,158.55789184570313,0,0.030517578125,-158.55789184570313,0,-0.0048297030411441596,0,-0.005,0,0,-24
2255.875,0,158.5540771484375,0,-0.030517578125,-158.5540771484375,0,-0.00482926986097591,0,-0.0044,0,0,-24
2256,0,158.55789184570313,0,0.030517578125,-158.55789184570313,0,-0.004829703715570015,0,-0.004,0,0,-24
2256.125,0,158.5540771484375,0,-0.030517578125,-158.5540771484375,0,-0.0048292705228193105,0,-0.0046,0,0,-24
2256.25,0,158.5540771484375,0,0,-158.5540771484375,0,-0.0048292738046267882,0,-0.005,0,0,-24
2256.375,0,158.5540771484375,0,0,-158.5540771484375,0,-0.0048292770252070837,0,-0.0046,0,0,-24
2256.5,0,158.55789184570313,0,0.030517578125,-158.55789184570313,0,-0.0048297107461414005,0,-0.0042,0,0,-24
2256.625,0,158.55789184570313,0,0,-158.55789184570313,0,-0.004829707982663454,0,-0.005,0,0,-24
2256.75,0,158.55789184570313,0,0,-158.55789184570313,0,-0.0048297052707424537,0,-0.0056,0,0,-24
2256.875,0,158.55789184570313,0,0,-158.55789184570313,0,-0.0048297026094165241,0,-0.0044,0,0,-24
2257,0,158.55789184570313,0,0,-158.55789184570313,0,-0.0048296999977417363,0,-0.0048,0,0,-24
2257.125,0,158.55789184570313,0,0,-158.55789184570313,0,-0.004829697434791772,0,-0.004,0,0,-24
2257.25,0,158.5540771484375,0,-0.030517578125,-158.5540771484375,0,-0.004829264359218678,0,-0.0046,0,0,-24
2257.375,0,158.55789184570313,0,0.030517578125,-158.55789184570313,0,-0.004829698316456554,0,-0.0054,0,0,-24
2257.5,0,158.5540771484375,0,-0.030517578125,-158.5540771484375,0,-0.0048292652244346429,0,-0.0038,0,0,-24
2257.625,0,158.54644775390625,0,-0.06103515625,-158.54644775390625,0,-0.0048284074842138329,0,-0.0052,0,0,-24
2257.75,0,158.55789184570313,0,0.091552734375,-158.55789184570313,0,-0.0048297142131350917,0,-0.0042,0,0,-24
2257.875,0,158.55789184570313,0,0,-158.55789184570313,0,-0.004829711384975028,0,-0.0052,0,0,-24
2258,0,158.55789184570313,0,0,-158.55789184570313,0,-0.0048297086095786543,0,-0.0046,0,0,-24
2258.125,0,158.56170654296875,0,0.030517578125,-158.56170654296875,0,-0.0048301364464004961,0,-0.0044,0,0,-24
2258.25,0,158.55789184570313,0,-0.030517578125,-158.55789184570313,0,-0.0048296973481483565,0,-0.0054,0,0,-24
2258.375,0,158.56170654296875,0,0.030517578125,-158.56170654296875,0,-0.0048301253950695589,0,-0.0046,0,0,-24
2258.5,0,158.5540771484375,0,-0.06103515625,-158.5540771484375,0,-0.0048292559425581359,0,-0.0054,0,0,-24
2258.625,0,158.56170654296875,0,0.06103515625,-158.56170654296875,0,-0.0048301206172607159,0,-0.0038,0,0,-24
2258.75,0,158.55789184570313,0,-0.030517578125,-158.55789184570313,0,-0.0048296818143256058,0,-0.0046,0,0,-24
2258.875,0,158.5540771484375,0,-0.030517578125,-158.5540771484375,0,-0.0048292490301764125,0,-0.0042,0,0,-24
2259,0,158.55789184570313,0,0.030517578125,-158.55789184570313,0,-0.0048296832734012266,0,-0.0046,0,0,-24
2259.125,0,158.55789184570313,0,0,-158.55789184570313,0,-0.0048296810224696431,0,-0.0046,0,0,-24
2259.25,0,158.55789184570313,0,0,-158.55789184570313,0,-0.0048296788135326618,0,-0.005,0,0,-24
2259.375,0,158.56552124023438,0,0.06103515625,-158.56552124023438,0,-0.0048305377666846422,0,-0.0044,0,0,-24
2259.5,0,158.56170654296875,0,-0.030517578125,-158.56170654296875,0,-0.0048300933489432776,0,-0.0048,0,0,-24
2259.625,0,158.55789184570313,0,-0.030517578125,-158.55789184570313,0,-0.0048296550547407089,0,-0.0044,0,0,-24
2259.75,0,158.55789184570313,0,0,-158.55789184570313,0,-0.0048296533302717827,0,-0.004,0,0,-24
2259.875,0,158.56170654296875,0,0.030517578125,-158.56170654296875,0,-0.0048300821984143989,0,-0.0048,0,0,-24
2260,0,158.5540771484375,0,-0.06103515625,-158.5540771484375,0,-0.0048292135518032365,0,-0.003,0,0,-24
2260.125,0,158.56170654296875,0,0.06103515625,-158.56170654296875,0,-0.0048300790173707647,0,-0.0048,0,0,-24
2260.25,0,158.55789184570313,0,-0.030517578125,-158.55789184570313,0,-0.0048296409905457969,0,-0.0052,0,0,-24
2260.375,0,158.55789184570313,0,0,-158.55789184570313,0,-0.00482963952846613,0,-0.0044,0,0,-24
2260.5,0,158.55789184570313,0,0,-158.55789184570313,0,-0.0048296380936638161,0,-0.0038,0,0,-24
2260.625,0,158.55789184570313,0,0,-158.55789184570313,0,-0.004829636685629953,0,-0.0048,0,0,-24
2260.75,0,158.56170654296875,0,0.030517578125,-158.56170654296875,0,-0.0048300658643040482,0,-0.003,0,0,-24
2260.875,0,158.5540771484375,0,-0.06103515625,-158.5540771484375,0,-0.0048291975224309209,0,-0.0046,0,0,-24
2261,0,158.56170654296875,0,0.06103515625,-158.56170654296875,0,-0.0048300632870511249,0,-0.0042,0,0,-24
2261.125,0,158.55789184570313,0,-0.030517578125,-158.55789184570313,0,-0.0048296255536995443,0,-0.0046,0,0,-24
2261.25,0,158.56170654296875,0,0.030517578125,-158.56170654296875,0,-0.0048300549400569787,0,-0.0058,0,0,-24
2261.375,0,158.55789184570313,0,-0.030517578125,-158.55789184570313,0,-0.0048296173624314551,0,-0.0044,0,0,-24
2261.5,0,158.55789184570313,0,0,-158.55789184570313,0,-0.0048296163411707237,0,-0.005,0,0,-24
2261.625,0,158.55789184570313,0,0,-158.55789184570313,0,-0.0048296153389631872,0,-0.0046,0,0,-24
2261.75,0,158.5540771484375,0,-0.030517578125,-158.5540771484375,0,-0.0048291837950144622,0,-0.0046,0,0,-24
2261.875,0,158.55789184570313,0,0.030517578125,-158.55789184570313,0,-0.004829619255301891,0,-0.005,0,0,-24
2262,0,158.5540771484375,0,-0.030517578125,-158.5540771484375,0,-0.004829187638287824,0,-0.0046,0,0,-24
2262.125,0,158.56170654296875,0,0.06103515625,-158.56170654296875,0,-0.0048300535873119707,0,-0.0046,0,0,-24
2262.25,0,158.5540771484375,0,-0.06103515625,-158.5540771484375,0,-0.004829185474485076,0,-0.0046,0,0,-24
2262.375,0,158.56170654296875,0,0.06103515625,-158.56170654296875,0,-0.0048300514638783014,0,-0.0042,0,0,-24
2262.5,0,158.55789184570313,0,-0.030517578125,-158.55789184570313,0,-0.0048296139511062545,0,-0.0048,0,0,-24
2262.625,0,158.55789184570313,0,0,-158.55789184570313,0,-0.0048296129934890589,0,-0.005,0,0,-24
2262.75,0,158.56170654296875,0,0.030517578125,-158.56170654296875,0,-0.0048300426141766025,0,-0.0044,0,0,-24
2262.875,0,158.56170654296875,0,0,-158.56170654296875,0,-0.0048300358269483109,0,-0.0054,0,0,-24
2263,0,158.55789184570313,0,-0.030517578125,-158.55789184570313,0,-0.0048295986059073235,0,-0.0044,0,0,-24
2263.125,0,158.55789184570313,0,0,-158.55789184570313,0,-0.0048295979345784933,0,-0.0038,0,0,-24
2263.25,0,158.55789184570313,0,0,-158.55789184570313,0,-0.0048295972757743388,0,-0.0048,0,0,-24
2263.375,0,158.55789184570313,0,0,-158.55789184570313,0,-0.0048295966292611929,0,-0.0046,0,0,-24
2263.5,0,158.5540771484375,0,-0.030517578125,-158.5540771484375,0,-0.00482916543437083,0,-0.004,0,0,-24
2263.625,0,158.5540771484375,0,0,-158.5540771484375,0,-0.004829170676765482,0,-0.0038,0,0,-24
2263.75,0,158.56170654296875,0,0.06103515625,-158.56170654296875,0,-0.0048300369422330019,0,-0.0044,0,0,-24
2263.875,0,158.56170654296875,0,0,-158.56170654296875,0,-0.004830030260823571,0,-0.0052,0,0,-24
2264,0,158.56170654296875,0,0,-158.56170654296875,0,-0.0048300237040661432,0,-0.005,0,0,-24
2264.125,0,158.55789184570313,0,-0.030517578125,-158.55789184570313,0,-0.00482958670919623,0,-0.0044,0,0,-24
2264.25,0,158.5540771484375,0,-0.030517578125,-158.5540771484375,0,-0.004829155699379987,0,-0.0044,0,0,-24
2264.375,0,158.5540771484375,0,0,-158.5540771484375,0,-0.0048291611233959161,0,-0.0048,0,0,-24
2264.5,0,158.55789184570313,0,0.030517578125,-158.55789184570313,0,-0.0048295970066573749,0,-0.0036,0,0,-24
2264.625,0,158.56170654296875,0,0.030517578125,-158.56170654296875,0,-0.0048300269256039341,0,-0.0054,0,0,-24
2264.75,0,158.55789184570313,0,-0.030517578125,-158.55789184570313,0,-0.004829589870631262,0,-0.0044,0,0,-24
2264.875,0,158.55789184570313,0,0,-158.55789184570313,0,-0.0048295893622724868,0,-0.0042,0,0,-24
2265,0,158.55789184570313,0,0,-158.55789184570313,0,-0.0048295888633979288,0,-0.0054,0,0,-24
2265.125,0,158.55789184570313,0,0,-158.55789184570313,0,-0.0048295883738306462,0,-0.0042,0,0,-24
2265.25,0,158.56170654296875,0,0.030517578125,-158.56170654296875,0,-0.00483001845383591,0,-0.0046,0,0,-24
2265.375,0,158.55789184570313,0,-0.030517578125,-158.55789184570313,0,-0.0048295815569171438,0,-0.0046,0,0,-24
2265.5,0,158.55789184570313,0,0,-158.55789184570313,0,-0.0048295812036635351,0,-0.005,0,0,-24
2265.625,0,158.55789184570313,0,0,-158.55789184570313,0,-0.0048295808570004177,0,-0.004,0,0,-24
2265.75,0,158.56170654296875,0,0.030517578125,-158.56170654296875,0,-0.0048300110772437491,0,-0.0046,0,0,-24
2265.875,0,158.55026245117188,0,-0.091552734375,-158.55026245117188,0,-0.00482871319706886,0,-0.004,0,0,-24
2266,0,158.56170654296875,0,0.091552734375,-158.56170654296875,0,-0.004830016390205024,0,-0.0038,0,0,-24
2266.125,0,158.5540771484375,0,-0.06103515625,-158.5540771484375,0,-0.00482914897134756,0,-0.0048,0,0,-24
2266.25,0,158.5540771484375,0,0,-158.5540771484375,0,-0.0048291545208853162,0,-0.0042,0,0,-24
2266.375,0,158.55789184570313,0,0.030517578125,-158.55789184570313,0,-0.0048295905273267985,0,-0.0042,0,0,-24
2266.5,0,158.55789184570313,0,0,-158.55789184570313,0,-0.0048295900067163548,0,-0.004,0,0,-24
2266.625,0,158.55789184570313,0,0,-158.55789184570313,0,-0.0048295894958187025,0,-0.0046,0,0,-24
2266.75,0,158.55789184570313,0,0,-158.55789184570313,0,-0.0048295889944526341,0,-0.0044,0,0,-24
2266.875,0,158.55026245117188,0,-0.06103515625,-158.55026245117188,0,-0.0048287273815624905,0,-0.0044,0,0,-24
2267,0,158.56170654296875,0,0.091552734375,-158.56170654296875,0,-0.0048300303100650369,0,-0.004,0,0,-24
2267.125,0,158.55789184570313,0,-0.030517578125,-158.55789184570313,0,-0.00482959319195002,0,-0.0046,0,0,-24
2267.25,0,158.5540771484375,0,-0.030517578125,-158.5540771484375,0,-0.0048291620611880014,0,-0.0046,0,0,-24
2267.375,0,158.55789184570313,0,0.030517578125,-158.55789184570313,0,-0.0048295979269535015,0,-0.0046,0,0,-24
2267.5,0,158.56170654296875,0,0.030517578125,-158.56170654296875,0,-0.0048300278287305163,0,-0.0054,0,0,-24
2267.625,0,158.5540771484375,0,-0.06103515625,-158.5540771484375,0,-0.0048291601964697076,0,-0.0052,0,0,-24
2267.75,0,158.5540771484375,0,0,-158.5540771484375,0,-0.0048291655365854877,0,-0.0042,0,0,-24
2267.875,0,158.56170654296875,0,0.06103515625,-158.56170654296875,0,-0.0048300318979509977,0,-0.0056,0,0,-24
2268,0,158.56170654296875,0,0,-158.56170654296875,0,-0.0048300253106504315,0,-0.0046,0,0,-24
2268.125,0,158.55789184570313,0,-0.030517578125,-158.55789184570313,0,-0.00482958828580721,0,-0.0046,0,0,-24
2268.25,0,158.56170654296875,0,0.030517578125,-158.56170654296875,0,-0.0048300183674546858,0,-0.0048,0,0,-24
2268.375,0,158.56170654296875,0,0,-158.56170654296875,0,-0.0048300120325864082,0,-0.004,0,0,-24
2268.5,0,158.55789184570313,0,-0.030517578125,-158.55789184570313,0,-0.0048295752554659609,0,-0.005,0,0,-24
2268.625,0,158.55789184570313,0,0,-158.55789184570313,0,-0.0048295750197756481,0,-0.0054,0,0,-24
2268.75,0,158.55789184570313,0,0,-158.55789184570313,0,-0.0048295747884825021,0,-0.0058,0,0,-24
2268.875,0,158.56170654296875,0,0.030517578125,-158.56170654296875,0,-0.004830005121943399,0,-0.004,0,0,-24
2269,0,158.5540771484375,0,-0.06103515625,-158.5540771484375,0,-0.0048291379133127438,0,-0.0052,0,0,-24
2269.125,0,158.5540771484375,0,0,-158.5540771484375,0,-0.0048291436691552036,0,-0.0046,0,0,-24
2269.25,0,158.55789184570313,0,0.030517578125,-158.55789184570313,0,-0.0048295798780524568,0,-0.005,0,0,-24
2269.375,0,158.55789184570313,0,0,-158.55789184570313,0,-0.00482957955612066,0,-0.004,0,0,-24
2269.5,0,158.55789184570313,0,0,-158.55789184570313,0,-0.0048295792401949963,0,-0.005,0,0,-24
2269.625,0,158.55789184570313,0,0,-158.55789184570313,0,-0.0048295789301634143,0,-0.0058,0,0,-24
2269.75,0,158.5540771484375,0,-0.030517578125,-158.5540771484375,0,-0.0048291480654770328,0,-0.0054,0,0,-24
2269.875,0,158.55789184570313,0,0.030517578125,-158.55789184570313,0,-0.0048295841923541184,0,-0.0052,0,0,-24
2270,0,158.5540771484375,0,-0.030517578125,-158.5540771484375,0,-0.0048291532294934495,0,-0.004,0,0,-24
2270.125,0,158.56552124023438,0,0.091552734375,-158.56552124023438,0,-0.0048304503809056733,0,-0.0046,0,0,-24
2270.25,0,158.55789184570313,0,-0.06103515625,-158.55789184570313,0,-0.0048295770330419527,0,-0.0048,0,0,-24
2270.375,0,158.56170654296875,0,0.030517578125,-158.56170654296875,0,-0.00483000732462713,0,-0.0044,0,0,-24
2270.5,0,158.55789184570313,0,-0.030517578125,-158.55789184570313,0,-0.0048295706353409275,0,-0.006,0,0,-24
2270.625,0,158.56170654296875,0,0.030517578125,-158.56170654296875,0,-0.00483000104628509,0,-0.0036,0,0,-24
2270.75,0,158.56170654296875,0,0,-158.56170654296875,0,-0.00482999503456996,0,-0.0044,0,0,-24
2270.875,0,158.56552124023438,0,0.030517578125,-158.56552124023438,0,-0.0048304196954515729,0,-0.0046,0,0,-24
2271,0,158.56170654296875,0,-0.030517578125,-158.56170654296875,0,-0.0048299774805112636,0,-0.005,0,0,-24
2271.125,0,158.56170654296875,0,0,-158.56170654296875,0,-0.00482997190845201,0,-0.0036,0,0,-24
2271.25,0,158.55789184570313,0,-0.030517578125,-158.55789184570313,0,-0.0048295358799092074,0,-0.0052,0,0,-24
2271.375,0,158.55789184570313,0,0,-158.55789184570313,0,-0.0048295363788306679,0,-0.0042,0,0,-24
2271.5,0,158.55789184570313,0,0,-158.55789184570313,0,-0.0048295368684439788,0,-0.0056,0,0,-24
2271.625,0,158.5540771484375,0,-0.030517578125,-158.5540771484375,0,-0.0048291067884838812,0,-0.004,0,0,-24
2271.75,0,158.5540771484375,0,0,-158.5540771484375,0,-0.0048291131250080537,0,-0.0056,0,0,-24
2271.875,0,158.55789184570313,0,0.030517578125,-158.55789184570313,0,-0.0048295499037535067,0,-0.0048,0,0,-24
2272,0,158.56170654296875,0,0.030517578125,-158.56170654296875,0,-0.004829980701477425,0,-0.0044,0,0,-24
2272.125,0,158.55026245117188,0,-0.091552734375,-158.55026245117188,0,-0.0048286833880093307,0,-0.0042,0,0,-24
2272.25,0,158.55789184570313,0,0.06103515625,-158.55789184570313,0,-0.0048295565768405871,0,-0.0058,0,0,-24
2272.375,0,158.5540771484375,0,-0.030517578125,-158.5540771484375,0,-0.0048291261291899378,0,-0.0046,0,0,-24
2272.5,0,158.55789184570313,0,0.030517578125,-158.55789184570313,0,-0.00482956266532231,0,-0.0054,0,0,-24
2272.625,0,158.5540771484375,0,-0.030517578125,-158.5540771484375,0,-0.004829132104081639,0,-0.0052,0,0,-24
2272.75,0,158.5540771484375,0,0,-158.5540771484375,0,-0.00482913796830427,0,-0.0048,0,0,-24
2272.875,0,158.55789184570313,0,0.030517578125,-158.55789184570313,0,-0.0048295742835596945,0,-0.0056,0,0,-24
2273,0,158.55789184570313,0,0,-158.55789184570313,0,-0.0048295740660017931,0,-0.0046,0,0,-24
2273.125,0,158.55789184570313,0,0,-158.55789184570313,0,-0.00482957385250277,0,-0.0048,0,0,-24
2273.25,0,158.56170654296875,0,0.030517578125,-158.56170654296875,0,-0.0048300042034258132,0,-0.0052,0,0,-24
2273.375,0,158.5540771484375,0,-0.06103515625,-158.5540771484375,0,-0.0048291370119315216,0,-0.0054,0,0,-24
2273.5,0,158.56170654296875,0,0.06103515625,-158.56170654296875,0,-0.0048300039054684695,0,-0.0052,0,0,-24
2273.625,0,158.55789184570313,0,-0.030517578125,-158.55789184570313,0,-0.0048295672799719483,0,-0.0042,0,0,-24
2273.75,0,158.56170654296875,0,0.030517578125,-158.56170654296875,0,-0.0048299977535156968,0,-0.0054,0,0,-24
2273.875,0,158.56170654296875,0,0,-158.56170654296875,0,-0.0048299918032322616,0,-0.0048,0,0,-24
2274,0,158.5540771484375,0,-0.06103515625,-158.5540771484375,0,-0.0048291248430827162,0,-0.0046,0,0,-24
2274.125,0,158.55789184570313,0,0.030517578125,-158.55789184570313,0,-0.0048295614032094038,0,-0.0036,0,0,-24
2274.25,0,158.55789184570313,0,0,-158.55789184570313,0,-0.0048295614259543131,0,-0.0052,0,0,-24
2274.375,0,158.55789184570313,0,0,-158.55789184570313,0,-0.0048295614482748812,0,-0.0056,0,0,-24
2274.5,0,158.5540771484375,0,-0.030517578125,-158.5540771484375,0,-0.004829130909740108,0,-0.0048,0,0,-24
2274.625,0,158.56170654296875,0,0.06103515625,-158.56170654296875,0,-0.0048299979171228533,0,-0.0052,0,0,-24
2274.75,0,158.5540771484375,0,-0.06103515625,-158.5540771484375,0,-0.0048291308429092442,0,-0.004,0,0,-24
2274.875,0,158.55026245117188,0,-0.030517578125,-158.55026245117188,0,-0.0048287061702220755,0,-0.0046,0,0,-24
2275,0,158.55789184570313,0,0.06103515625,-158.55789184570313,0,-0.0048295789340159967,0,-0.0046,0,0,-24
2275.125,0,158.56170654296875,0,0.030517578125,-158.56170654296875,0,-0.0048300091901355693,0,-0.0044,0,0,-24
2275.25,0,158.56170654296875,0,0,-158.56170654296875,0,-0.0048300030264843419,0,-0.006,0,0,-24
2275.375,0,158.55789184570313,0,-0.030517578125,-158.55789184570313,0,-0.0048295664173866257,0,-0.0048,0,0,-24
2275.5,0,158.56552124023438,0,0.06103515625,-158.56552124023438,0,-0.0048304274674621549,0,-0.0048,0,0,-24
2275.625,0,158.56552124023438,0,0,-158.56552124023438,0,-0.0048304156679619152,0,-0.0058,0,0,-24
2275.75,0,158.56552124023438,0,0,-158.56552124023438,0,-0.0048304040885995608,0,-0.004,0,0,-24
2275.875,0,158.56170654296875,0,-0.030517578125,-158.56170654296875,0,-0.00482996216482916,0,-0.0036,0,0,-24
2276,0,158.56170654296875,0,0,-158.56170654296875,0,-0.00482995687850759,0,-0.0058,0,0,-24
2276.125,0,158.56170654296875,0,0,-158.56170654296875,0,-0.0048299516908105076,0,-0.0056,0,0,-24
2276.25,0,158.56170654296875,0,0,-158.56170654296875,0,-0.0048299465998979194,0,-0.0046,0,0,-24
2276.375,0,158.56170654296875,0,0,-158.56170654296875,0,-0.0048299416039641616,0,-0.005,0,0,-24
2276.5,0,158.5540771484375,0,-0.06103515625,-158.5540771484375,0,-0.0048290755803594276,0,-0.005,0,0,-24
2276.625,0,158.55789184570313,0,0.030517578125,-158.55789184570313,0,-0.0048295130595582374,0,-0.0048,0,0,-24
2276.75,0,158.55789184570313,0,0,-158.55789184570313,0,-0.0048295139842285612,0,-0.0058,0,0,-24
2276.875,0,158.55789184570313,0,0,-158.55789184570313,0,-0.0048295148916477331,0,-0.0044,0,0,-24
2277,0,158.56170654296875,0,0.030517578125,-158.56170654296875,0,-0.0048299463425765131,0,-0.006,0,0,-24
2277.125,0,158.5540771484375,0,-0.06103515625,-158.5540771484375,0,-0.0048290802305656529,0,-0.0048,0,0,-24
2277.25,0,158.55026245117188,0,-0.030517578125,-158.55026245117188,0,-0.0048286565021298565,0,-0.0042,0,0,-24
2277.375,0,158.55789184570313,0,0.06103515625,-158.55789184570313,0,-0.0048295301925586837,0,-0.0044,0,0,-24
2277.5,0,158.55026245117188,0,-0.06103515625,-158.55026245117188,0,-0.0048286696767086117,0,-0.0052,0,0,-24
2277.625,0,158.5540771484375,0,0.030517578125,-158.5540771484375,0,-0.0048291125609064255,0,-0.0044,0,0,-24
2277.75,0,158.5540771484375,0,0,-158.5540771484375,0,-0.0048291187897371484,0,-0.0046,0,0,-24
2277.875,0,158.55789184570313,0,0.030517578125,-158.55789184570313,0,-0.0048295554627983388,0,-0.005,0,0,-24
2278,0,158.55789184570313,0,0,-158.55789184570313,0,-0.0048295555963707836,0,-0.0058,0,0,-24
2278.125,0,158.5540771484375,0,-0.030517578125,-158.5540771484375,0,-0.0048291251670123121,0,-0.0046,0,0,-24
2278.25,0,158.5540771484375,0,0,-158.5540771484375,0,-0.0048291311606566759,0,-0.005,0,0,-24
2278.375,0,158.55026245117188,0,-0.030517578125,-158.55026245117188,0,-0.0048287064820414383,0,-0.0048,0,0,-24
2278.5,0,158.55789184570313,0,0.06103515625,-158.55789184570313,0,-0.004829579240017888,0,-0.0052,0,0,-24
2278.625,0,158.55789184570313,0,0,-158.55789184570313,0,-0.00482957892998961,0,-0.0054,0,0,-24
2278.75,0,158.55789184570313,0,0,-158.55789184570313,0,-0.004829578625745388,0,-0.0052,0,0,-24
2278.875,0,158.55789184570313,0,0,-158.55789184570313,0,-0.0048295783271773115,0,-0.0042,0,0,-24
2279,0,158.5540771484375,0,-0.030517578125,-158.5540771484375,0,-0.0048291474737405665,0,-0.0056,0,0,-24
2279.125,0,158.55789184570313,0,0.030517578125,-158.55789184570313,0,-0.0048295836116574089,0,-0.0046,0,0,-24
2279.25,0,158.55789184570313,0,0,-158.55789184570313,0,-0.00482958322006945,0,-0.004,0,0,-24
2279.375,0,158.55789184570313,0,0,-158.55789184570313,0,-0.0048295828357871684,0,-0.0054,0,0,-24
2279.5,0,158.55789184570313,0,0,-158.55789184570313,0,-0.0048295824586742659,0,-0.0046,0,0,-24
2279.625,0,158.55789184570313,0,0,-158.55789184570313,0,-0.0048295820885969863,0,-0.0046,0,0,-24
2279.75,0,158.55789184570313,0,0,-158.55789184570313,0,-0.0048295817254240692,0,-0.0052,0,0,-24
2279.875,0,158.55026245117188,0,-0.06103515625,-158.55026245117188,0,-0.00482872024814887,0,-0.0044,0,0,-24
2280,0,158.56552124023438,0,0.1220703125,-158.56552124023438,0,-0.004830453870175176,0,-0.0056,0,0,-24
2280.125,0,158.55789184570313,0,-0.06103515625,-158.55789184570313,0,-0.0048295804572137477,0,-0.004,0,0,-24
2280.25,0,158.56170654296875,0,0.030517578125,-158.56170654296875,0,-0.0048300106849157162,0,-0.004,0,0,-24
2280.375,0,158.56170654296875,0,0,-158.56170654296875,0,-0.0048300044933770585,0,-0.0044,0,0,-24
2280.5,0,158.55026245117188,0,-0.091552734375,-158.55026245117188,0,-0.0048287067360343622,0,-0.004,0,0,-24
2280.625,0,158.55789184570313,0,0.06103515625,-158.55789184570313,0,-0.0048295794892721823,0,-0.0042,0,0,-24
2280.75,0,158.56170654296875,0,0.030517578125,-158.56170654296875,0,-0.0048300097350325944,0,-0.0046,0,0,-24
2280.875,0,158.5540771484375,0,-0.06103515625,-158.5540771484375,0,-0.004829142440337642,0,-0.0042,0,0,-24
2281,0,158.55789184570313,0,0.030517578125,-158.55789184570313,0,-0.0048295786721603831,0,-0.006,0,0,-24
2281.125,0,158.56552124023438,0,0.06103515625,-158.56552124023438,0,-0.0048304394936041963,0,-0.0044,0,0,-24
2281.25,0,158.56170654296875,0,-0.030517578125,-158.56170654296875,0,-0.0048299969092987982,0,-0.0046,0,0,-24
2281.375,0,158.56552124023438,0,0.030517578125,-158.56552124023438,0,-0.0048304215352044516,0,-0.0046,0,0,-24
2281.5,0,158.55789184570313,0,-0.06103515625,-158.55789184570313,0,-0.0048295487255018005,0,-0.0042,0,0,-24
2281.625,0,158.55789184570313,0,0,-158.55789184570313,0,-0.0048295489847689091,0,-0.005,0,0,-24
2281.75,0,158.55789184570313,0,0,-158.55789184570313,0,-0.0048295492391989894,0,-0.0042,0,0,-24
2281.875,0,158.56170654296875,0,0.030517578125,-158.56170654296875,0,-0.0048299800493211975,0,-0.0064,0,0,-24
2282,0,158.5540771484375,0,-0.06103515625,-158.5540771484375,0,-0.0048291133084590009,0,-0.0052,0,0,-24
2282.125,0,158.55789184570313,0,0.030517578125,-158.55789184570313,0,-0.004829550083781893,0,-0.0048,0,0,-24
2282.25,0,158.55789184570313,0,0,-158.55789184570313,0,-0.0048295503177081906,0,-0.0046,0,0,-24
2282.375,0,158.56170654296875,0,0.030517578125,-158.56170654296875,0,-0.0048299811077091451,0,-0.0054,0,0,-24
2282.5,0,158.55789184570313,0,-0.030517578125,-158.55789184570313,0,-0.0048295449075400048,0,-0.0046,0,0,-24
2282.625,0,158.55789184570313,0,0,-158.55789184570313,0,-0.0048295452380370824,0,-0.005,0,0,-24
2282.75,0,158.5540771484375,0,-0.030517578125,-158.5540771484375,0,-0.00482911500192931,0,-0.006,0,0,-24
2282.875,0,158.56170654296875,0,0.06103515625,-158.56170654296875,0,-0.0048299823060968137,0,-0.0034,0,0,-24
2283,0,158.55789184570313,0,-0.030517578125,-158.55789184570313,0,-0.0048295460835699024,0,-0.0054,0,0,-24
2283.125,0,158.55789184570313,0,0,-158.55789184570313,0,-0.0048295463921263276,0,-0.0052,0,0,-24
2283.25,0,158.55026245117188,0,-0.06103515625,-158.55026245117188,0,-0.0048286855740483229,0,-0.0046,0,0,-24
2283.375,0,158.55789184570313,0,0.06103515625,-158.55789184570313,0,-0.0048295587220956483,0,-0.005,0,0,-24
2283.5,0,158.5540771484375,0,-0.030517578125,-158.5540771484375,0,-0.0048291282344219552,0,-0.0046,0,0,-24
2283.625,0,158.5540771484375,0,0,-158.5540771484375,0,-0.0048291341708390587,0,-0.0044,0,0,-24
2283.75,0,158.55789184570313,0,0.030517578125,-158.55789184570313,0,-0.0048295705569420576,0,-0.0052,0,0,-24
2283.875,0,158.5540771484375,0,-0.030517578125,-158.5540771484375,0,-0.0048291398484710422,0,-0.0048,0,0,-24
2284,0,158.5540771484375,0,0,-158.5540771484375,0,-0.0048291455682101378,0,-0.0046,0,0,-24
2284.125,0,158.55789184570313,0,0.030517578125,-158.55789184570313,0,-0.0048295817416775912,0,-0.0044,0,0,-24
2284.25,0,158.56170654296875,0,0.030517578125,-158.56170654296875,0,-0.0048300119454159039,0,-0.0038,0,0,-24
2284.375,0,158.55789184570313,0,-0.030517578125,-158.55789184570313,0,-0.0048295751699217564,0,-0.0054,0,0,-24
2284.5,0,158.56170654296875,0,0.030517578125,-158.56170654296875,0,-0.0048300054962663154,0,-0.0058,0,0,-24
2284.625,0,158.56170654296875,0,0,-158.56170654296875,0,-0.0048299994015299184,0,-0.0046,0,0,-24
2284.75,0,158.55026245117188,0,-0.091552734375,-158.55026245117188,0,-0.0048287017391834882,0,-0.0048,0,0,-24
2284.875,0,158.55789184570313,0,0.06103515625,-158.55789184570313,0,-0.0048295745856452724,0,-0.0048,0,0,-24
2285,0,158.55789184570313,0,0,-158.55789184570313,0,-0.0048295743624514982,0,-0.0042,0,0,-24
2285.125,0,158.55789184570313,0,0,-158.55789184570313,0,-0.0048295741434217481,0,-0.005,0,0,-24
2285.25,0,158.55789184570313,0,0,-158.55789184570313,0,-0.0048295739284783361,0,-0.0048,0,0,-24
2285.375,0,158.55789184570313,0,0,-158.55789184570313,0,-0.0048295737175450253,0,-0.0054,0,0,-24
2285.5,0,158.5540771484375,0,-0.030517578125,-158.5540771484375,0,-0.004829142950108084,0,-0.0048,0,0,-24
2285.625,0,158.55789184570313,0,0.030517578125,-158.55789184570313,0,-0.0048295791724202713,0,-0.0038,0,0,-24
2285.75,0,158.56170654296875,0,0.030517578125,-158.56170654296875,0,-0.0048300094240920442,0,-0.0044,0,0,-24
2285.875,0,158.55026245117188,0,-0.091552734375,-158.55026245117188,0,-0.0048287115747592509,0,-0.0042,0,0,-24
2286,0,158.5540771484375,0,0.030517578125,-158.5540771484375,0,-0.0048291536772842748,0,-0.0046,0,0,-24
2286.125,0,158.5540771484375,0,0,-158.5540771484375,0,-0.00482915913902552,0,-0.0052,0,0,-24
2286.25,0,158.55789184570313,0,0.030517578125,-158.55789184570313,0,-0.00482959505930847,0,-0.0032,0,0,-24
2286.375,0,158.56170654296875,0,0.030517578125,-158.56170654296875,0,-0.0048300250145858281,0,-0.0038,0,0,-24
2286.5,0,158.55789184570313,0,-0.030517578125,-158.55789184570313,0,-0.0048295879952661479,0,-0.0044,0,0,-24
2286.625,0,158.55789184570313,0,0,-158.55789184570313,0,-0.004829587521895203,0,-0.0038,0,0,-24
2286.75,0,158.55789184570313,0,0,-158.55789184570313,0,-0.0048295870573557232,0,-0.005,0,0,-24
2286.875,0,158.55789184570313,0,0,-158.55789184570313,0,-0.0048295866014829445,0,-0.0042,0,0,-24
2287,0,158.5540771484375,0,-0.030517578125,-158.5540771484375,0,-0.0048291555936762591,0,-0.0038,0,0,-24
2287.125,0,158.55789184570313,0,0.030517578125,-158.55789184570313,0,-0.0048295915801031706,0,-0.0042,0,0,-24
2287.25,0,158.55789184570313,0,0,-158.55789184570313,0,-0.004829591039851559,0,-0.0052,0,0,-24
2287.375,0,158.55789184570313,0,0,-158.55789184570313,0,-0.0048295905096791747,0,-0.0046,0,0,-24
2287.5,0,158.5540771484375,0,-0.030517578125,-158.5540771484375,0,-0.0048291594289590579,0,-0.0042,0,0,-24
2287.625,0,158.5540771484375,0,0,-158.5540771484375,0,-0.0048291647833939343,0,-0.0048,0,0,-24
2287.75,0,158.55789184570313,0,0.030517578125,-158.55789184570313,0,-0.0048296005983724816,0,-0.004,0,0,-24
2287.875,0,158.56170654296875,0,0.030517578125,-158.56170654296875,0,-0.004830030450310053,0,-0.0054,0,0,-24
2288,0,158.55789184570313,0,-0.030517578125,-158.55789184570313,0,-0.0048295933295785494,0,-0.0044,0,0,-24
2288.125,0,158.55789184570313,0,0,-158.55789184570313,0,-0.0048295927566877747,0,-0.0048,0,0,-24
2288.25,0,158.5540771484375,0,-0.030517578125,-158.5540771484375,0,-0.0048291616340462454,0,-0.0046,0,0,-24
2288.375,0,158.56170654296875,0,0.06103515625,-158.56170654296875,0,-0.004830028068219647,0,-0.0048,0,0,-24
2288.5,0,158.5540771484375,0,-0.06103515625,-158.5540771484375,0,-0.0048291604314907996,0,-0.006,0,0,-24
2288.625,0,158.56170654296875,0,0.06103515625,-158.56170654296875,0,-0.0048300268880997286,0,-0.0044,0,0,-24
2288.75,0,158.5540771484375,0,-0.06103515625,-158.5540771484375,0,-0.0048291592733878388,0,-0.004,0,0,-24
2288.875,0,158.55789184570313,0,0.030517578125,-158.55789184570313,0,-0.0048295951911640524,0,-0.0046,0,0,-24
2289,0,158.55789184570313,0,0,-158.55789184570313,0,-0.0048295945835425281,0,-0.0052,0,0,-24
2289.125,0,158.55789184570313,0,0,-158.55789184570313,0,-0.0048295939872571208,0,-0.005,0,0,-24
2289.25,0,158.55789184570313,0,0,-158.55789184570313,0,-0.0048295934020963381,0,-0.0046,0,0,-24
2289.375,0,158.55789184570313,0,0,-158.55789184570313,0,-0.0048295928278526325,0,-0.0052,0,0,-24
2289.5,0,158.55789184570313,0,0,-158.55789184570313,0,-0.0048295922643223294,0,-0.0044,0,0,-24
2289.625,0,158.55789184570313,0,0,-158.55789184570313,0,-0.0048295917113055538,0,-0.0044,0,0,-24
2289.75,0,158.5540771484375,0,-0.030517578125,-158.5540771484375,0,-0.004829160608167243,0,-0.0048,0,0,-24
2289.875,0,158.55789184570313,0,0.030517578125,-158.55789184570313,0,-0.0048295965010410873,0,-0.0046,0,0,-24
2290,0,158.55789184570313,0,0,-158.55789184570313,0,-0.0048295958689817849,0,-0.0046,0,0,-24
2290.125,0,158.5540771484375,0,-0.030517578125,-158.5540771484375,0,-0.0048291646882756079,0,-0.0042,0,0,-24
2290.25,0,158.56170654296875,0,0.06103515625,-158.56170654296875,0,-0.0048300310654676481,0,-0.0048,0,0,-24
2290.375,0,158.55789184570313,0,-0.030517578125,-158.55789184570313,0,-0.00482959393325943,0,-0.005,0,0,-24
2290.5,0,158.55789184570313,0,0,-158.55789184570313,0,-0.0048295933491060575,0,-0.0044,0,0,-24
2290.625,0,158.56170654296875,0,0.030517578125,-158.56170654296875,0,-0.0048300233362898806,0,-0.0038,0,0,-24
2290.75,0,158.5540771484375,0,-0.06103515625,-158.5540771484375,0,-0.0048291557878424847,0,-0.0042,0,0,-24
2290.875,0,158.56170654296875,0,0.06103515625,-158.56170654296875,0,-0.0048300223310858391,0,-0.0056,0,0,-24
2291,0,158.55789184570313,0,-0.030517578125,-158.55789184570313,0,-0.0048295853618309922,0,-0.005,0,0,-24
2291.125,0,158.5540771484375,0,-0.030517578125,-158.5540771484375,0,-0.0048291543771519273,0,-0.0038,0,0,-24
2291.25,0,158.5540771484375,0,0,-158.5540771484375,0,-0.0048291598258360614,0,-0.0052,0,0,-24
2291.375,0,158.56170654296875,0,0.06103515625,-158.56170654296875,0,-0.0048300262937444145,0,-0.0044,0,0,-24
2291.5,0,158.56170654296875,0,0,-158.56170654296875,0,-0.00483001981099897,0,-0.0044,0,0,-24
2291.625,0,158.55026245117188,0,-0.091552734375,-158.55026245117188,0,-0.0048287217678823994,0,-0.0048,0,0,-24
2291.75,0,158.55789184570313,0,0.06103515625,-158.55789184570313,0,-0.0048295942406778973,0,-0.0046,0,0,-24
2291.875,0,158.56170654296875,0,0.030517578125,-158.56170654296875,0,-0.004830024211228072,0,-0.005,0,0,-24
2292,0,158.56170654296875,0,0,-158.56170654296875,0,-0.0048300177673351839,0,-0.0044,0,0,-24
2292.125,0,158.55789184570313,0,-0.030517578125,-158.55789184570313,0,-0.0048295808832241483,0,-0.0062,0,0,-24
2292.25,0,158.55789184570313,0,0,-158.55789184570313,0,-0.0048295805425393216,0,-0.0042,0,0,-24
2292.375,0,158.55789184570313,0,0,-158.55789184570313,0,-0.0048295802082104966,0,-0.0052,0,0,-24
2292.5,0,158.5540771484375,0,-0.030517578125,-158.5540771484375,0,-0.0048291493196801752,0,-0.0048,0,0,-24
2292.625,0,158.55789184570313,0,0.030517578125,-158.55789184570313,0,-0.0048295854231581656,0,-0.0054,0,0,-24
2292.75,0,158.56170654296875,0,0.030517578125,-158.56170654296875,0,-0.0048300155582127772,0,-0.0044,0,0,-24
2292.875,0,158.55789184570313,0,-0.030517578125,-158.55789184570313,0,-0.0048295787153163289,0,-0.0054,0,0,-24
2293,0,158.5540771484375,0,-0.030517578125,-158.5540771484375,0,-0.0048291478546382514,0,-0.0048,0,0,-24
2293.125,0,158.56552124023438,0,0.091552734375,-158.56552124023438,0,-0.0048304451063266932,0,-0.0044,0,0,-24
2293.25,0,158.55789184570313,0,-0.06103515625,-158.55789184570313,0,-0.0048295718568683822,0,-0.004,0,0,-24
2293.375,0,158.55789184570313,0,0,-158.55789184570313,0,-0.0048295716845841519,0,-0.0058,0,0,-24
2293.5,0,158.55789184570313,0,0,-158.55789184570313,0,-0.00482957151551415,0,-0.0044,0,0,-24
2293.625,0,158.55789184570313,0,0,-158.55789184570313,0,-0.00482957134959841,0,-0.005,0,0,-24
2293.75,0,158.56170654296875,0,0.030517578125,-158.56170654296875,0,-0.0048300017472169962,0,-0.0046,0,0,-24
2293.875,0,158.55789184570313,0,-0.030517578125,-158.55789184570313,0,-0.0048295651619859872,0,-0.0046,0,0,-24
2294,0,158.56552124023438,0,0.06103515625,-158.56552124023438,0,-0.0048304262354829522,0,-0.005,0,0,-24
2294.125,0,158.5540771484375,0,-0.091552734375,-158.5540771484375,0,-0.0048291227776504353,0,-0.004,0,0,-24
2294.25,0,158.56170654296875,0,0.06103515625,-158.56170654296875,0,-0.0048299899367498624,0,-0.0048,0,0,-24
2294.375,0,158.55789184570313,0,-0.030517578125,-158.55789184570313,0,-0.0048295535718613425,0,-0.0056,0,0,-24
2294.5,0,158.55789184570313,0,0,-158.55789184570313,0,-0.0048295537407121352,0,-0.0042,0,0,-24
2294.625,0,158.5540771484375,0,-0.030517578125,-158.5540771484375,0,-0.0048291233459738393,0,-0.0044,0,0,-24
2294.75,0,158.5540771484375,0,0,-158.5540771484375,0,-0.0048291293735924865,0,-0.0044,0,0,-24
2294.875,0,158.5540771484375,0,0,-158.5540771484375,0,-0.0048291352887566063,0,-0.0046,0,0,-24
2295,0,158.56170654296875,0,0.06103515625,-158.56170654296875,0,-0.0048300022144420413,0,-0.0042,0,0,-24
2295.125,0,158.55789184570313,0,-0.030517578125,-158.55789184570313,0,-0.0048295656204942281,0,-0.0042,0,0,-24
2295.25,0,158.56170654296875,0,0.030517578125,-158.56170654296875,0,-0.0048299961249980948,0,-0.0048,0,0,-24
2295.375,0,158.56552124023438,0,0.030517578125,-158.56552124023438,0,-0.0048304207655360887,0,-0.0062,0,0,-24
2295.5,0,158.56170654296875,0,-0.030517578125,-158.56170654296875,0,-0.0048299785306317013,0,-0.0042,0,0,-24
2295.625,0,158.55789184570313,0,-0.030517578125,-158.55789184570313,0,-0.0048295423785419175,0,-0.0044,0,0,-24
2295.75,0,158.55789184570313,0,0,-158.55789184570313,0,-0.0048295427562213564,0,-0.004,0,0,-24
2295.875,0,158.55789184570313,0,0,-158.55789184570313,0,-0.0048295431268546027,0,-0.0052,0,0,-24
2296,0,158.56170654296875,0,0.030517578125,-158.56170654296875,0,-0.004829974051012027,0,-0.005,0,0,-24
2296.125,0,158.55789184570313,0,-0.030517578125,-158.55789184570313,0,-0.004829537982496461,0,-0.0042,0,0,-24
2296.25,0,158.56170654296875,0,0.030517578125,-158.56170654296875,0,-0.0048299690026298251,0,-0.0048,0,0,-24
2296.375,0,158.56170654296875,0,0,-158.56170654296875,0,-0.0048299635887385324,0,-0.0054,0,0,-24
2296.5,0,158.56170654296875,0,0,-158.56170654296875,0,-0.0048299582758517361,0,-0.005,0,0,-24
2296.625,0,158.55789184570313,0,-0.030517578125,-158.55789184570313,0,-0.0048295225016461284,0,-0.0052,0,0,-24
2296.75,0,158.5540771484375,0,-0.030517578125,-158.5540771484375,0,-0.0048290926897208153,0,-0.0038,0,0,-24
2296.875,0,158.56552124023438,0,0.091552734375,-158.56552124023438,0,-0.00483039097059592,0,-0.0044,0,0,-24
2297,0,158.56170654296875,0,-0.030517578125,-158.56170654296875,0,-0.00482994929156212,0,-0.0044,0,0,-24
2297.125,0,158.55789184570313,0,-0.030517578125,-158.55789184570313,0,-0.0048295136849723,0,-0.0042,0,0,-24
2297.25,0,158.55789184570313,0,0,-158.55789184570313,0,-0.0048295145979745588,0,-0.0056,0,0,-24
2297.375,0,158.56170654296875,0,0.030517578125,-158.56170654296875,0,-0.0048299460543822651,0,-0.0044,0,0,-24
2297.5,0,158.55789184570313,0,-0.030517578125,-158.55789184570313,0,-0.00482951050818703,0,-0.0058,0,0,-24
2297.625,0,158.5540771484375,0,-0.030517578125,-158.5540771484375,0,-0.0048290809200182043,0,-0.0044,0,0,-24
2297.75,0,158.55789184570313,0,0.030517578125,-158.55789184570313,0,-0.00482951829959744,0,-0.0046,0,0,-24
2297.875,0,158.55789184570313,0,0,-158.55789184570313,0,-0.0048295191265067461,0,-0.0044,0,0,-24
2298,0,158.55789184570313,0,0,-158.55789184570313,0,-0.004829519937988783,0,-0.0042,0,0,-24
2298.125,0,158.55789184570313,0,0,-158.55789184570313,0,-0.00482952073433137,0,-0.0034,0,0,-24
2298.25,0,158.55789184570313,0,0,-158.55789184570313,0,-0.0048295215158169575,0,-0.004,0,0,-24
2298.375,0,158.55789184570313,0,0,-158.55789184570313,0,-0.0048295222827227256,0,-0.005,0,0,-24
2298.5,0,158.56170654296875,0,0.030517578125,-158.56170654296875,0,-0.0048299535957595958,0,-0.0046,0,0,-24
2298.625,0,158.5540771484375,0,-0.06103515625,-158.5540771484375,0,-0.0048290873484294131,0,-0.0048,0,0,-24
2298.75,0,158.5540771484375,0,0,-158.5540771484375,0,-0.0048290940476378007,0,-0.0044,0,0,-24
2298.875,0,158.5540771484375,0,0,-158.5540771484375,0,-0.0048291006218621185,0,-0.004,0,0,-24
2299,0,158.5540771484375,0,0,-158.5540771484375,0,-0.0048291070734341364,0,-0.0054,0,0,-24
2299.125,0,158.5540771484375,0,0,-158.5540771484375,0,-0.0048291134046421222,0,-0.0044,0,0,-24
2299.25,0,158.5540771484375,0,0,-158.5540771484375,0,-0.0048291196177316538,0,-0.0048,0,0,-24
2299.375,0,158.55789184570313,0,0.030517578125,-158.55789184570313,0,-0.0048295562753453286,0,-0.0042,0,0,-24
2299.5,0,158.55789184570313,0,0,-158.55789184570313,0,-0.0048295563937584551,0,-0.005,0,0,-24
2299.625,0,158.55026245117188,0,-0.06103515625,-158.55026245117188,0,-0.0048286953890845693,0,-0.004,0,0,-24
2299.75,0,158.56170654296875,0,0.091552734375,-158.56170654296875,0,-0.0048299989144561612,0,-0.0058,0,0,-24
2299.875,0,158.5540771484375,0,-0.06103515625,-158.5540771484375,0,-0.00482913182163576,0,-0.0048,0,0,-24
2300,0,158.55026245117188,0,-0.030517578125,-158.55026245117188,0,-0.0048287071306889378,0,-0.0048,0,0,-24
2300.125,0,158.5540771484375,0,0.030517578125,-158.5540771484375,0,-0.0048291493161249505,0,-0.0044,0,0,-24
2300.25,0,158.55789184570313,0,0.030517578125,-158.55789184570313,0,-0.0048295854196692689,0,-0.0042,0,0,-24
2300.375,0,158.5540771484375,0,-0.030517578125,-158.5540771484375,0,-0.0048291544339111418,0,-0.005,0,0,-24
2300.5,0,158.5540771484375,0,0,-158.5540771484375,0,-0.0048291598815363452,0,-0.0046,0,0,-24
2300.625,0,158.55789184570313,0,0.030517578125,-158.55789184570313,0,-0.00482959578796661,0,-0.0052,0,0,-24
2300.75,0,158.55789184570313,0,0,-158.55789184570313,0,-0.0048295951692108128,0,-0.0052,0,0,-24
2300.875,0,158.55789184570313,0,0,-158.55789184570313,0,-0.0048295945619988593,0,-0.0048,0,0,-24
2301,0,158.5540771484375,0,-0.030517578125,-158.5540771484375,0,-0.0048291634056764655,0,-0.0044,0,0,-24
2301.125,0,158.5540771484375,0,0,-158.5540771484375,0,-0.0048291686859195417,0,-0.005,0,0,-24
2301.25,0,158.5540771484375,0,0,-158.5540771484375,0,-0.0048291738676515348,0,-0.0052,0,0,-24
2301.375,0,158.55026245117188,0,-0.030517578125,-158.55026245117188,0,-0.0048287483922714045,0,-0.0046,0,0,-24
2301.5,0,158.55789184570313,0,0.06103515625,-158.55789184570313,0,-0.0048296203683478407,0,-0.0046,0,0,-24
2301.625,0,158.55789184570313,0,0,-158.55789184570313,0,-0.0048296192910071006,0,-0.0044,0,0,-24
2301.75,0,158.54644775390625,0,-0.091552734375,-158.54644775390625,0,-0.0048283265524490674,0,-0.0042,0,0,-24
2301.875,0,158.55789184570313,0,0.091552734375,-158.55789184570313,0,-0.0048296347912772878,0,-0.0044,0,0,-24
2302,0,158.55026245117188,0,-0.06103515625,-158.55026245117188,0,-0.0048287723239767086,0,-0.004,0,0,-24
2302.125,0,158.5540771484375,0,0.030517578125,-158.5540771484375,0,-0.0048292132931313349,0,-0.005,0,0,-24
2302.25,0,158.55789184570313,0,0.030517578125,-158.55789184570313,0,-0.0048296482030858734,0,-0.0062,0,0,-24
2302.375,0,158.55026245117188,0,-0.06103515625,-158.55026245117188,0,-0.0048287854855673081,0,-0.005,0,0,-24
2302.5,0,158.55789184570313,0,0.06103515625,-158.55789184570313,0,-0.0048296567696110683,0,-0.0046,0,0,-24
2302.625,0,158.55789184570313,0,0,-158.55789184570313,0,-0.0048296550131485894,0,-0.0042,0,0,-24
2302.75,0,158.55789184570313,0,0,-158.55789184570313,0,-0.0048296532894556285,0,-0.0048,0,0,-24
2302.875,0,158.5540771484375,0,-0.030517578125,-158.5540771484375,0,-0.0048292210374819029,0,-0.0038,0,0,-24
2303,0,158.55026245117188,0,-0.030517578125,-158.55026245117188,0,-0.0048287946820757969,0,-0.0046,0,0,-24
2303.125,0,158.55789184570313,0,0.06103515625,-158.55789184570313,0,-0.0048296657945444991,0,-0.0046,0,0,-24
2303.25,0,158.55789184570313,0,0,-158.55789184570313,0,-0.0048296638697079607,0,-0.0048,0,0,-24
2303.375,0,158.5540771484375,0,-0.030517578125,-158.5540771484375,0,-0.0048292314203433008,0,-0.0042,0,0,-24
2303.5,0,158.55789184570313,0,0.030517578125,-158.55789184570313,0,-0.004829665992106727,0,-0.0046,0,0,-24
2303.625,0,158.5540771484375,0,-0.030517578125,-158.5540771484375,0,-0.0048292335031454433,0,-0.0038,0,0,-24
2303.75,0,158.55026245117188,0,-0.030517578125,-158.55026245117188,0,-0.0048288069151731479,0,-0.006,0,0,-24
2303.875,0,158.56170654296875,0,0.091552734375,-158.56170654296875,0,-0.0048301083598534548,0,-0.005,0,0,-24
2304,0,158.5540771484375,0,-0.06103515625,-158.5540771484375,0,-0.0048292392251602758,0,-0.0044,0,0,-24
2304.125,0,158.55789184570313,0,0.030517578125,-158.55789184570313,0,-0.0048296736513127967,0,-0.0046,0,0,-24
2304.25,0,158.5540771484375,0,-0.030517578125,-158.5540771484375,0,-0.0048292410194572047,0,-0.0046,0,0,-24
2304.375,0,158.5540771484375,0,0,-158.5540771484375,0,-0.0048292448516954311,0,-0.0052,0,0,-24
2304.5,0,158.5540771484375,0,0,-158.5540771484375,0,-0.00482924861243734,0,-0.0042,0,0,-24
2304.625,0,158.55026245117188,0,-0.030517578125,-158.55026245117188,0,-0.0048288217425778877,0,-0.0044,0,0,-24
2304.75,0,158.55026245117188,0,0,-158.55026245117188,0,-0.0048288312293133318,0,-0.0046,0,0,-24
2304.875,0,158.5540771484375,0,0.030517578125,-158.5540771484375,0,-0.0048292710994980032,0,-0.0038,0,0,-24
2305,0,158.5540771484375,0,0,-158.5540771484375,0,-0.00482927437054665,0,-0.0048,0,0,-24
2305.125,0,158.55789184570313,0,0.030517578125,-158.55789184570313,0,-0.0048297081410077543,0,-0.0048,0,0,-24
2305.25,0,158.5540771484375,0,-0.030517578125,-158.5540771484375,0,-0.00482927486569368,0,-0.006,0,0,-24
2305.375,0,158.5540771484375,0,0,-158.5540771484375,0,-0.0048292780664781348,0,-0.004,0,0,-24
2305.5,0,158.55789184570313,0,0.030517578125,-158.55789184570313,0,-0.0048297117679859331,0,-0.0048,0,0,-24
2305.625,0,158.56552124023438,0,0.06103515625,-158.56552124023438,0,-0.0048305701063217337,0,-0.0046,0,0,-24
2305.75,0,158.5540771484375,0,-0.091552734375,-158.5540771484375,0,-0.0048292639643567042,0,-0.0046,0,0,-24
2305.875,0,158.5540771484375,0,0,-158.5540771484375,0,-0.0048292673685224226,0,-0.0044,0,0,-24
2306,0,158.55789184570313,0,0.030517578125,-158.55789184570313,0,-0.004829701269617093,0,-0.0052,0,0,-24
2306.125,0,158.55789184570313,0,0,-158.55789184570313,0,-0.0048296986829383312,0,-0.0054,0,0,-24
2306.25,0,158.55789184570313,0,0,-158.55789184570313,0,-0.0048296961445180534,0,-0.0048,0,0,-24
2306.375,0,158.5540771484375,0,-0.030517578125,-158.5540771484375,0,-0.0048292630930170067,0,-0.0038,0,0,-24
2306.5,0,158.55789184570313,0,0.030517578125,-158.55789184570313,0,-0.0048296970738778292,0,-0.0038,0,0,-24
2306.625,0,158.56170654296875,0,0.030517578125,-158.56170654296875,0,-0.0048301251259159714,0,-0.005,0,0,-24
2306.75,0,158.56170654296875,0,0,-158.56170654296875,0,-0.0048301167993038538,0,-0.0036,0,0,-24
2306.875,0,158.56170654296875,0,0,-158.56170654296875,0,-0.0048301086280375339,0,-0.005,0,0,-24
2307,0,158.55789184570313,0,-0.030517578125,-158.55789184570313,0,-0.0048296700487798841,0,-0.0046,0,0,-24
2307.125,0,158.55789184570313,0,0,-158.55789184570313,0,-0.0048296680445740195,0,-0.0044,0,0,-24
2307.25,0,158.55789184570313,0,0,-158.55789184570313,0,-0.0048296660777597082,0,-0.0046,0,0,-24
2307.375,0,158.5540771484375,0,-0.030517578125,-158.5540771484375,0,-0.0048292335872004363,0,-0.0044,0,0,-24
2307.5,0,158.56170654296875,0,0.06103515625,-158.56170654296875,0,-0.0048300986789767113,0,-0.0046,0,0,-24
2307.625,0,158.5540771484375,0,-0.06103515625,-158.5540771484375,0,-0.0048292297248952272,0,-0.0046,0,0,-24
2307.75,0,158.55789184570313,0,0.030517578125,-158.55789184570313,0,-0.0048296643282898528,0,-0.0046,0,0,-24
2307.875,0,158.55789184570313,0,0,-158.55789184570313,0,-0.0048296624308085574,0,-0.0048,0,0,-24
2308,0,158.56552124023438,0,0.06103515625,-158.56552124023438,0,-0.0048305216896055367,0,-0.0054,0,0,-24
2308.125,0,158.55789184570313,0,-0.06103515625,-158.55789184570313,0,-0.00482964701136798,0,-0.004,0,0,-24
2308.25,0,158.55789184570313,0,0,-158.55789184570313,0,-0.0048296454369605845,0,-0.0046,0,0,-24
2308.375,0,158.56170654296875,0,0.030517578125,-158.56170654296875,0,-0.0048300744523651021,0,-0.0048,0,0,-24
2308.5,0,158.55789184570313,0,-0.030517578125,-158.55789184570313,0,-0.0048296365107073592,0,-0.0042,0,0,-24
2308.625,0,158.5540771484375,0,-0.030517578125,-158.5540771484375,0,-0.0048292045717670748,0,-0.0042,0,0,-24
2308.75,0,158.55789184570313,0,0.030517578125,-158.55789184570313,0,-0.0048296396444321215,0,-0.005,0,0,-24
2308.875,0,158.55789184570313,0,0,-158.55789184570313,0,-0.0048296382074662827,0,-0.0046,0,0,-24
2309,0,158.5540771484375,0,-0.030517578125,-158.5540771484375,0,-0.0048292062368703427,0,-0.005,0,0,-24
2309.125,0,158.55789184570313,0,0.030517578125,-158.55789184570313,0,-0.0048296412784703188,0,-0.0046,0,0,-24
2309.25,0,158.5540771484375,0,-0.030517578125,-158.5540771484375,0,-0.0048292092505800594,0,-0.005,0,0,-24
2309.375,0,158.55789184570313,0,0.030517578125,-158.55789184570313,0,-0.00482964423595463,0,-0.005,0,0,-24
2309.5,0,158.55789184570313,0,0,-158.55789184570313,0,-0.0048296427133268536,0,-0.0046,0,0,-24
2309.625,0,158.5540771484375,0,-0.030517578125,-158.5540771484375,0,-0.0048292106586671308,0,-0.0036,0,0,-24
2309.75,0,158.5540771484375,0,0,-158.5540771484375,0,-0.0048292150573327475,0,-0.005,0,0,-24
2309.875,0,158.5540771484375,0,0,-158.5540771484375,0,-0.0048292193739344694,0,-0.005,0,0,-24
2310,0,158.55789184570313,0,0.030517578125,-158.55789184570313,0,-0.0048296541704422411,0,-0.0052,0,0,-24
2310.125,0,158.5540771484375,0,-0.030517578125,-158.5540771484375,0,-0.0048292219020323515,0,-0.004,0,0,-24
2310.25,0,158.55789184570313,0,0.030517578125,-158.55789184570313,0,-0.0048296566513745566,0,-0.0042,0,0,-24
2310.375,0,158.55026245117188,0,-0.06103515625,-158.55026245117188,0,-0.0048287937762401291,0,-0.0052,0,0,-24
2310.5,0,158.5540771484375,0,0.030517578125,-158.5540771484375,0,-0.0048292343451696775,0,-0.0048,0,0,-24
2310.625,0,158.55789184570313,0,0.030517578125,-158.55789184570313,0,-0.0048296688623659535,0,-0.0042,0,0,-24
2310.75,0,158.55789184570313,0,0,-158.55789184570313,0,-0.0048296668802944717,0,-0.005,0,0,-24
2310.875,0,158.5540771484375,0,-0.030517578125,-158.5540771484375,0,-0.0048292343747626748,0,-0.0052,0,0,-24
2311,0,158.5540771484375,0,0,-158.5540771484375,0,-0.0048292383309679315,0,-0.0044,0,0,-24
2311.125,0,158.55789184570313,0,0.030517578125,-158.55789184570313,0,-0.0048296727738029906,0,-0.0042,0,0,-24
2311.25,0,158.56170654296875,0,0.030517578125,-158.56170654296875,0,-0.0048301012791965277,0,-0.0046,0,0,-24
2311.375,0,158.55789184570313,0,-0.030517578125,-158.55789184570313,0,-0.0048296628370428467,0,-0.0046,0,0,-24
2311.5,0,158.56170654296875,0,0.030517578125,-158.56170654296875,0,-0.0048300915278219787,0,-0.0046,0,0,-24
2311.625,0,158.55789184570313,0,-0.030517578125,-158.55789184570313,0,-0.0048296532675952382,0,-0.0042,0,0,-24
2311.75,0,158.55026245117188,0,-0.06103515625,-158.55026245117188,0,-0.0048287904555904355,0,-0.0042,0,0,-24
2311.875,0,158.55789184570313,0,0.06103515625,-158.55789184570313,0,-0.0048296616469107444,0,-0.004,0,0,-24
2312,0,158.55789184570313,0,0,-158.55789184570313,0,-0.0048296597994547134,0,-0.0054,0,0,-24
2312.125,0,158.55789184570313,0,0,-158.55789184570313,0,-0.0048296579864658259,0,-0.004,0,0,-24
2312.25,0,158.5540771484375,0,-0.030517578125,-158.5540771484375,0,-0.0048292256468621276,0,-0.0056,0,0,-24
2312.375,0,158.55789184570313,0,0.030517578125,-158.55789184570313,0,-0.0048296603263387541,0,-0.0048,0,0,-24
2312.5,0,158.5540771484375,0,-0.030517578125,-158.5540771484375,0,-0.0048292279430811151,0,-0.0042,0,0,-24
2312.625,0,158.55789184570313,0,0.030517578125,-158.55789184570313,0,-0.0048296625797182328,0,-0.005,0,0,-24
2312.75,0,158.5540771484375,0,-0.030517578125,-158.5540771484375,0,-0.0048292301544203223,0,-0.0044,0,0,-24
2312.875,0,158.55789184570313,0,0.030517578125,-158.55789184570313,0,-0.0048296647498014952,0,-0.0044,0,0,-24
2313,0,158.56170654296875,0,0.030517578125,-158.56170654296875,0,-0.0048300934048951622,0,-0.0042,0,0,-24
2313.125,0,158.55789184570313,0,-0.030517578125,-158.55789184570313,0,-0.0048296551096487245,0,-0.0048,0,0,-24
2313.25,0,158.55789184570313,0,0,-158.55789184570313,0,-0.0048296533841554051,0,-0.0058,0,0,-24
2313.375,0,158.5540771484375,0,-0.030517578125,-158.5540771484375,0,-0.00482922113041491,0,-0.004,0,0,-24
2313.5,0,158.5540771484375,0,0,-158.5540771484375,0,-0.0048292253337139119,0,-0.0052,0,0,-24
2313.625,0,158.56170654296875,0,0.06103515625,-158.56170654296875,0,-0.004830090579471715,0,-0.0054,0,0,-24
2313.75,0,158.55789184570313,0,-0.030517578125,-158.55789184570313,0,-0.0048296523369379118,0,-0.004,0,0,-24
2313.875,0,158.55789184570313,0,0,-158.55789184570313,0,-0.0048296506631737915,0,-0.0048,0,0,-24
2314,0,158.56170654296875,0,0.030517578125,-158.56170654296875,0,-0.0048300795810752367,0,-0.005,0,0,-24
2314.125,0,158.5540771484375,0,-0.06103515625,-158.5540771484375,0,-0.0048292109832945756,0,-0.0064,0,0,-24
2314.25,0,158.55789184570313,0,0.030517578125,-158.55789184570313,0,-0.0048296459363426827,0,-0.0042,0,0,-24
2314.375,0,158.5540771484375,0,-0.030517578125,-158.5540771484375,0,-0.004829213821552626,0,-0.0048,0,0,-24
2314.5,0,158.55789184570313,0,0.030517578125,-158.55789184570313,0,-0.0048296487216486494,0,-0.0048,0,0,-24
2314.625,0,158.5540771484375,0,-0.030517578125,-158.5540771484375,0,-0.0048292165548944124,0,-0.0038,0,0,-24
2314.75,0,158.55789184570313,0,0.030517578125,-158.55789184570313,0,-0.0048296514039957274,0,-0.0048,0,0,-24
2314.875,0,158.55789184570313,0,0,-158.55789184570313,0,-0.0048296497476370825,0,-0.005,0,0,-24
2315,0,158.5540771484375,0,-0.030517578125,-158.5540771484375,0,-0.0048292175617414479,0,-0.0046,0,0,-24
2315.125,0,158.55789184570313,0,0.030517578125,-158.55789184570313,0,-0.0048296523920584771,0,-0.0048,0,0,-24
2315.25,0,158.55789184570313,0,0,-158.55789184570313,0,-0.004829650717265997,0,-0.0042,0,0,-24
2315.375,0,158.55789184570313,0,0,-158.55789184570313,0,-0.0048296490737193554,0,-0.005,0,0,-24
2315.5,0,158.55026245117188,0,-0.06103515625,-158.55026245117188,0,-0.0048287863399577788,0,-0.0044,0,0,-24
2315.625,0,158.56552124023438,0,0.1220703125,-158.56552124023438,0,-0.0048305187289393991,0,-0.0054,0,0,-24
2315.75,0,158.5540771484375,0,-0.091552734375,-158.5540771484375,0,-0.0048292135454987206,0,-0.0042,0,0,-24
2315.875,0,158.55789184570313,0,0.030517578125,-158.55789184570313,0,-0.0048296484507449559,0,-0.0044,0,0,-24
2316,0,158.5540771484375,0,-0.030517578125,-158.5540771484375,0,-0.0048292162890448452,0,-0.0058,0,0,-24
2316.125,0,158.55789184570313,0,0.030517578125,-158.55789184570313,0,-0.004829651143105994,0,-0.0048,0,0,-24
2316.25,0,158.55789184570313,0,0,-158.55789184570313,0,-0.00482964949161465,0,-0.004,0,0,-24
2316.375,0,158.55789184570313,0,0,-158.55789184570313,0,-0.0048296478709344256,0,-0.004,0,0,-24
2316.5,0,158.5540771484375,0,-0.030517578125,-158.5540771484375,0,-0.0048292157200515752,0,-0.005,0,0,-24
2316.625,0,158.56170654296875,0,0.06103515625,-158.56170654296875,0,-0.004830081145167084,0,-0.0048,0,0,-24
2316.75,0,158.55789184570313,0,-0.030517578125,-158.55789184570313,0,-0.0048296430786447927,0,-0.0044,0,0,-24
2316.875,0,158.55789184570313,0,0,-158.55789184570313,0,-0.0048296415776084168,0,-0.0046,0,0,-24
2317,0,158.56552124023438,0,0.06103515625,-158.56552124023438,0,-0.0048305012254540244,0,-0.0052,0,0,-24
2317.125,0,158.55789184570313,0,-0.06103515625,-158.55789184570313,0,-0.0048296269290067926,0,-0.0048,0,0,-24
2317.25,0,158.55789184570313,0,0,-158.55789184570313,0,-0.004829625729266835,0,-0.0038,0,0,-24
2317.375,0,158.56170654296875,0,0.030517578125,-158.56170654296875,0,-0.0048300551123487915,0,-0.0044,0,0,-24
2317.5,0,158.56170654296875,0,0,-158.56170654296875,0,-0.0048300480919478113,0,-0.004,0,0,-24
2317.625,0,158.56170654296875,0,0,-158.56170654296875,0,-0.0048300412025232449,0,-0.0038,0,0,-24
2317.75,0,158.56170654296875,0,0,-158.56170654296875,0,-0.0048300344416315252,0,-0.005,0,0,-24
2317.875,0,158.56170654296875,0,0,-158.56170654296875,0,-0.0048300278068746736,0,-0.0042,0,0,-24
2318,0,158.55789184570313,0,-0.030517578125,-158.55789184570313,0,-0.0048295907354605361,0,-0.004,0,0,-24
2318.125,0,158.55789184570313,0,0,-158.55789184570313,0,-0.0048295902109670363,0,-0.0046,0,0,-24
2318.25,0,158.5540771484375,0,-0.030517578125,-158.5540771484375,0,-0.0048291591358198558,0,-0.0046,0,0,-24
2318.375,0,158.5540771484375,0,0,-158.5540771484375,0,-0.004829164495723696,0,-0.005,0,0,-24
2318.5,0,158.56170654296875,0,0.06103515625,-158.56170654296875,0,-0.0048300308765080891,0,-0.0052,0,0,-24
2318.625,0,158.55789184570313,0,-0.030517578125,-158.55789184570313,0,-0.0048295937478252038,0,-0.0052,0,0,-24
2318.75,0,158.55026245117188,0,-0.06103515625,-158.55026245117188,0,-0.00482873204625356,0,-0.0044,0,0,-24
2318.875,0,158.5540771484375,0,0.030517578125,-158.5540771484375,0,-0.0048291737668512665,0,-0.004,0,0,-24
2319,0,158.55789184570313,0,0.030517578125,-158.55789184570313,0,-0.0048296094142295546,0,-0.0054,0,0,-24
2319.125,0,158.55789184570313,0,0,-158.55789184570313,0,-0.0048296085412547944,0,-0.004,0,0,-24
2319.25,0,158.5540771484375,0,-0.030517578125,-158.5540771484375,0,-0.0048291771241278092,0,-0.0036,0,0,-24
2319.375,0,158.55789184570313,0,0.030517578125,-158.55789184570313,0,-0.0048296127088709225,0,-0.0046,0,0,-24
2319.5,0,158.5540771484375,0,-0.030517578125,-158.5540771484375,0,-0.0048291812139906274,0,-0.004,0,0,-24
2319.625,0,158.5540771484375,0,0,-158.5540771484375,0,-0.004829186161992122,0,-0.004,0,0,-24
2319.75,0,158.55026245117188,0,-0.030517578125,-158.55026245117188,0,-0.0048287604572420963,0,-0.0044,0,0,-24
2319.875,0,158.55789184570313,0,0.06103515625,-158.55789184570313,0,-0.0048296322082278858,0,-0.0044,0,0,-24
2320,0,158.55789184570313,0,0,-158.55789184570313,0,-0.0048296309099959125,0,-0.0052,0,0,-24
2320.125,0,158.55789184570313,0,0,-158.55789184570313,0,-0.00482962963598446,0,-0.0048,0,0,-24
2320.25,0,158.56170654296875,0,0.030517578125,-158.56170654296875,0,-0.00483005894618057,0,-0.0052,0,0,-24
2320.375,0,158.56170654296875,0,0,-158.56170654296875,0,-0.0048300518542535413,0,-0.005,0,0,-24
2320.5,0,158.5540771484375,0,-0.06103515625,-158.5540771484375,0,-0.004829183773759526,0,-0.005,0,0,-24
2320.625,0,158.5540771484375,0,0,-158.5540771484375,0,-0.0048291886740045812,0,-0.0046,0,0,-24
2320.75,0,158.5540771484375,0,0,-158.5540771484375,0,-0.0048291934828280031,0,-0.0054,0,0,-24
2320.875,0,158.55789184570313,0,0.030517578125,-158.55789184570313,0,-0.0048296287623743207,0,-0.0054,0,0,-24
2321,0,158.5540771484375,0,-0.030517578125,-158.5540771484375,0,-0.0048291969679911464,0,-0.004,0,0,-24
2321.125,0,158.55789184570313,0,0.030517578125,-158.55789184570313,0,-0.004829632182516367,0,-0.0054,0,0,-24
2321.25,0,158.5540771484375,0,-0.030517578125,-158.5540771484375,0,-0.0048292003243251645,0,-0.0048,0,0,-24
2321.375,0,158.5540771484375,0,0,-158.5540771484375,0,-0.0048292049157938784,0,-0.0044,0,0,-24
2321.5,0,158.5540771484375,0,0,-158.5540771484375,0,-0.0048292094216016573,0,-0.004,0,0,-24
2321.625,0,158.55789184570313,0,0.030517578125,-158.55789184570313,0,-0.0048296444037855563,0,-0.0054,0,0,-24
2321.75,0,158.55789184570313,0,0,-158.55789184570313,0,-0.0048296428780266352,0,-0.0046,0,0,-24
2321.875,0,158.5540771484375,0,-0.030517578125,-158.5540771484375,0,-0.0048292108202941846,0,-0.0054,0,0,-24
2322,0,158.5540771484375,0,0,-158.5540771484375,0,-0.0048292152159443991,0,-0.0048,0,0,-24
2322.125,0,158.56170654296875,0,0.06103515625,-158.56170654296875,0,-0.0048300806504648058,0,-0.0046,0,0,-24
2322.25,0,158.5540771484375,0,-0.06103515625,-158.5540771484375,0,-0.0048292120327330318,0,-0.0048,0,0,-24
2322.375,0,158.55026245117188,0,-0.030517578125,-158.55026245117188,0,-0.0048287858453244124,0,-0.0054,0,0,-24
2322.5,0,158.54644775390625,0,-0.030517578125,-158.54644775390625,0,-0.0048283654413396023,0,-0.004,0,0,-24
2322.625,0,158.55026245117188,0,0.030517578125,-158.55026245117188,0,-0.0048288118337577249,0,-0.0036,0,0,-24
2322.75,0,158.55026245117188,0,0,-158.55026245117188,0,-0.0048288215053575,0,-0.004,0,0,-24
2322.875,0,158.54644775390625,0,-0.030517578125,-158.54644775390625,0,-0.0048284004360797435,0,-0.0038,0,0,-24
2323,0,158.55026245117188,0,0.030517578125,-158.55026245117188,0,-0.0048288461756169866,0,-0.0056,0,0,-24
2323.125,0,158.55789184570313,0,0.06103515625,-158.55789184570313,0,-0.0048297163273942154,0,-0.0058,0,0,-24
2323.25,0,158.55026245117188,0,-0.06103515625,-158.55026245117188,0,-0.0048288523389115514,0,-0.003,0,0,-24
2323.375,0,158.5540771484375,0,0.030517578125,-158.5540771484375,0,-0.0048292918152640927,0,-0.0034,0,0,-24
2323.5,0,158.55789184570313,0,0.030517578125,-158.55789184570313,0,-0.0048297252602670726,0,-0.0046,0,0,-24
2323.625,0,158.55026245117188,0,-0.06103515625,-158.55026245117188,0,-0.0048288611051278815,0,-0.0044,0,0,-24
2323.75,0,158.5540771484375,0,0.030517578125,-158.5540771484375,0,-0.00482930041793313,0,-0.0048,0,0,-24
2323.875,0,158.55789184570313,0,0.030517578125,-158.55789184570313,0,-0.0048297337024400437,0,-0.0054,0,0,-24
2324,0,158.55789184570313,0,0,-158.55789184570313,0,-0.0048297305106769209,0,-0.005,0,0,-24
2324.125,0,158.5693359375,0,0.091552734375,-158.5693359375,0,-0.0048310190597778109,0,-0.0046,0,0,-24
2324.25,0,158.54644775390625,0,-0.18310546875,-158.54644775390625,0,-0.0048284150283364859,0,-0.0044,0,0,-24
2324.375,0,158.56170654296875,0,0.1220703125,-158.56170654296875,0,-0.0048301521769494073,0,-0.0048,0,0,-24
2324.5,0,158.55789184570313,0,-0.030517578125,-158.55789184570313,0,-0.0048297127852196036,0,-0.005,0,0,-24
2324.625,0,158.54644775390625,0,-0.091552734375,-158.54644775390625,0,-0.0048284183023827604,0,-0.0046,0,0,-24
2324.75,0,158.5540771484375,0,0.06103515625,-158.5540771484375,0,-0.0048292942690354671,0,-0.0044,0,0,-24
2324.875,0,158.56170654296875,0,0.06103515625,-158.56170654296875,0,-0.0048301582286984683,0,-0.0052,0,0,-24
2325,0,158.55789184570313,0,-0.030517578125,-158.55789184570313,0,-0.004829718724063947,0,-0.0046,0,0,-24
2325.125,0,158.56170654296875,0,0.030517578125,-158.56170654296875,0,-0.0048301463721844573,0,-0.0046,0,0,-24
2325.25,0,158.55026245117188,0,-0.091552734375,-158.55026245117188,0,-0.0048288459678736675,0,-0.0046,0,0,-24
2325.375,0,158.55789184570313,0,0.06103515625,-158.55789184570313,0,-0.0048297161235266685,0,-0.0052,0,0,-24
2325.5,0,158.56170654296875,0,0.030517578125,-158.56170654296875,0,-0.0048301438201642155,0,-0.0042,0,0,-24
2325.625,0,158.55789184570313,0,-0.030517578125,-158.55789184570313,0,-0.0048297045843431353,0,-0.0048,0,0,-24
2325.75,0,158.5540771484375,0,-0.030517578125,-158.5540771484375,0,-0.0048292713753841279,0,-0.0058,0,0,-24
2325.875,0,158.5540771484375,0,0,-158.5540771484375,0,-0.0048292746412856935,0,-0.005,0,0,-24
2326,0,158.55026245117188,0,-0.030517578125,-158.55026245117188,0,-0.0048288472858179091,0,-0.0042,0,0,-24
2326.125,0,158.55789184570313,0,0.06103515625,-158.55789184570313,0,-0.0048297174168826272,0,-0.0054,0,0,-24
2326.25,0,158.55789184570313,0,0,-158.55789184570313,0,-0.0048297145289517094,0,-0.0046,0,0,-24
2326.375,0,158.5540771484375,0,-0.030517578125,-158.5540771484375,0,-0.0048292811344606825,0,-0.0048,0,0,-24
2326.5,0,158.55789184570313,0,0.030517578125,-158.55789184570313,0,-0.004829714778730532,0,-0.0038,0,0,-24
2326.625,0,158.55789184570313,0,0,-158.55789184570313,0,-0.0048297119400184125,0,-0.0054,0,0,-24
2326.75,0,158.5540771484375,0,-0.030517578125,-158.5540771484375,0,-0.0048292785938279315,0,-0.0054,0,0,-24
2326.875,0,158.5540771484375,0,0,-158.5540771484375,0,-0.004829281725058289,0,-0.0044,0,0,-24
2327,0,158.56170654296875,0,0.06103515625,-158.56170654296875,0,-0.0048301459187485418,0,-0.0038,0,0,-24
2327.125,0,158.5540771484375,0,-0.06103515625,-158.5540771484375,0,-0.0048292760833362159,0,-0.0054,0,0,-24
2327.25,0,158.5540771484375,0,0,-158.5540771484375,0,-0.00482927926140367,0,-0.0056,0,0,-24
2327.375,0,158.56170654296875,0,0.06103515625,-158.56170654296875,0,-0.0048301435010572021,0,-0.0054,0,0,-24
2327.5,0,158.5540771484375,0,-0.06103515625,-158.5540771484375,0,-0.0048292737107506391,0,-0.0058,0,0,-24
2327.625,0,158.55789184570313,0,0.030517578125,-158.55789184570313,0,-0.0048297074935212559,0,-0.0048,0,0,-24
2327.75,0,158.5540771484375,0,-0.030517578125,-158.5540771484375,0,-0.0048292742302870409,0,-0.0044,0,0,-24
2327.875,0,158.5540771484375,0,0,-158.5540771484375,0,-0.0048292774429259874,0,-0.0036,0,0,-24
2328,0,158.55789184570313,0,0.030517578125,-158.55789184570313,0,-0.0048297111560671136,0,-0.005,0,0,-24
2328.125,0,158.55026245117188,0,-0.06103515625,-158.55026245117188,0,-0.0048288472640635374,0,-0.0048,0,0,-24
2328.25,0,158.55789184570313,0,0.06103515625,-158.55789184570313,0,-0.0048297173955341166,0,-0.0046,0,0,-24
2328.375,0,158.55789184570313,0,0,-158.55789184570313,0,-0.0048297145080014878,0,-0.005,0,0,-24
2328.5,0,158.55789184570313,0,0,-158.55789184570313,0,-0.0048297116743402368,0,-0.0042,0,0,-24
2328.625,0,158.56170654296875,0,0.030517578125,-158.56170654296875,0,-0.0048301394539842224,0,-0.005,0,0,-24
2328.75,0,158.55789184570313,0,-0.030517578125,-158.55789184570313,0,-0.0048297002996209679,0,-0.0042,0,0,-24
2328.875,0,158.55026245117188,0,-0.06103515625,-158.55026245117188,0,-0.0048288366101611477,0,-0.0044,0,0,-24
2329,0,158.54644775390625,0,-0.030517578125,-158.54644775390625,0,-0.00482841525907997,0,-0.0042,0,0,-24
2329.125,0,158.55789184570313,0,0.091552734375,-158.55789184570313,0,-0.0048297218429491032,0,-0.0052,0,0,-24
2329.25,0,158.55026245117188,0,-0.06103515625,-158.55026245117188,0,-0.0048288577515652516,0,-0.0044,0,0,-24
2329.375,0,158.5540771484375,0,0.030517578125,-158.5540771484375,0,-0.0048292971269363856,0,-0.0044,0,0,-24
2329.5,0,158.5540771484375,0,0,-158.5540771484375,0,-0.0048292999124030052,0,-0.0048,0,0,-24
2329.625,0,158.5540771484375,0,0,-158.5540771484375,0,-0.0048293026459024467,0,-0.0038,0,0,-24
2329.75,0,158.55789184570313,0,0.030517578125,-158.55789184570313,0,-0.0048297358888431544,0,-0.0052,0,0,-24
2329.875,0,158.5540771484375,0,-0.030517578125,-158.5540771484375,0,-0.0048293020958503916,0,-0.0048,0,0,-24
2330,0,158.5540771484375,0,0,-158.5540771484375,0,-0.0048293047886142524,0,-0.0044,0,0,-24
2330.125,0,158.5540771484375,0,0,-158.5540771484375,0,-0.0048293074311404486,0,-0.0046,0,0,-24
2330.25,0,158.55789184570313,0,0.030517578125,-158.55789184570313,0,-0.0048297405848051573,0,-0.0038,0,0,-24
2330.375,0,158.5540771484375,0,-0.030517578125,-158.5540771484375,0,-0.0048293067042019765,0,-0.0046,0,0,-24
2330.5,0,158.5540771484375,0,0,-158.5540771484375,0,-0.0048293093109899278,0,-0.0054,0,0,-24
2330.625,0,158.5540771484375,0,0,-158.5540771484375,0,-0.0048293118691442264,0,-0.0048,0,0,-24
2330.75,0,158.55789184570313,0,0.030517578125,-158.55789184570313,0,-0.0048297449400111258,0,-0.0044,0,0,-24
2330.875,0,158.55789184570313,0,0,-158.55789184570313,0,-0.0048297415385937731,0,-0.0036,0,0,-24
2331,0,158.5540771484375,0,-0.030517578125,-158.5540771484375,0,-0.0048293076401961935,0,-0.0046,0,0,-24
2331.125,0,158.5540771484375,0,0,-158.5540771484375,0,-0.0048293102295217279,0,-0.004,0,0,-24
2331.25,0,158.55789184570313,0,0.030517578125,-158.55789184570313,0,-0.0048297433309783151,0,-0.0046,0,0,-24
2331.375,0,158.55789184570313,0,0,-158.55789184570313,0,-0.0048297399595799524,0,-0.0048,0,0,-24
2331.5,0,158.56170654296875,0,0.030517578125,-158.56170654296875,0,-0.0048301672115191423,0,-0.0048,0,0,-24
2331.625,0,158.5540771484375,0,-0.06103515625,-158.5540771484375,0,-0.0048292969788573227,0,-0.0046,0,0,-24
2331.75,0,158.55789184570313,0,0.030517578125,-158.55789184570313,0,-0.0048297303275255023,0,-0.0044,0,0,-24
2331.875,0,158.5540771484375,0,-0.030517578125,-158.5540771484375,0,-0.0048292966382877016,0,-0.0048,0,0,-24
2332,0,158.55789184570313,0,0.030517578125,-158.55789184570313,0,-0.0048297299933097336,0,-0.0044,0,0,-24
2332.125,0,158.55789184570313,0,0,-158.55789184570313,0,-0.00482972687074616,0,-0.0048,0,0,-24
2332.25,0,158.55789184570313,0,0,-158.55789184570313,0,-0.00482972380643883,0,-0.0036,0,0,-24
2332.375,0,158.55789184570313,0,0,-158.55789184570313,0,-0.0048297207993008807,0,-0.0044,0,0,-24
2332.5,0,158.55789184570313,0,0,-158.55789184570313,0,-0.004829717848265731,0,-0.0048,0,0,-24
2332.625,0,158.5540771484375,0,-0.030517578125,-158.5540771484375,0,-0.0048292843918477787,0,-0.0048,0,0,-24
2332.75,0,158.5540771484375,0,0,-158.5540771484375,0,-0.0048292874149071284,0,-0.004,0,0,-24
2332.875,0,158.5540771484375,0,0,-158.5540771484375,0,-0.0048292903815666411,0,-0.0044,0,0,-24
2333,0,158.5540771484375,0,0,-158.5540771484375,0,-0.0048292932928785427,0,-0.0042,0,0,-24
2333.125,0,158.55026245117188,0,-0.030517578125,-158.55026245117188,0,-0.0048288655894365116,0,-0.0054,0,0,-24
2333.25,0,158.5540771484375,0,0.030517578125,-158.5540771484375,0,-0.0048293048185800626,0,-0.0044,0,0,-24
2333.375,0,158.55026245117188,0,-0.030517578125,-158.55026245117188,0,-0.0048288769001082832,0,-0.0054,0,0,-24
2333.5,0,158.5540771484375,0,0.030517578125,-158.5540771484375,0,-0.0048293159182337978,0,-0.0036,0,0,-24
2333.625,0,158.5540771484375,0,0,-158.5540771484375,0,-0.0048293183531197669,0,-0.005,0,0,-24
2333.75,0,158.55026245117188,0,-0.030517578125,-158.55026245117188,0,-0.0048288901821402636,0,-0.006,0,0,-24
2333.875,0,158.55789184570313,0,0.06103515625,-158.55789184570313,0,-0.0048297595129078918,0,-0.0046,0,0,-24
2334,0,158.5540771484375,0,-0.030517578125,-158.5540771484375,0,-0.0048293252791717454,0,-0.0062,0,0,-24
2334.125,0,158.5540771484375,0,0,-158.5540771484375,0,-0.0048293275394149715,0,-0.0046,0,0,-24
2334.25,0,158.55026245117188,0,-0.030517578125,-158.55026245117188,0,-0.0048288991970509556,0,-0.0044,0,0,-24
2334.375,0,158.55789184570313,0,0.06103515625,-158.55789184570313,0,-0.0048297683596315137,0,-0.0046,0,0,-24
2334.5,0,158.55026245117188,0,-0.06103515625,-158.55026245117188,0,-0.00482890340040717,0,-0.0048,0,0,-24
2334.625,0,158.55789184570313,0,0.06103515625,-158.55789184570313,0,-0.0048297724845676312,0,-0.0054,0,0,-24
2334.75,0,158.5540771484375,0,-0.030517578125,-158.5540771484375,0,-0.0048293380088251549,0,-0.005,0,0,-24
2334.875,0,158.55789184570313,0,0.030517578125,-158.55789184570313,0,-0.004829770592015969,0,-0.0056,0,0,-24
2335,0,158.55789184570313,0,0,-158.55789184570313,0,-0.0048297667120208816,0,-0.0046,0,0,-24
2335.125,0,158.55789184570313,0,0,-158.55789184570313,0,-0.00482976290441309,0,-0.005,0,0,-24
2335.25,0,158.56170654296875,0,0.030517578125,-158.56170654296875,0,-0.0048301897282810105,0,-0.0044,0,0,-24
2335.375,0,158.55789184570313,0,-0.030517578125,-158.55789184570313,0,-0.0048297496359731677,0,-0.0052,0,0,-24
2335.5,0,158.55789184570313,0,0,-158.55789184570313,0,-0.004829746146945397,0,-0.0044,0,0,-24
2335.625,0,158.55789184570313,0,0,-158.55789184570313,0,-0.0048297427230108237,0,-0.0044,0,0,-24
2335.75,0,158.55789184570313,0,0,-158.55789184570313,0,-0.0048297393629550328,0,-0.004,0,0,-24
2335.875,0,158.5540771484375,0,-0.030517578125,-158.5540771484375,0,-0.0048293055051473518,0,-0.0042,0,0,-24
2336,0,158.5540771484375,0,0,-158.5540771484375,0,-0.0048293081343055173,0,-0.005,0,0,-24
2336.125,0,158.55789184570313,0,0.030517578125,-158.55789184570313,0,-0.0048297412748515966,0,-0.0058,0,0,-24
2336.25,0,158.55789184570313,0,0,-158.55789184570313,0,-0.0048297379418134508,0,-0.0056,0,0,-24
2336.375,0,158.55789184570313,0,0,-158.55789184570313,0,-0.0048297346709582755,0,-0.0058,0,0,-24
2336.5,0,158.55789184570313,0,0,-158.55789184570313,0,-0.0048297314611259511,0,-0.0046,0,0,-24
2336.625,0,158.5540771484375,0,-0.030517578125,-158.5540771484375,0,-0.0048292977507390852,0,-0.0048,0,0,-24
2336.75,0,158.55789184570313,0,0.030517578125,-158.55789184570313,0,-0.00482973108500662,0,-0.0044,0,0,-24
2336.875,0,158.55026245117188,0,-0.06103515625,-158.55026245117188,0,-0.0048288668211979241,0,-0.0036,0,0,-24
2337,0,158.5540771484375,0,0.030517578125,-158.5540771484375,0,-0.004829306027361065,0,-0.0044,0,0,-24
2337.125,0,158.55789184570313,0,0.030517578125,-158.55789184570313,0,-0.004829739207215444,0,-0.0054,0,0,-24
2337.25,0,158.5540771484375,0,-0.030517578125,-158.5540771484375,0,-0.0048293053523133251,0,-0.0044,0,0,-24
2337.375,0,158.55026245117188,0,-0.030517578125,-158.55026245117188,0,-0.0048288774238839285,0,-0.0054,0,0,-24
2337.5,0,158.5540771484375,0,0.030517578125,-158.5540771484375,0,-0.0048293164322376,0,-0.0044,0,0,-24
2337.625,0,158.5540771484375,0,0,-158.5540771484375,0,-0.0048293188575340342,0,-0.0044,0,0,-24
2337.75,0,158.55026245117188,0,-0.030517578125,-158.55026245117188,0,-0.0048288906771439041,0,-0.0044,0,0,-24
2337.875,0,158.5540771484375,0,0.030517578125,-158.5540771484375,0,-0.0048293294382375593,0,-0.005,0,0,-24
2338,0,158.55026245117188,0,-0.030517578125,-158.55026245117188,0,-0.004828901060448078,0,-0.0042,0,0,-24
2338.125,0,158.55026245117188,0,0,-158.55026245117188,0,-0.0048289090673862538,0,-0.0046,0,0,-24
2338.25,0,158.5540771484375,0,0.030517578125,-158.5540771484375,0,-0.0048293474853815591,0,-0.0046,0,0,-24
2338.375,0,158.5540771484375,0,0,-158.5540771484375,0,-0.0048293493313336733,0,-0.005,0,0,-24
2338.5,0,158.56170654296875,0,0.06103515625,-158.56170654296875,0,-0.0048302122637245322,0,-0.0044,0,0,-24
2338.625,0,158.55789184570313,0,-0.030517578125,-158.55789184570313,0,-0.0048297717509832149,0,-0.0046,0,0,-24
2338.75,0,158.55789184570313,0,0,-158.55789184570313,0,-0.0048297678493658047,0,-0.005,0,0,-24
2338.875,0,158.5540771484375,0,-0.030517578125,-158.5540771484375,0,-0.0048293334601001714,0,-0.0046,0,0,-24
2339,0,158.55789184570313,0,0.030517578125,-158.55789184570313,0,-0.00482976612815447,0,-0.0048,0,0,-24
2339.125,0,158.55789184570313,0,0,-158.55789184570313,0,-0.0048297623314396063,0,-0.0044,0,0,-24
2339.25,0,158.5540771484375,0,-0.030517578125,-158.5540771484375,0,-0.0048293280451194012,0,-0.0048,0,0,-24
2339.375,0,158.55026245117188,0,-0.030517578125,-158.55026245117188,0,-0.0048288996933206884,0,-0.0036,0,0,-24
2339.5,0,158.55026245117188,0,0,-158.55026245117188,0,-0.0048289077257647351,0,-0.0056,0,0,-24
2339.625,0,158.5540771484375,0,0.030517578125,-158.5540771484375,0,-0.00482934616879006,0,-0.0056,0,0,-24
2339.75,0,158.55789184570313,0,0.030517578125,-158.55789184570313,0,-0.004829778599744137,0,-0.0046,0,0,-24
2339.875,0,158.56170654296875,0,0.030517578125,-158.56170654296875,0,-0.0048302051307914365,0,-0.0036,0,0,-24
2340,0,158.5540771484375,0,-0.06103515625,-158.5540771484375,0,-0.0048293341906870766,0,-0.005,0,0,-24
2340.125,0,158.55789184570313,0,0.030517578125,-158.55789184570313,0,-0.0048297668451111487,0,-0.0044,0,0,-24
2340.25,0,158.55789184570313,0,0,-158.55789184570313,0,-0.004829763035020352,0,-0.005,0,0,-24
2340.375,0,158.55789184570313,0,0,-158.55789184570313,0,-0.0048297592960126791,0,-0.0052,0,0,-24
2340.5,0,158.56170654296875,0,0.030517578125,-158.56170654296875,0,-0.0048301861872008774,0,-0.004,0,0,-24
2340.625,0,158.5540771484375,0,-0.06103515625,-158.5540771484375,0,-0.0048293156005184325,0,-0.0042,0,0,-24
2340.75,0,158.55789184570313,0,0.030517578125,-158.55789184570313,0,-0.0048297486017707886,0,-0.0056,0,0,-24
2340.875,0,158.55789184570313,0,0,-158.55789184570313,0,-0.0048297451320376593,0,-0.0052,0,0,-24
2341,0,158.5540771484375,0,-0.030517578125,-158.5540771484375,0,-0.0048293111665988391,0,-0.0048,0,0,-24
2341.125,0,158.5540771484375,0,0,-158.5540771484375,0,-0.00482931369013389,0,-0.0044,0,0,-24
2341.25,0,158.56170654296875,0,0.06103515625,-158.56170654296875,0,-0.0048301772874663309,0,-0.0046,0,0,-24
2341.375,0,158.55789184570313,0,-0.030517578125,-158.55789184570313,0,-0.0048297374272610848,0,-0.0054,0,0,-24
2341.5,0,158.55789184570313,0,0,-158.55789184570313,0,-0.0048297341660056775,0,-0.004,0,0,-24
2341.625,0,158.55789184570313,0,0,-158.55789184570313,0,-0.0048297309655940231,0,-0.0044,0,0,-24
2341.75,0,158.5540771484375,0,-0.030517578125,-158.5540771484375,0,-0.0048292972644520694,0,-0.0046,0,0,-24
2341.875,0,158.55026245117188,0,-0.030517578125,-158.55026245117188,0,-0.0048288694869142055,0,-0.0054,0,0,-24
2342,0,158.55789184570313,0,0.06103515625,-158.55789184570313,0,-0.0048297392037832121,0,-0.0056,0,0,-24
2342.125,0,158.56170654296875,0,0.030517578125,-158.56170654296875,0,-0.0048301664698229569,0,-0.0048,0,0,-24
2342.25,0,158.5540771484375,0,-0.06103515625,-158.5540771484375,0,-0.0048292962509986241,0,-0.0046,0,0,-24
2342.375,0,158.56170654296875,0,0.06103515625,-158.56170654296875,0,-0.0048301601736850447,0,-0.0052,0,0,-24
2342.5,0,158.55789184570313,0,-0.030517578125,-158.55789184570313,0,-0.0048297206327637971,0,-0.005,0,0,-24
2342.625,0,158.56170654296875,0,0.030517578125,-158.56170654296875,0,-0.0048301482452745665,0,-0.0054,0,0,-24
2342.75,0,158.5540771484375,0,-0.06103515625,-158.5540771484375,0,-0.0048292783664573074,0,-0.0046,0,0,-24
2342.875,0,158.5540771484375,0,0,-158.5540771484375,0,-0.0048292815019296146,0,-0.0048,0,0,-24
2343,0,158.55789184570313,0,0.030517578125,-158.55789184570313,0,-0.004829715139343764,0,-0.0044,0,0,-24
2343.125,0,158.56170654296875,0,0.030517578125,-158.56170654296875,0,-0.0048301428543427614,0,-0.0054,0,0,-24
2343.25,0,158.55026245117188,0,-0.091552734375,-158.55026245117188,0,-0.0048288425156627372,0,-0.0052,0,0,-24
2343.375,0,158.56170654296875,0,0.091552734375,-158.56170654296875,0,-0.0048301432961609736,0,-0.0046,0,0,-24
2343.5,0,158.55026245117188,0,-0.091552734375,-158.55026245117188,0,-0.0048288429492381489,0,-0.0052,0,0,-24
2343.625,0,158.55026245117188,0,0,-158.55026245117188,0,-0.0048288520403306206,0,-0.0046,0,0,-24
2343.75,0,158.55789184570313,0,0.06103515625,-158.55789184570313,0,-0.004829722082692567,0,-0.0048,0,0,-24
2343.875,0,158.55789184570313,0,0,-158.55789184570313,0,-0.0048297191077137647,0,-0.0048,0,0,-24
2344,0,158.5540771484375,0,-0.030517578125,-158.5540771484375,0,-0.0048292856277988658,0,-0.0048,0,0,-24
2344.125,0,158.5540771484375,0,0,-158.5540771484375,0,-0.0048292886277996414,0,-0.0046,0,0,-24
2344.25,0,158.5540771484375,0,0,-158.5540771484375,0,-0.0048292915718307723,0,-0.004,0,0,-24
2344.375,0,158.5540771484375,0,0,-158.5540771484375,0,-0.00482929446093646,0,-0.004,0,0,-24
2344.5,0,158.55789184570313,0,0.030517578125,-158.55789184570313,0,-0.0048297278565803386,0,-0.0046,0,0,-24
2344.625,0,158.56170654296875,0,0.030517578125,-158.56170654296875,0,-0.0048301553343196631,0,-0.0054,0,0,-24
2344.75,0,158.5540771484375,0,-0.06103515625,-158.5540771484375,0,-0.0048292853232453281,0,-0.004,0,0,-24
2344.875,0,158.5540771484375,0,0,-158.5540771484375,0,-0.0048292883289280195,0,-0.0046,0,0,-24
2345,0,158.5540771484375,0,0,-158.5540771484375,0,-0.0048292912785350616,0,-0.005,0,0,-24
2345.125,0,158.55789184570313,0,0.030517578125,-158.55789184570313,0,-0.00482972473355155,0,-0.0052,0,0,-24
2345.25,0,158.5540771484375,0,-0.030517578125,-158.5540771484375,0,-0.0048292911486779661,0,-0.0046,0,0,-24
2345.375,0,158.56170654296875,0,0.06103515625,-158.56170654296875,0,-0.004830155166556052,0,-0.0048,0,0,-24
2345.5,0,158.5540771484375,0,-0.06103515625,-158.5540771484375,0,-0.0048292851586116065,0,-0.0058,0,0,-24
2345.625,0,158.55789184570313,0,0.030517578125,-158.55789184570313,0,-0.0048297187278047108,0,-0.0042,0,0,-24
2345.75,0,158.55789184570313,0,0,-158.55789184570313,0,-0.0048297158154165182,0,-0.0044,0,0,-24
2345.875,0,158.56170654296875,0,0.030517578125,-158.56170654296875,0,-0.0048301435178023351,0,-0.0046,0,0,-24
2346,0,158.55789184570313,0,-0.030517578125,-158.55789184570313,0,-0.0048297042876222825,0,-0.005,0,0,-24
2346.125,0,158.55789184570313,0,0,-158.55789184570313,0,-0.0048297016446379772,0,-0.005,0,0,-24
2346.25,0,158.55789184570313,0,0,-158.55789184570313,0,-0.0048296990509626219,0,-0.0056,0,0,-24
2346.375,0,158.5540771484375,0,-0.030517578125,-158.5540771484375,0,-0.0048292659452373668,0,-0.0044,0,0,-24
2346.5,0,158.55789184570313,0,0.030517578125,-158.55789184570313,0,-0.0048296998728856169,0,-0.0044,0,0,-24
2346.625,0,158.5540771484375,0,-0.030517578125,-158.5540771484375,0,-0.00482926675182612,0,-0.005,0,0,-24
2346.75,0,158.55789184570313,0,0.030517578125,-158.55789184570313,0,-0.0048297006644262121,0,-0.0046,0,0,-24
2346.875,0,158.5540771484375,0,-0.030517578125,-158.5540771484375,0,-0.004829267528599304,0,-0.0046,0,0,-24
2347,0,158.55789184570313,0,0.030517578125,-158.55789184570313,0,-0.0048297014267074936,0,-0.0046,0,0,-24
2347.125,0,158.5540771484375,0,-0.030517578125,-158.5540771484375,0,-0.0048292682766590518,0,-0.0046,0,0,-24
2347.25,0,158.5540771484375,0,0,-158.5540771484375,0,-0.0048292716003721153,0,-0.0054,0,0,-24
2347.375,0,158.5540771484375,0,0,-158.5540771484375,0,-0.0048292748620761827,0,-0.005,0,0,-24
2347.5,0,158.55789184570313,0,0.030517578125,-158.55789184570313,0,-0.004829708623367044,0,-0.0054,0,0,-24
2347.625,0,158.56170654296875,0,0.030517578125,-158.56170654296875,0,-0.0048301364599316427,0,-0.0044,0,0,-24
2347.75,0,158.55789184570313,0,-0.030517578125,-158.55789184570313,0,-0.0048296973614270593,0,-0.0052,0,0,-24
2347.875,0,158.5540771484375,0,-0.030517578125,-158.5540771484375,0,-0.0048292642872226968,0,-0.0046,0,0,-24
2348,0,158.5540771484375,0,0,-158.5540771484375,0,-0.0048292676853648525,0,-0.0052,0,0,-24
2348.125,0,158.56170654296875,0,0.06103515625,-158.56170654296875,0,-0.0048301321409872523,0,-0.0054,0,0,-24
2348.25,0,158.5540771484375,0,-0.06103515625,-158.5540771484375,0,-0.0048292625626203244,0,-0.005,0,0,-24
2348.375,0,158.5540771484375,0,0,-158.5540771484375,0,-0.0048292659929375986,0,-0.0046,0,0,-24
2348.5,0,158.5540771484375,0,0,-158.5540771484375,0,-0.00482926935925701,0,-0.0036,0,0,-24
2348.625,0,158.5540771484375,0,0,-158.5540771484375,0,-0.0048292726627725381,0,-0.0054,0,0,-24
2348.75,0,158.5540771484375,0,0,-158.5540771484375,0,-0.0048292759046558867,0,-0.0056,0,0,-24
2348.875,0,158.55789184570313,0,0.030517578125,-158.55789184570313,0,-0.004829709646495815,0,-0.0046,0,0,-24
2349,0,158.5540771484375,0,-0.030517578125,-158.5540771484375,0,-0.0048292763430945376,0,-0.0052,0,0,-24
2349.125,0,158.55789184570313,0,0.030517578125,-158.55789184570313,0,-0.0048297100767547164,0,-0.0038,0,0,-24
2349.25,0,158.5540771484375,0,-0.030517578125,-158.5540771484375,0,-0.0048292767653262949,0,-0.0054,0,0,-24
2349.375,0,158.5540771484375,0,0,-158.5540771484375,0,-0.0048292799306701717,0,-0.0046,0,0,-24
2349.5,0,158.5540771484375,0,0,-158.5540771484375,0,-0.0048292830369596742,0,-0.0058,0,0,-24
2349.625,0,158.5540771484375,0,0,-158.5540771484375,0,-0.0048292860852965523,0,-0.005,0,0,-24
2349.75,0,158.5540771484375,0,0,-158.5540771484375,0,-0.0048292890767620018,0,-0.0054,0,0,-24
2349.875,0,158.56170654296875,0,0.06103515625,-158.56170654296875,0,-0.0048301531332948771,0,-0.0044,0,0,-24
2350,0,158.55789184570313,0,-0.030517578125,-158.55789184570313,0,-0.0048297137237229724,0,-0.0044,0,0,-24
2350.125,0,158.55789184570313,0,0,-158.55789184570313,0,-0.0048297109046936473,0,-0.004,0,0,-24
2350.25,0,158.5540771484375,0,-0.030517578125,-158.5540771484375,0,-0.0048292775778187476,0,-0.0054,0,0,-24
2350.375,0,158.55789184570313,0,0.030517578125,-158.55789184570313,0,-0.0048297112884432411,0,-0.0032,0,0,-24
2350.5,0,158.56170654296875,0,0.030517578125,-158.56170654296875,0,-0.0048301390752867306,0,-0.0058,0,0,-24
2350.625,0,158.55789184570313,0,-0.030517578125,-158.55789184570313,0,-0.0048296999279886623,0,-0.0044,0,0,-24
2350.75,0,158.55026245117188,0,-0.06103515625,-158.55026245117188,0,-0.0048288362454622161,0,-0.0044,0,0,-24
2350.875,0,158.55789184570313,0,0.06103515625,-158.55789184570313,0,-0.0048297065825018059,0,-0.0034,0,0,-24
2351,0,158.55026245117188,0,-0.06103515625,-158.55026245117188,0,-0.0048288427758251479,0,-0.0046,0,0,-24
2351.125,0,158.5540771484375,0,0.030517578125,-158.5540771484375,0,-0.0048292824305918233,0,-0.0044,0,0,-24
2351.25,0,158.55026245117188,0,-0.030517578125,-158.55026245117188,0,-0.0048288549298025132,0,-0.005,0,0,-24
2351.375,0,158.55026245117188,0,0,-158.55026245117188,0,-0.0048288637973790691,0,-0.0048,0,0,-24
2351.5,0,158.55026245117188,0,0,-158.55026245117188,0,-0.0048288724995173005,0,-0.0058,0,0,-24
2351.625,0,158.5540771484375,0,0.030517578125,-158.5540771484375,0,-0.0048293115997426308,0,-0.0046,0,0,-24
2351.75,0,158.5540771484375,0,0,-158.5540771484375,0,-0.0048293141151967162,0,-0.0034,0,0,-24
2351.875,0,158.55026245117188,0,-0.030517578125,-158.55026245117188,0,-0.004828886023282207,0,-0.004,0,0,-24
2352,0,158.55026245117188,0,0,-158.55026245117188,0,-0.0048288943107619173,0,-0.006,0,0,-24
2352.125,0,158.55026245117188,0,0,-158.55026245117188,0,-0.0048289024436259046,0,-0.005,0,0,-24
2352.25,0,158.55026245117188,0,0,-158.55026245117188,0,-0.0048289104247587634,0,-0.0046,0,0,-24
2352.375,0,158.55789184570313,0,0.06103515625,-158.55789184570313,0,-0.004829779377869106,0,-0.005,0,0,-24
2352.5,0,158.5540771484375,0,-0.030517578125,-158.5540771484375,0,-0.0048293447735214537,0,-0.0058,0,0,-24
2352.625,0,158.5540771484375,0,0,-158.5540771484375,0,-0.0048293466700675032,0,-0.004,0,0,-24
2352.75,0,158.55026245117188,0,-0.030517578125,-158.55026245117188,0,-0.0048289179707916427,0,-0.005,0,0,-24
2352.875,0,158.5540771484375,0,0.030517578125,-158.5540771484375,0,-0.0048293562226801806,0,-0.0052,0,0,-24
2353,0,158.5540771484375,0,0,-158.5540771484375,0,-0.0048293579056245062,0,-0.0048,0,0,-24
2353.125,0,158.56170654296875,0,0.06103515625,-158.56170654296875,0,-0.0048302206780487383,0,-0.0034,0,0,-24
2353.25,0,158.55789184570313,0,-0.030517578125,-158.55789184570313,0,-0.0048297800083252186,0,-0.005,0,0,-24
2353.375,0,158.5540771484375,0,-0.030517578125,-158.5540771484375,0,-0.0048293453922154343,0,-0.004,0,0,-24
2353.5,0,158.5540771484375,0,0,-158.5540771484375,0,-0.0048293472772187925,0,-0.0046,0,0,-24
2353.625,0,158.5540771484375,0,0,-158.5540771484375,0,-0.0048293491270545042,0,-0.0042,0,0,-24
2353.75,0,158.55789184570313,0,0.030517578125,-158.55789184570313,0,-0.0048297815028175931,0,-0.005,0,0,-24
2353.875,0,158.5540771484375,0,-0.030517578125,-158.5540771484375,0,-0.0048293468588257475,0,-0.005,0,0,-24
2354,0,158.55789184570313,0,0.030517578125,-158.55789184570313,0,-0.004829779276906144,0,-0.0042,0,0,-24
2354.125,0,158.55026245117188,0,-0.06103515625,-158.55026245117188,0,-0.0048289141140031942,0,-0.0054,0,0,-24
2354.25,0,158.5540771484375,0,0.030517578125,-158.5540771484375,0,-0.0048293524378460722,0,-0.0048,0,0,-24
2354.375,0,158.5540771484375,0,0,-158.5540771484375,0,-0.0048293541914023186,0,-0.0056,0,0,-24
2354.5,0,158.55026245117188,0,-0.030517578125,-158.55026245117188,0,-0.0048289253518043508,0,-0.0036,0,0,-24
2354.625,0,158.5540771484375,0,0.030517578125,-158.5540771484375,0,-0.0048293634659887065,0,-0.0046,0,0,-24
2354.75,0,158.55026245117188,0,-0.030517578125,-158.55026245117188,0,-0.004828934453359017,0,-0.005,0,0,-24
2354.875,0,158.55789184570313,0,0.06103515625,-158.55789184570313,0,-0.0048298029581787423,0,-0.005,0,0,-24
2355,0,158.55026245117188,0,-0.06103515625,-158.55026245117188,0,-0.0048289373534651089,0,-0.005,0,0,-24
2355.125,0,158.5540771484375,0,0.030517578125,-158.5540771484375,0,-0.0048293752437399634,0,-0.004,0,0,-24
2355.25,0,158.5540771484375,0,0,-158.5540771484375,0,-0.0048293765718170657,0,-0.005,0,0,-24
2355.375,0,158.54644775390625,0,-0.06103515625,-158.54644775390625,0,-0.00482851675423901,0,-0.0048,0,0,-24
2355.5,0,158.5540771484375,0,0.06103515625,-158.5540771484375,0,-0.0048293908841204117,0,-0.0046,0,0,-24
2355.625,0,158.5540771484375,0,0,-158.5540771484375,0,-0.0048293919204020815,0,-0.0048,0,0,-24
2355.75,0,158.55026245117188,0,-0.030517578125,-158.55026245117188,0,-0.0048289623769114014,0,-0.0042,0,0,-24
2355.875,0,158.5540771484375,0,0.030517578125,-158.5540771484375,0,-0.00482939980033525,0,-0.0042,0,0,-24
2356,0,158.55789184570313,0,0.030517578125,-158.55789184570313,0,-0.00482983123071009,0,-0.004,0,0,-24
2356.125,0,158.5540771484375,0,-0.030517578125,-158.5540771484375,0,-0.0048293956589676714,0,-0.0048,0,0,-24
2356.25,0,158.5540771484375,0,0,-158.5540771484375,0,-0.0048293966061671977,0,-0.0044,0,0,-24
2356.375,0,158.55789184570313,0,0.030517578125,-158.55789184570313,0,-0.0048298280961341714,0,-0.0044,0,0,-24
2356.5,0,158.55789184570313,0,0,-158.55789184570313,0,-0.0048298231433110206,0,-0.0048,0,0,-24
2356.625,0,158.5540771484375,0,-0.030517578125,-158.5540771484375,0,-0.0048293877224515119,0,-0.0056,0,0,-24
2356.75,0,158.55789184570313,0,0.030517578125,-158.55789184570313,0,-0.0048298193781579112,0,-0.0048,0,0,-24
2356.875,0,158.55026245117188,0,-0.06103515625,-158.55026245117188,0,-0.0048289534671042272,0,-0.005,0,0,-24
2357,0,158.55026245117188,0,0,-158.55026245117188,0,-0.0048289604963153614,0,-0.005,0,0,-24
2357.125,0,158.5540771484375,0,0.030517578125,-158.5540771484375,0,-0.0048293979548246308,0,-0.0038,0,0,-24
2357.25,0,158.55026245117188,0,-0.030517578125,-158.55026245117188,0,-0.0048289682987524857,0,-0.0042,0,0,-24
2357.375,0,158.55789184570313,0,0.06103515625,-158.55789184570313,0,-0.0048298361721341668,0,-0.004,0,0,-24
2357.5,0,158.55026245117188,0,-0.06103515625,-158.55026245117188,0,-0.0048289699477629408,0,-0.0044,0,0,-24
2357.625,0,158.55026245117188,0,0,-158.55026245117188,0,-0.0048289766695019543,0,-0.0048,0,0,-24
2357.75,0,158.55789184570313,0,0.06103515625,-158.55789184570313,0,-0.0048298443867143869,0,-0.005,0,0,-24
2357.875,0,158.5540771484375,0,-0.030517578125,-158.5540771484375,0,-0.0048294085695264064,0,-0.0044,0,0,-24
2358,0,158.55026245117188,0,-0.030517578125,-158.55026245117188,0,-0.00482897871542062,0,-0.0058,0,0,-24
2358.125,0,158.5540771484375,0,0.030517578125,-158.5540771484375,0,-0.0048294158340243662,0,-0.005,0,0,-24
2358.25,0,158.5540771484375,0,0,-158.5540771484375,0,-0.0048294164048270759,0,-0.0054,0,0,-24
2358.375,0,158.5540771484375,0,0,-158.5540771484375,0,-0.00482941696498058,0,-0.0064,0,0,-24
2358.5,0,158.55026245117188,0,-0.030517578125,-158.55026245117188,0,-0.00482898695424464,0,-0.0032,0,0,-24
2358.625,0,158.5540771484375,0,0.030517578125,-158.5540771484375,0,-0.0048294239191404107,0,-0.0052,0,0,-24
2358.75,0,158.56170654296875,0,0.06103515625,-158.56170654296875,0,-0.0048302854599806344,0,-0.0042,0,0,-24
2358.875,0,158.54644775390625,0,-0.1220703125,-158.54644775390625,0,-0.00482855190033346,0,-0.0054,0,0,-24
2359,0,158.5540771484375,0,0.06103515625,-158.5540771484375,0,-0.0048294253745102336,0,-0.0042,0,0,-24
2359.125,0,158.5540771484375,0,0,-158.5540771484375,0,-0.0048294257673204572,0,-0.0054,0,0,-24
2359.25,0,158.55026245117188,0,-0.030517578125,-158.55026245117188,0,-0.0048289955923632834,0,-0.0034,0,0,-24
2359.375,0,158.55789184570313,0,0.06103515625,-158.55789184570313,0,-0.0048298629565405376,0,-0.0046,0,0,-24
2359.5,0,158.55026245117188,0,-0.06103515625,-158.55026245117188,0,-0.0048289962324648775,0,-0.0042,0,0,-24
2359.625,0,158.55026245117188,0,0,-158.55026245117188,0,-0.0048290024638222148,0,-0.004,0,0,-24
2359.75,0,158.5540771484375,0,0.030517578125,-158.5540771484375,0,-0.004829439139362882,0,-0.0042,0,0,-24
2359.875,0,158.55026245117188,0,-0.030517578125,-158.55026245117188,0,-0.0048290087149296217,0,-0.0044,0,0,-24
2360,0,158.5540771484375,0,0.030517578125,-158.5540771484375,0,-0.0048294452738462338,0,-0.0054,0,0,-24
2360.125,0,158.55026245117188,0,-0.030517578125,-158.55026245117188,0,-0.00482901473496472,0,-0.0042,0,0,-24
2360.25,0,158.5540771484375,0,0.030517578125,-158.5540771484375,0,-0.0048294511815682867,0,-0.0048,0,0,-24
2360.375,0,158.55789184570313,0,0.030517578125,-158.55789184570313,0,-0.004829881653346935,0,-0.0034,0,0,-24
2360.5,0,158.55789184570313,0,0,-158.55789184570313,0,-0.0048298757013313333,0,-0.005,0,0,-24
2360.625,0,158.55026245117188,0,-0.06103515625,-158.55026245117188,0,-0.0048290087394819341,0,-0.0048,0,0,-24
2360.75,0,158.55026245117188,0,0,-158.55026245117188,0,-0.004829014737501568,0,-0.0054,0,0,-24
2360.875,0,158.5540771484375,0,0.030517578125,-158.5540771484375,0,-0.0048294511840578066,0,-0.0054,0,0,-24
2361,0,158.55026245117188,0,-0.030517578125,-158.55026245117188,0,-0.0048290205349121752,0,-0.0044,0,0,-24
2361.125,0,158.55789184570313,0,0.06103515625,-158.55789184570313,0,-0.0048298874337476894,0,-0.0044,0,0,-24
2361.25,0,158.55026245117188,0,-0.06103515625,-158.55026245117188,0,-0.0048290202530119584,0,-0.0054,0,0,-24
2361.375,0,158.55026245117188,0,0,-158.55026245117188,0,-0.0048290260362289228,0,-0.0048,0,0,-24
2361.5,0,158.55026245117188,0,0,-158.55026245117188,0,-0.00482903171155105,0,-0.0038,0,0,-24
2361.625,0,158.54644775390625,0,-0.030517578125,-158.54644775390625,0,-0.0048286067205523722,0,-0.0044,0,0,-24
2361.75,0,158.55026245117188,0,0.030517578125,-158.55026245117188,0,-0.00482904861153445,0,-0.0044,0,0,-24
2361.875,0,158.55026245117188,0,0,-158.55026245117188,0,-0.0048290538656794151,0,-0.0044,0,0,-24
2362,0,158.55026245117188,0,0,-158.55026245117188,0,-0.0048290590218001981,0,-0.0048,0,0,-24
2362.125,0,158.55026245117188,0,0,-158.55026245117188,0,-0.0048290640817255917,0,-0.0046,0,0,-24
2362.25,0,158.5540771484375,0,0.030517578125,-158.5540771484375,0,-0.0048294996076891855,0,-0.0044,0,0,-24
2362.375,0,158.5540771484375,0,0,-158.5540771484375,0,-0.0048294986155649026,0,-0.0054,0,0,-24
2362.5,0,158.54644775390625,0,-0.06103515625,-158.54644775390625,0,-0.0048286365210723995,0,-0.0052,0,0,-24
2362.625,0,158.5540771484375,0,0.06103515625,-158.5540771484375,0,-0.0048295084165187055,0,-0.005,0,0,-24
2362.75,0,158.5540771484375,0,0,-158.5540771484375,0,-0.0048295072600521146,0,-0.004,0,0,-24
2362.875,0,158.5540771484375,0,0,-158.5540771484375,0,-0.0048295061251611929,0,-0.0046,0,0,-24
2363,0,158.54644775390625,0,-0.06103515625,-158.54644775390625,0,-0.0048286438905655827,0,-0.0052,0,0,-24
2363.125,0,158.55789184570313,0,0.091552734375,-158.55789184570313,0,-0.0048299462089615381,0,-0.0038,0,0,-24
2363.25,0,158.5540771484375,0,-0.030517578125,-158.5540771484375,0,-0.00482950849212241,0,-0.0052,0,0,-24
2363.375,0,158.5540771484375,0,0,-158.5540771484375,0,-0.0048295073342453157,0,-0.0052,0,0,-24
2363.5,0,158.55789184570313,0,0.030517578125,-158.55789184570313,0,-0.0048299367584091219,0,-0.0048,0,0,-24
2363.625,0,158.55789184570313,0,0,-158.55789184570313,0,-0.004829929778323549,0,-0.005,0,0,-24
2363.75,0,158.55789184570313,0,0,-158.55789184570313,0,-0.0048299229284622441,0,-0.0052,0,0,-24
2363.875,0,158.5540771484375,0,-0.030517578125,-158.5540771484375,0,-0.0048294856459567556,0,-0.0046,0,0,-24
2364,0,158.5540771484375,0,0,-158.5540771484375,0,-0.0048294849143101365,0,-0.0046,0,0,-24
2364.125,0,158.5540771484375,0,0,-158.5540771484375,0,-0.0048294841963135143,0,-0.0048,0,0,-24
2364.25,0,158.55026245117188,0,-0.030517578125,-158.55026245117188,0,-0.00482905293127331,0,-0.0052,0,0,-24
2364.375,0,158.5540771484375,0,0.030517578125,-158.5540771484375,0,-0.0048294886652657971,0,-0.005,0,0,-24
2364.5,0,158.55789184570313,0,0.030517578125,-158.55789184570313,0,-0.0048299184377282251,0,-0.005,0,0,-24
2364.625,0,158.55026245117188,0,-0.06103515625,-158.55026245117188,0,-0.0048290506785653928,0,-0.0046,0,0,-24
2364.75,0,158.5540771484375,0,0.030517578125,-158.5540771484375,0,-0.0048294864545856226,0,-0.0048,0,0,-24
2364.875,0,158.55026245117188,0,-0.030517578125,-158.55026245117188,0,-0.0048290551474138672,0,-0.005,0,0,-24
2365,0,158.5540771484375,0,0.030517578125,-158.5540771484375,0,-0.004829490840060833,0,-0.0042,0,0,-24
2365.125,0,158.5540771484375,0,0,-158.5540771484375,0,-0.0048294900115101866,0,-0.0044,0,0,-24
2365.25,0,158.5540771484375,0,0,-158.5540771484375,0,-0.0048294891984174311,0,-0.005,0,0,-24
2365.375,0,158.5540771484375,0,0,-158.5540771484375,0,-0.0048294884004941759,0,-0.0046,0,0,-24
2365.5,0,158.55026245117188,0,-0.030517578125,-158.55026245117188,0,-0.0048290570570184935,0,-0.0044,0,0,-24
2365.625,0,158.55789184570313,0,0.06103515625,-158.55789184570313,0,-0.0048299232744777546,0,-0.0044,0,0,-24
2365.75,0,158.55789184570313,0,0,-158.55789184570313,0,-0.0048299165459557295,0,-0.0058,0,0,-24
2365.875,0,158.5540771484375,0,-0.030517578125,-158.5540771484375,0,-0.0048294793825257492,0,-0.0054,0,0,-24
2366,0,158.5540771484375,0,0,-158.5540771484375,0,-0.0048294787677331009,0,-0.0048,0,0,-24
2366.125,0,158.5540771484375,0,0,-158.5540771484375,0,-0.0048294781644103585,0,-0.0038,0,0,-24
2366.25,0,158.55026245117188,0,-0.030517578125,-158.55026245117188,0,-0.0048290470119046157,0,-0.0038,0,0,-24
2366.375,0,158.5540771484375,0,0.030517578125,-158.5540771484375,0,-0.0048294828563320612,0,-0.0046,0,0,-24
2366.5,0,158.55026245117188,0,-0.030517578125,-158.55026245117188,0,-0.0048290516162912784,0,-0.0052,0,0,-24
2366.625,0,158.55026245117188,0,0,-158.55026245117188,0,-0.0048290568143778689,0,-0.0056,0,0,-24
2366.75,0,158.5540771484375,0,0.030517578125,-158.5540771484375,0,-0.0048294924759250488,0,-0.0052,0,0,-24
2366.875,0,158.54644775390625,0,-0.06103515625,-158.54644775390625,0,-0.0048286304959770012,0,-0.0034,0,0,-24
2367,0,158.5540771484375,0,0.06103515625,-158.5540771484375,0,-0.0048295025038307595,0,-0.0042,0,0,-24
2367.125,0,158.5540771484375,0,0,-158.5540771484375,0,-0.0048295014576744868,0,-0.0042,0,0,-24
2367.25,0,158.55026245117188,0,-0.030517578125,-158.55026245117188,0,-0.0048290698705969566,0,-0.0044,0,0,-24
2367.375,0,158.5540771484375,0,0.030517578125,-158.5540771484375,0,-0.0048295052885602222,0,-0.0044,0,0,-24
2367.5,0,158.5540771484375,0,0,-158.5540771484375,0,-0.0048295041904505235,0,-0.0048,0,0,-24
2367.625,0,158.55026245117188,0,-0.030517578125,-158.55026245117188,0,-0.0048290725523888389,0,-0.005,0,0,-24
2367.75,0,158.54644775390625,0,-0.030517578125,-158.54644775390625,0,-0.0048286467994413081,0,-0.0038,0,0,-24
2367.875,0,158.55026245117188,0,0.030517578125,-158.55026245117188,0,-0.0048290879426898638,0,-0.0052,0,0,-24
2368,0,158.55789184570313,0,0.06103515625,-158.55789184570313,0,-0.0048299535839292649,0,-0.0044,0,0,-24
2368.125,0,158.55789184570313,0,0,-158.55789184570313,0,-0.0048299462899376493,0,-0.0044,0,0,-24
2368.25,0,158.5540771484375,0,-0.030517578125,-158.5540771484375,0,-0.0048295085715877872,0,-0.004,0,0,-24
2368.375,0,158.5540771484375,0,0,-158.5540771484375,0,-0.0048295074122281434,0,-0.0048,0,0,-24
2368.5,0,158.5540771484375,0,0,-158.5540771484375,0,-0.0048295062744981429,0,-0.0054,0,0,-24
2368.625,0,158.55026245117188,0,-0.030517578125,-158.55026245117188,0,-0.0048290745975553342,0,-0.005,0,0,-24
2368.75,0,158.5540771484375,0,0.030517578125,-158.5540771484375,0,-0.0048295099273298961,0,-0.0042,0,0,-24
2368.875,0,158.5540771484375,0,0,-158.5540771484375,0,-0.0048295087426767913,0,-0.005,0,0,-24
2369,0,158.55026245117188,0,-0.030517578125,-158.55026245117188,0,-0.0048290770196863014,0,-0.0042,0,0,-24
2369.125,0,158.5540771484375,0,0.030517578125,-158.5540771484375,0,-0.0048295123042722725,0,-0.0044,0,0,-24
2369.25,0,158.55026245117188,0,-0.030517578125,-158.55026245117188,0,-0.0048290805148347229,0,-0.0042,0,0,-24
2369.375,0,158.54644775390625,0,-0.030517578125,-158.54644775390625,0,-0.004828654613335477,0,-0.0042,0,0,-24
2369.5,0,158.55026245117188,0,0.030517578125,-158.55026245117188,0,-0.0048290956108037793,0,-0.0044,0,0,-24
2369.625,0,158.5540771484375,0,0.030517578125,-158.5540771484375,0,-0.0048295305485437654,0,-0.0064,0,0,-24
2369.75,0,158.54644775390625,0,-0.06103515625,-158.54644775390625,0,-0.0048286678582922637,0,-0.0044,0,0,-24
2369.875,0,158.5540771484375,0,0.06103515625,-158.5540771484375,0,-0.0048295391690943747,0,-0.0044,0,0,-24
2370,0,158.5540771484375,0,0,-158.5540771484375,0,-0.0048295374388910286,0,-0.005,0,0,-24
2370.125,0,158.55026245117188,0,-0.030517578125,-158.55026245117188,0,-0.0048291051805283789,0,-0.0054,0,0,-24
2370.25,0,158.55026245117188,0,0,-158.55026245117188,0,-0.0048291093792914679,0,-0.005,0,0,-24
2370.375,0,158.5540771484375,0,0.030517578125,-158.5540771484375,0,-0.0048295440601590685,0,-0.0046,0,0,-24
2370.5,0,158.55026245117188,0,-0.030517578125,-158.55026245117188,0,-0.0048291116782664461,0,-0.0048,0,0,-24
2370.625,0,158.55026245117188,0,0,-158.55026245117188,0,-0.004829115755804205,0,-0.0048,0,0,-24
2370.75,0,158.54644775390625,0,-0.030517578125,-158.54644775390625,0,-0.0048286891968302914,0,-0.0052,0,0,-24
2370.875,0,158.5540771484375,0,0.06103515625,-158.5540771484375,0,-0.0048295601095290465,0,-0.0042,0,0,-24
2371,0,158.5540771484375,0,0,-158.5540771484375,0,-0.0048295579886495771,0,-0.0048,0,0,-24
2371.125,0,158.5540771484375,0,0,-158.5540771484375,0,-0.0048295559073383877,0,-0.0054,0,0,-24
2371.25,0,158.55026245117188,0,-0.030517578125,-158.55026245117188,0,-0.0048291233044183536,0,-0.0046,0,0,-24
2371.375,0,158.5540771484375,0,0.030517578125,-158.5540771484375,0,-0.0048295577254912243,0,-0.0036,0,0,-24
2371.5,0,158.55026245117188,0,-0.030517578125,-158.55026245117188,0,-0.0048291250886507431,0,-0.005,0,0,-24
2371.625,0,158.55026245117188,0,0,-158.55026245117188,0,-0.0048291289159970883,0,-0.0042,0,0,-24
2371.75,0,158.55789184570313,0,0.06103515625,-158.55789184570313,0,-0.0048299937928162149,0,-0.0042,0,0,-24
2371.875,0,158.5540771484375,0,-0.030517578125,-158.5540771484375,0,-0.0048295551882268483,0,-0.0056,0,0,-24
2372,0,158.55026245117188,0,-0.030517578125,-158.55026245117188,0,-0.00482912259872295,0,-0.0056,0,0,-24
2372.125,0,158.55026245117188,0,0,-158.55026245117188,0,-0.00482912647252274,0,-0.005,0,0,-24
2372.25,0,158.5540771484375,0,0.030517578125,-158.5540771484375,0,-0.0048295608344897344,0,-0.0044,0,0,-24
2372.375,0,158.55026245117188,0,-0.030517578125,-158.55026245117188,0,-0.0048291281396460883,0,-0.0056,0,0,-24
2372.5,0,158.5540771484375,0,0.030517578125,-158.5540771484375,0,-0.0048295624705103242,0,-0.004,0,0,-24
2372.625,0,158.5540771484375,0,0,-158.5540771484375,0,-0.0048295603055831058,0,-0.0044,0,0,-24
2372.75,0,158.5540771484375,0,0,-158.5540771484375,0,-0.0048295581810459459,0,-0.0046,0,0,-24
2372.875,0,158.5540771484375,0,0,-158.5540771484375,0,-0.0048295560961453049,0,-0.0048,0,0,-24
2373,0,158.55026245117188,0,-0.030517578125,-158.55026245117188,0,-0.0048291234897027864,0,-0.0048,0,0,-24
2373.125,0,158.55026245117188,0,0,-158.55026245117188,0,-0.0048291273468799734,0,-0.004,0,0,-24
2373.25,0,158.5540771484375,0,0.030517578125,-158.5540771484375,0,-0.0048295616925344842,0,-0.0052,0,0,-24
2373.375,0,158.55026245117188,0,-0.030517578125,-158.55026245117188,0,-0.0048291289816826894,0,-0.005,0,0,-24
2373.5,0,158.5540771484375,0,0.030517578125,-158.5540771484375,0,-0.0048295632968374325,0,-0.0054,0,0,-24
2373.625,0,158.5540771484375,0,0,-158.5540771484375,0,-0.0048295611164938072,0,-0.0044,0,0,-24
2373.75,0,158.54644775390625,0,-0.06103515625,-158.54644775390625,0,-0.0048286978559500269,0,-0.0046,0,0,-24
2373.875,0,158.55026245117188,0,0.030517578125,-158.55026245117188,0,-0.0048291380466606243,0,-0.0052,0,0,-24
2374,0,158.5540771484375,0,0.030517578125,-158.5540771484375,0,-0.0048295721926942155,0,-0.006,0,0,-24
2374.125,0,158.55789184570313,0,0.030517578125,-158.55789184570313,0,-0.0048300004068235706,0,-0.0048,0,0,-24
2374.25,0,158.55789184570313,0,0,-158.55789184570313,0,-0.0048299922392786073,0,-0.0048,0,0,-24
2374.375,0,158.54644775390625,0,-0.091552734375,-158.54644775390625,0,-0.0048286925427950527,0,-0.0054,0,0,-24
2374.5,0,158.55026245117188,0,0.030517578125,-158.55026245117188,0,-0.0048291328326307559,0,-0.005,0,0,-24
2374.625,0,158.5540771484375,0,0.030517578125,-158.5540771484375,0,-0.00482956707594012,0,-0.0054,0,0,-24
2374.75,0,158.55789184570313,0,0.030517578125,-158.55789184570313,0,-0.0048299953855304193,0,-0.0052,0,0,-24
2374.875,0,158.55026245117188,0,-0.06103515625,-158.55026245117188,0,-0.0048291261907875953,0,-0.004,0,0,-24
2375,0,158.5540771484375,0,0.030517578125,-158.5540771484375,0,-0.0048295605580107931,0,-0.0046,0,0,-24
2375.125,0,158.5540771484375,0,0,-158.5540771484375,0,-0.004829558428764205,0,-0.0052,0,0,-24
2375.25,0,158.55026245117188,0,-0.030517578125,-158.55026245117188,0,-0.0048291257788030811,0,-0.0044,0,0,-24
2375.375,0,158.5540771484375,0,0.030517578125,-158.5540771484375,0,-0.0048295601537124864,0,-0.0044,0,0,-24
2375.5,0,158.55026245117188,0,-0.030517578125,-158.55026245117188,0,-0.00482912747156979,0,-0.0048,0,0,-24
2375.625,0,158.5540771484375,0,0.030517578125,-158.5540771484375,0,-0.00482956181489802,0,-0.0042,0,0,-24
2375.75,0,158.55026245117188,0,-0.030517578125,-158.55026245117188,0,-0.0048291291017633449,0,-0.0054,0,0,-24
2375.875,0,158.55026245117188,0,0,-158.55026245117188,0,-0.0048291328542388818,0,-0.004,0,0,-24
2376,0,158.54644775390625,0,-0.030517578125,-158.54644775390625,0,-0.0048287059762672831,0,-0.0054,0,0,-24
2376.125,0,158.55026245117188,0,0.030517578125,-158.55026245117188,0,-0.0048291460154808313,0,-0.0044,0,0,-24
2376.25,0,158.5540771484375,0,0.030517578125,-158.5540771484375,0,-0.0048295800128437842,0,-0.0036,0,0,-24
2376.375,0,158.5540771484375,0,0,-158.5540771484375,0,-0.0048295775206372649,0,-0.0044,0,0,-24
2376.5,0,158.5540771484375,0,0,-158.5540771484375,0,-0.0048295750749267037,0,-0.005,0,0,-24
2376.625,0,158.55789184570313,0,0.030517578125,-158.55789184570313,0,-0.0048300032352835637,0,-0.0052,0,0,-24
2376.75,0,158.5540771484375,0,-0.030517578125,-158.5540771484375,0,-0.0048295644545303974,0,-0.0048,0,0,-24
2376.875,0,158.55789184570313,0,0.030517578125,-158.55789184570313,0,-0.0048299928130271395,0,-0.0048,0,0,-24
2377,0,158.5540771484375,0,-0.030517578125,-158.5540771484375,0,-0.0048295542267172507,0,-0.0058,0,0,-24
2377.125,0,158.55789184570313,0,0.030517578125,-158.55789184570313,0,-0.00482998277602963,0,-0.0044,0,0,-24
2377.25,0,158.55026245117188,0,-0.06103515625,-158.55026245117188,0,-0.0048291138165365019,0,-0.0034,0,0,-24
2377.375,0,158.5540771484375,0,0.030517578125,-158.5540771484375,0,-0.0048295484146204494,0,-0.005,0,0,-24
2377.5,0,158.54263305664063,0,-0.091552734375,-158.54263305664063,0,-0.0048282548306108,0,-0.0046,0,0,-24
2377.625,0,158.5540771484375,0,0.091552734375,-158.5540771484375,0,-0.0048295622397606132,0,-0.0046,0,0,-24
2377.75,0,158.55026245117188,0,-0.030517578125,-158.55026245117188,0,-0.00482912951869947,0,-0.0044,0,0,-24
2377.875,0,158.5540771484375,0,0.030517578125,-158.5540771484375,0,-0.004829563823835337,0,-0.0052,0,0,-24
2378,0,158.5540771484375,0,0,-158.5540771484375,0,-0.0048295616336597518,0,-0.0056,0,0,-24
2378.125,0,158.55026245117188,0,-0.030517578125,-158.55026245117188,0,-0.0048291289239063562,0,-0.0044,0,0,-24
2378.25,0,158.55026245117188,0,0,-158.55026245117188,0,-0.0048291326797000895,0,-0.0042,0,0,-24
2378.375,0,158.54644775390625,0,-0.030517578125,-158.54644775390625,0,-0.0048287058049847819,0,-0.005,0,0,-24
2378.5,0,158.55789184570313,0,0.091552734375,-158.55789184570313,0,-0.0048300069682717028,0,-0.0054,0,0,-24
2378.625,0,158.54644775390625,0,-0.091552734375,-158.54644775390625,0,-0.0048287069969960529,0,-0.005,0,0,-24
2378.75,0,158.54644775390625,0,0,-158.54644775390625,0,-0.0048287164567274174,0,-0.0056,0,0,-24
2378.875,0,158.55026245117188,0,0.030517578125,-158.55026245117188,0,-0.0048291563004118094,0,-0.0042,0,0,-24
2379,0,158.5540771484375,0,0.030517578125,-158.5540771484375,0,-0.004829590105893504,0,-0.005,0,0,-24
2379.125,0,158.55026245117188,0,-0.030517578125,-158.55026245117188,0,-0.00482915686494665,0,-0.0044,0,0,-24
2379.25,0,158.5540771484375,0,0.030517578125,-158.5540771484375,0,-0.0048295906598960761,0,-0.0054,0,0,-24
2379.375,0,158.55789184570313,0,0.030517578125,-158.55789184570313,0,-0.0048300185294912826,0,-0.005,0,0,-24
2379.5,0,158.55789184570313,0,0,-158.55789184570313,0,-0.0048300100238399873,0,-0.0048,0,0,-24
2379.625,0,158.5540771484375,0,-0.030517578125,-158.5540771484375,0,-0.0048295711164358258,0,-0.0042,0,0,-24
2379.75,0,158.5540771484375,0,0,-158.5540771484375,0,-0.0048295687902055254,0,-0.0048,0,0,-24
2379.875,0,158.5540771484375,0,0,-158.5540771484375,0,-0.004829566507374641,0,-0.0048,0,0,-24
2380,0,158.5540771484375,0,0,-158.5540771484375,0,-0.0048295642671334895,0,-0.0044,0,0,-24
2380.125,0,158.55789184570313,0,0.030517578125,-158.55789184570313,0,-0.0048299926291264107,0,-0.005,0,0,-24
2380.25,0,158.54644775390625,0,-0.091552734375,-158.54644775390625,0,-0.0048286929253696436,0,-0.0044,0,0,-24
2380.375,0,158.55026245117188,0,0.030517578125,-158.55026245117188,0,-0.0048291332080678271,0,-0.0054,0,0,-24
2380.5,0,158.54263305664063,0,-0.06103515625,-158.54263305664063,0,-0.004828275763056087,0,-0.0052,0,0,-24
2380.625,0,158.55026245117188,0,0.06103515625,-158.55026245117188,0,-0.0048291522212399142,0,-0.0046,0,0,-24
2380.75,0,158.55789184570313,0,0.06103515625,-158.55789184570313,0,-0.0048300166632637715,0,-0.0036,0,0,-24
2380.875,0,158.55026245117188,0,-0.06103515625,-158.55026245117188,0,-0.0048291470715519967,0,-0.0048,0,0,-24
2381,0,158.55026245117188,0,0,-158.55026245117188,0,-0.0048291504887733958,0,-0.0048,0,0,-24
2381.125,0,158.5540771484375,0,0.030517578125,-158.5540771484375,0,-0.0048295844026801735,0,-0.0042,0,0,-24
2381.25,0,158.5540771484375,0,0,-158.5540771484375,0,-0.0048295818285744819,0,-0.0052,0,0,-24
2381.375,0,158.55026245117188,0,-0.030517578125,-158.55026245117188,0,-0.0048291487420537875,0,-0.0048,0,0,-24
2381.5,0,158.5540771484375,0,0.030517578125,-158.5540771484375,0,-0.0048295826885483145,0,-0.0052,0,0,-24
2381.625,0,158.55026245117188,0,-0.030517578125,-158.55026245117188,0,-0.004829149585983481,0,-0.0048,0,0,-24
2381.75,0,158.5540771484375,0,0.030517578125,-158.5540771484375,0,-0.0048295835167331972,0,-0.005,0,0,-24
2381.875,0,158.5540771484375,0,0,-158.5540771484375,0,-0.0048295809591562136,0,-0.0046,0,0,-24
2382,0,158.5540771484375,0,0,-158.5540771484375,0,-0.0048295784492947752,0,-0.0046,0,0,-24
2382.125,0,158.55026245117188,0,-0.030517578125,-158.55026245117188,0,-0.0048291454258197588,0,-0.0036,0,0,-24
2382.25,0,158.55026245117188,0,0,-158.55026245117188,0,-0.0048291488737448327,0,-0.0046,0,0,-24
2382.375,0,158.5540771484375,0,0.030517578125,-158.5540771484375,0,-0.0048295828177824605,0,-0.0044,0,0,-24
2382.5,0,158.55026245117188,0,-0.030517578125,-158.55026245117188,0,-0.0048291497128065651,0,-0.005,0,0,-24
2382.625,0,158.55789184570313,0,0.06103515625,-158.55789184570313,0,-0.0048300142016291176,0,-0.0042,0,0,-24
2382.75,0,158.55026245117188,0,-0.06103515625,-158.55026245117188,0,-0.004829144655842936,0,-0.0046,0,0,-24
2382.875,0,158.5540771484375,0,0.030517578125,-158.5540771484375,0,-0.0048295786785720321,0,-0.0054,0,0,-24
2383,0,158.55026245117188,0,-0.030517578125,-158.55026245117188,0,-0.0048291456508194946,0,-0.005,0,0,-24
2383.125,0,158.55026245117188,0,0,-158.55026245117188,0,-0.0048291490945468508,0,-0.0042,0,0,-24
2383.25,0,158.55026245117188,0,0,-158.55026245117188,0,-0.0048291524740261592,0,-0.0048,0,0,-24
2383.375,0,158.5540771484375,0,0.030517578125,-158.5540771484375,0,-0.0048295863508949826,0,-0.0046,0,0,-24
2383.5,0,158.5540771484375,0,0,-158.5540771484375,0,-0.0048295837404423378,0,-0.0044,0,0,-24
2383.625,0,158.5540771484375,0,0,-158.5540771484375,0,-0.0048295811786917154,0,-0.0048,0,0,-24
2383.75,0,158.5540771484375,0,0,-158.5540771484375,0,-0.0048295786647345037,0,-0.0048,0,0,-24
2383.875,0,158.5540771484375,0,0,-158.5540771484375,0,-0.0048295761976790436,0,-0.005,0,0,-24
2384,0,158.5540771484375,0,0,-158.5540771484375,0,-0.0048295737766503094,0,-0.0046,0,0,-24
2384.125,0,158.5540771484375,0,0,-158.5540771484375,0,-0.0048295714007896024,0,-0.0048,0,0,-24
2384.25,0,158.55026245117188,0,-0.030517578125,-158.55026245117188,0,-0.0048291385088153269,0,-0.0056,0,0,-24
2384.375,0,158.55026245117188,0,0,-158.55026245117188,0,-0.0048291420857877925,0,-0.0054,0,0,-24
2384.5,0,158.5540771484375,0,0.030517578125,-158.5540771484375,0,-0.0048295761564652335,0,-0.0048,0,0,-24
2384.625,0,158.5540771484375,0,0,-158.5540771484375,0,-0.0048295737362054067,0,-0.0048,0,0,-24
2384.75,0,158.5540771484375,0,0,-158.5540771484375,0,-0.004829571361099262,0,-0.0048,0,0,-24
2384.875,0,158.55026245117188,0,-0.030517578125,-158.55026245117188,0,-0.0048291384698654705,0,-0.0052,0,0,-24
2385,0,158.55789184570313,0,0.06103515625,-158.55789184570313,0,-0.0048300031684424391,0,-0.0048,0,0,-24
2385.125,0,158.55026245117188,0,-0.06103515625,-158.55026245117188,0,-0.0048291338284973812,0,-0.0048,0,0,-24
2385.25,0,158.5540771484375,0,0.030517578125,-158.5540771484375,0,-0.0048295680532273169,0,-0.005,0,0,-24
2385.375,0,158.54644775390625,0,-0.06103515625,-158.54644775390625,0,-0.0048287046632680686,0,-0.0052,0,0,-24
2385.5,0,158.5540771484375,0,0.06103515625,-158.5540771484375,0,-0.00482957528741656,0,-0.0046,0,0,-24
2385.625,0,158.5540771484375,0,0,-158.5540771484375,0,-0.0048295728833701781,0,-0.0048,0,0,-24
2385.75,0,158.5540771484375,0,0,-158.5540771484375,0,-0.0048295705241749908,0,-0.004,0,0,-24
2385.875,0,158.5540771484375,0,0,-158.5540771484375,0,-0.00482956820899423,0,-0.0046,0,0,-24
2386,0,158.55789184570313,0,0.030517578125,-158.55789184570313,0,-0.0048299964974456563,0,-0.005,0,0,-24
2386.125,0,158.55789184570313,0,0,-158.55789184570313,0,-0.004829988402836171,0,-0.0054,0,0,-24
2386.25,0,158.5540771484375,0,-0.030517578125,-158.5540771484375,0,-0.0048295498988052,0,-0.004,0,0,-24
2386.375,0,158.55789184570313,0,0.030517578125,-158.55789184570313,0,-0.0048299785288614576,0,-0.0042,0,0,-24
2386.5,0,158.55789184570313,0,0,-158.55789184570313,0,-0.0048299707694836385,0,-0.0048,0,0,-24
2386.625,0,158.5540771484375,0,-0.030517578125,-158.5540771484375,0,-0.0048295325944300695,0,-0.0054,0,0,-24
2386.75,0,158.5540771484375,0,0,-158.5540771484375,0,-0.0048295309868872319,0,-0.0044,0,0,-24
2386.875,0,158.5540771484375,0,0,-158.5540771484375,0,-0.0048295294093355862,0,-0.0054,0,0,-24
2387,0,158.56170654296875,0,0.06103515625,-158.56170654296875,0,-0.0048303889820934314,0,-0.005,0,0,-24
2387.125,0,158.5540771484375,0,-0.06103515625,-158.5540771484375,0,-0.0048295146119593218,0,-0.003,0,0,-24
2387.25,0,158.5540771484375,0,0,-158.5540771484375,0,-0.0048295133399072253,0,-0.0038,0,0,-24
2387.375,0,158.55789184570313,0,0.030517578125,-158.55789184570313,0,-0.0048299426520261408,0,-0.0056,0,0,-24
2387.5,0,158.55789184570313,0,0,-158.55789184570313,0,-0.0048299355619860485,0,-0.0036,0,0,-24
2387.625,0,158.55789184570313,0,0,-158.55789184570313,0,-0.0048299286042215945,0,-0.0044,0,0,-24
2387.75,0,158.5540771484375,0,-0.030517578125,-158.5540771484375,0,-0.0048294912158260567,0,-0.0046,0,0,-24
2387.875,0,158.55789184570313,0,0.030517578125,-158.55789184570313,0,-0.004829920940703847,0,-0.0054,0,0,-24
2388,0,158.5540771484375,0,-0.030517578125,-158.5540771484375,0,-0.0048294836952830593,0,-0.0046,0,0,-24
2388.125,0,158.55789184570313,0,0.030517578125,-158.55789184570313,0,-0.0048299135604681848,0,-0.004,0,0,-24
2388.25,0,158.5540771484375,0,-0.030517578125,-158.5540771484375,0,-0.0048294764527370814,0,-0.0046,0,0,-24
2388.375,0,158.5540771484375,0,0,-158.5540771484375,0,-0.0048294758926041613,0,-0.0056,0,0,-24
2388.5,0,158.5540771484375,0,0,-158.5540771484375,0,-0.0048294753429213855,0,-0.0048,0,0,-24
2388.625,0,158.56170654296875,0,0.06103515625,-158.56170654296875,0,-0.00483033592437162,0,-0.0042,0,0,-24
2388.75,0,158.56170654296875,0,0,-158.56170654296875,0,-0.0048303236649890171,0,-0.0044,0,0,-24
2388.875,0,158.55026245117188,0,-0.091552734375,-158.55026245117188,0,-0.0048290199530073687,0,-0.0046,0,0,-24
2389,0,158.55789184570313,0,0.06103515625,-158.55789184570313,0,-0.0048298868626992153,0,-0.0042,0,0,-24
2389.125,0,158.5540771484375,0,-0.030517578125,-158.5540771484375,0,-0.0048294502530561913,0,-0.0036,0,0,-24
2389.25,0,158.5540771484375,0,0,-158.5540771484375,0,-0.0048294501817187484,0,-0.0046,0,0,-24
2389.375,0,158.54644775390625,0,-0.06103515625,-158.54644775390625,0,-0.0048285889908343859,0,-0.0058,0,0,-24
2389.5,0,158.55026245117188,0,0.030517578125,-158.55026245117188,0,-0.0048290312125917117,0,-0.005,0,0,-24
2389.625,0,158.5540771484375,0,0.030517578125,-158.5540771484375,0,-0.00482946735177972,0,-0.0042,0,0,-24
2389.75,0,158.55789184570313,0,0.030517578125,-158.55789184570313,0,-0.0048298975218781211,0,-0.0038,0,0,-24
2389.875,0,158.55789184570313,0,0,-158.55789184570313,0,-0.0048298912738105821,0,-0.0044,0,0,-24
2390,0,158.5540771484375,0,-0.030517578125,-158.5540771484375,0,-0.0048294545818714681,0,-0.0042,0,0,-24
2390.125,0,158.55026245117188,0,-0.030517578125,-158.55026245117188,0,-0.00482902386933438,0,-0.0046,0,0,-24
2390.25,0,158.55026245117188,0,0,-158.55026245117188,0,-0.0048290295850832686,0,-0.0048,0,0,-24
2390.375,0,158.55789184570313,0,0.06103515625,-158.55789184570313,0,-0.0048298963150738752,0,-0.0038,0,0,-24
2390.5,0,158.5540771484375,0,-0.030517578125,-158.5540771484375,0,-0.004829459529082215,0,-0.0046,0,0,-24
2390.625,0,158.55026245117188,0,-0.030517578125,-158.55026245117188,0,-0.0048290287242472758,0,-0.0046,0,0,-24
2390.75,0,158.5540771484375,0,0.030517578125,-158.5540771484375,0,-0.0048294649098591892,0,-0.0046,0,0,-24
2390.875,0,158.55789184570313,0,0.030517578125,-158.55789184570313,0,-0.0048298951255153861,0,-0.0042,0,0,-24
2391,0,158.55026245117188,0,-0.06103515625,-158.55026245117188,0,-0.0048290278012778588,0,-0.0044,0,0,-24
2391.125,0,158.54644775390625,0,-0.030517578125,-158.54644775390625,0,-0.0048286028832313617,0,-0.005,0,0,-24
2391.25,0,158.5540771484375,0,0.06103515625,-158.5540771484375,0,-0.0048294754062435,0,-0.0044,0,0,-24
2391.375,0,158.55026245117188,0,-0.030517578125,-158.55026245117188,0,-0.0048290443051956164,0,-0.0036,0,0,-24
2391.5,0,158.55026245117188,0,0,-158.55026245117188,0,-0.0048290496396819786,0,-0.0046,0,0,-24
2391.625,0,158.5540771484375,0,0.030517578125,-158.5540771484375,0,-0.0048294854350841819,0,-0.004,0,0,-24
2391.75,0,158.55789184570313,0,0.030517578125,-158.55789184570313,0,-0.0048299152678106328,0,-0.0044,0,0,-24
2391.875,0,158.5540771484375,0,-0.030517578125,-158.5540771484375,0,-0.0048294781282264216,0,-0.0044,0,0,-24
2392,0,158.5540771484375,0,0,-158.5540771484375,0,-0.0048294775368346631,0,-0.0052,0,0,-24
2392.125,0,158.5540771484375,0,0,-158.5540771484375,0,-0.00482947695647623,0,-0.0048,0,0,-24
2392.25,0,158.55789184570313,0,0.030517578125,-158.55789184570313,0,-0.0048299069473841955,0,-0.0052,0,0,-24
2392.375,0,158.5540771484375,0,-0.030517578125,-158.5540771484375,0,-0.00482946996303038,0,-0.005,0,0,-24
2392.5,0,158.5540771484375,0,0,-158.5540771484375,0,-0.004829469523972953,0,-0.0052,0,0,-24
2392.625,0,158.55789184570313,0,0.030517578125,-158.55789184570313,0,-0.004829899653545737,0,-0.0046,0,0,-24
2392.75,0,158.55026245117188,0,-0.06103515625,-158.55026245117188,0,-0.0048290322448308158,0,-0.0044,0,0,-24
2392.875,0,158.55789184570313,0,0.06103515625,-158.55789184570313,0,-0.0048298989251997276,0,-0.0044,0,0,-24
2393,0,158.55026245117188,0,-0.06103515625,-158.55026245117188,0,-0.0048290315300732259,0,-0.0048,0,0,-24
2393.125,0,158.5540771484375,0,0.030517578125,-158.5540771484375,0,-0.0048294676633381262,0,-0.0046,0,0,-24
2393.25,0,158.5540771484375,0,0,-158.5540771484375,0,-0.0048294672671850072,0,-0.0046,0,0,-24
2393.375,0,158.5540771484375,0,0,-158.5540771484375,0,-0.0048294668784227366,0,-0.0044,0,0,-24
2393.5,0,158.5540771484375,0,0,-158.5540771484375,0,-0.0048294664969134255,0,-0.0048,0,0,-24
2393.625,0,158.5540771484375,0,0,-158.5540771484375,0,-0.0048294661225217594,0,-0.0042,0,0,-24
2393.75,0,158.55789184570313,0,0.030517578125,-158.55789184570313,0,-0.0048298963155538645,0,-0.004,0,0,-24
2393.875,0,158.55026245117188,0,-0.06103515625,-158.55026245117188,0,-0.004829028969114333,0,-0.0038,0,0,-24
2394,0,158.5540771484375,0,0.030517578125,-158.5540771484375,0,-0.0048294651501578738,0,-0.0048,0,0,-24
2394.125,0,158.55026245117188,0,-0.030517578125,-158.55026245117188,0,-0.0048290342404530943,0,-0.0048,0,0,-24
2394.25,0,158.5540771484375,0,0.030517578125,-158.5540771484375,0,-0.0048294703231516762,0,-0.004,0,0,-24
2394.375,0,158.5540771484375,0,0,-158.5540771484375,0,-0.0048294698773756308,0,-0.0054,0,0,-24
2394.5,0,158.55026245117188,0,-0.030517578125,-158.55026245117188,0,-0.0048290388794773095,0,-0.0048,0,0,-24
2394.625,0,158.55026245117188,0,0,-158.55026245117188,0,-0.0048290443151888188,0,-0.0048,0,0,-24
2394.75,0,158.5540771484375,0,0.030517578125,-158.5540771484375,0,-0.0048294802099276592,0,-0.004,0,0,-24
2394.875,0,158.54644775390625,0,-0.06103515625,-158.54644775390625,0,-0.0048286184588207217,0,-0.0042,0,0,-24
2395,0,158.55026245117188,0,0.030517578125,-158.55026245117188,0,-0.0048290601308072891,0,-0.0044,0,0,-24
2395.125,0,158.55789184570313,0,0.06103515625,-158.55789184570313,0,-0.0048299262909202775,0,-0.0038,0,0,-24
2395.25,0,158.5540771484375,0,-0.030517578125,-158.5540771484375,0,-0.0048294889456829459,0,-0.0046,0,0,-24
2395.375,0,158.55789184570313,0,0.030517578125,-158.55789184570313,0,-0.0048299187129137592,0,-0.0038,0,0,-24
2395.5,0,158.55789184570313,0,0,-158.55789184570313,0,-0.00482991206949475,0,-0.0052,0,0,-24
2395.625,0,158.55789184570313,0,0,-158.55789184570313,0,-0.0048299055500189737,0,-0.005,0,0,-24
2395.75,0,158.55789184570313,0,0,-158.55789184570313,0,-0.0048298991521740792,0,-0.0046,0,0,-24
2395.875,0,158.5540771484375,0,-0.030517578125,-158.5540771484375,0,-0.0048294623132519371,0,-0.0046,0,0,-24
2396,0,158.55789184570313,0,0.030517578125,-158.55789184570313,0,-0.0048298925773518492,0,-0.0048,0,0,-24
2396.125,0,158.5540771484375,0,-0.030517578125,-158.5540771484375,0,-0.0048294558610931619,0,-0.0052,0,0,-24
2396.25,0,158.5540771484375,0,0,-158.5540771484375,0,-0.0048294556851291356,0,-0.005,0,0,-24
2396.375,0,158.5540771484375,0,0,-158.5540771484375,0,-0.00482945551244799,0,-0.005,0,0,-24
2396.5,0,158.56170654296875,0,0.06103515625,-158.56170654296875,0,-0.0048303164638663076,0,-0.0052,0,0,-24
2396.625,0,158.56170654296875,0,0,-158.56170654296875,0,-0.004830304567549462,0,-0.0042,0,0,-24
2396.75,0,158.5540771484375,0,-0.06103515625,-158.5540771484375,0,-0.0048294317722989352,0,-0.005,0,0,-24
2396.875,0,158.5540771484375,0,0,-158.5540771484375,0,-0.0048294320457485376,0,-0.006,0,0,-24
2397,0,158.55789184570313,0,0.030517578125,-158.55789184570313,0,-0.0048298628745354327,0,-0.0046,0,0,-24
2397.125,0,158.5540771484375,0,-0.030517578125,-158.5540771484375,0,-0.0048294267124286217,0,-0.0054,0,0,-24
2397.25,0,158.55789184570313,0,0.030517578125,-158.55789184570313,0,-0.00482985764071683,0,-0.0058,0,0,-24
2397.375,0,158.5540771484375,0,-0.030517578125,-158.5540771484375,0,-0.0048294215762549816,0,-0.005,0,0,-24
2397.5,0,158.55026245117188,0,-0.030517578125,-158.55026245117188,0,-0.004828991479488602,0,-0.0048,0,0,-24
2397.625,0,158.5540771484375,0,0.030517578125,-158.5540771484375,0,-0.004829428359958963,0,-0.005,0,0,-24
2397.75,0,158.5540771484375,0,0,-158.5540771484375,0,-0.0048294286970710339,0,-0.005,0,0,-24
2397.875,0,158.55026245117188,0,-0.030517578125,-158.55026245117188,0,-0.0048289984674548423,0,-0.0052,0,0,-24
2398,0,158.55026245117188,0,0,-158.55026245117188,0,-0.0048290046571149931,0,-0.0044,0,0,-24
2398.125,0,158.5540771484375,0,0.030517578125,-158.5540771484375,0,-0.0048294412917363983,0,-0.005,0,0,-24
2398.25,0,158.5540771484375,0,0,-158.5540771484375,0,-0.0048294413875862056,0,-0.0042,0,0,-24
2398.375,0,158.55789184570313,0,0.030517578125,-158.55789184570313,0,-0.0048298720420867029,0,-0.004,0,0,-24
2398.5,0,158.55026245117188,0,-0.06103515625,-158.55026245117188,0,-0.0048290051485061587,0,-0.0042,0,0,-24
2398.625,0,158.5540771484375,0,0.030517578125,-158.5540771484375,0,-0.0048294417739599043,0,-0.005,0,0,-24
2398.75,0,158.5540771484375,0,0,-158.5540771484375,0,-0.0048294418608130878,0,-0.0054,0,0,-24
2398.875,0,158.5540771484375,0,0,-158.5540771484375,0,-0.0048294419460458912,0,-0.0044,0,0,-24
2399,0,158.55789184570313,0,0.030517578125,-158.55789184570313,0,-0.0048298725901274615,0,-0.0046,0,0,-24
2399.125,0,158.5540771484375,0,-0.030517578125,-158.5540771484375,0,-0.0048294362467612879,0,-0.0042,0,0,-24
2399.25,0,158.5540771484375,0,0,-158.5540771484375,0,-0.0048294364367328906,0,-0.0048,0,0,-24
2399.375,0,158.55789184570313,0,0.030517578125,-158.55789184570313,0,-0.0048298671835991965,0,-0.0054,0,0,-24
2399.5,0,158.5540771484375,0,-0.030517578125,-158.5540771484375,0,-0.0048294309411001509,0,-0.0044,0,0,-24
2399.625,0,158.5540771484375,0,0,-158.5540771484375,0,-0.0048294312300570493,0,-0.0036,0,0,-24
2399.75,0,158.55026245117188,0,-0.030517578125,-158.55026245117188,0,-0.0048290009531840941,0,-0.0048,0,0,-24
2399.875,0,158.55026245117188,0,0,-158.55026245117188,0,-0.00482900709646913,0,-0.005,0,0,-24
2400,0,158.5540771484375,0,0.030517578125,-158.5540771484375,0,-0.00482944368558062,0,-0.0054,0,0,-24
2400.125,0,158.55789184570313,0,0.030517578125,-158.55789184570313,0,-0.0048298742972084857,0,-0.0044,0,0,-24
2400.25,0,158.5540771484375,0,-0.030517578125,-158.5540771484375,0,-0.0048294379219940816,0,-0.0048,0,0,-24
2400.375,0,158.5540771484375,0,0,-158.5540771484375,0,-0.0048294380807116311,0,-0.005,0,0,-24
2400.5,0,158.55026245117188,0,-0.030517578125,-158.55026245117188,0,-0.0048290076760291439,0,-0.004,0,0,-24
2400.625,0,158.55789184570313,0,0.06103515625,-158.55789184570313,0,-0.0048298748147669645,0,-0.0046,0,0,-24
2400.75,0,158.5540771484375,0,-0.030517578125,-158.5540771484375,0,-0.0048294384298967086,0,-0.0048,0,0,-24
2400.875,0,158.55026245117188,0,-0.030517578125,-158.55026245117188,0,-0.0048290080186996348,0,-0.005,0,0,-24
2401,0,158.55789184570313,0,0.06103515625,-158.55789184570313,0,-0.0048298751510444079,0,-0.0046,0,0,-24
2401.125,0,158.5540771484375,0,-0.030517578125,-158.5540771484375,0,-0.0048294387599003771,0,-0.004,0,0,-24
2401.25,0,158.5540771484375,0,0,-158.5540771484375,0,-0.0048294389029854921,0,-0.0044,0,0,-24
2401.375,0,158.55026245117188,0,-0.030517578125,-158.55026245117188,0,-0.0048290084829622163,0,-0.0044,0,0,-24
2401.5,0,158.5540771484375,0,0.030517578125,-158.5540771484375,0,-0.0048294450462065385,0,-0.0042,0,0,-24
2401.625,0,158.55789184570313,0,0.030517578125,-158.55789184570313,0,-0.0048298756324498277,0,-0.0052,0,0,-24
2401.75,0,158.55026245117188,0,-0.06103515625,-158.55026245117188,0,-0.0048290086718855195,0,-0.0044,0,0,-24
2401.875,0,158.55789184570313,0,0.06103515625,-158.55789184570313,0,-0.0048298757920441021,0,-0.0046,0,0,-24
2402,0,158.5540771484375,0,-0.030517578125,-158.5540771484375,0,-0.004829439388941233,0,-0.0046,0,0,-24
2402.125,0,158.55026245117188,0,-0.030517578125,-158.55026245117188,0,-0.0048290089598517034,0,-0.0046,0,0,-24
2402.25,0,158.5540771484375,0,0.030517578125,-158.5540771484375,0,-0.004829445514198916,0,-0.0044,0,0,-24
2402.375,0,158.55026245117188,0,-0.030517578125,-158.55026245117188,0,-0.0048290149708332519,0,-0.0052,0,0,-24
2402.5,0,158.55026245117188,0,0,-158.55026245117188,0,-0.0048290208525974109,0,-0.0038,0,0,-24
2402.625,0,158.54644775390625,0,-0.030517578125,-158.54644775390625,0,-0.00482859606418927,0,-0.0042,0,0,-24
2402.75,0,158.5540771484375,0,0.06103515625,-158.5540771484375,0,-0.0048294687144211619,0,-0.0046,0,0,-24
2402.875,0,158.55789184570313,0,0.030517578125,-158.55789184570313,0,-0.0048298988590973835,0,-0.0042,0,0,-24
2403,0,158.5540771484375,0,-0.030517578125,-158.5540771484375,0,-0.0048294620256430394,0,-0.0044,0,0,-24
2403.125,0,158.56170654296875,0,0.06103515625,-158.56170654296875,0,-0.0048303228555476524,0,-0.0042,0,0,-24
2403.25,0,158.55789184570313,0,-0.030517578125,-158.55789184570313,0,-0.004829880279545215,0,-0.005,0,0,-24
2403.375,0,158.55789184570313,0,0,-158.55789184570313,0,-0.0048298743531600043,0,-0.0052,0,0,-24
2403.5,0,158.55026245117188,0,-0.06103515625,-158.55026245117188,0,-0.0048290074164628214,0,-0.005,0,0,-24
2403.625,0,158.55789184570313,0,0.06103515625,-158.55789184570313,0,-0.0048298745600432519,0,-0.0042,0,0,-24
2403.75,0,158.5540771484375,0,-0.030517578125,-158.5540771484375,0,-0.00482943817992526,0,-0.004,0,0,-24
2403.875,0,158.5540771484375,0,0,-158.5540771484375,0,-0.0048294383338307054,0,-0.0044,0,0,-24
2404,0,158.5540771484375,0,0,-158.5540771484375,0,-0.0048294384848648073,0,-0.0046,0,0,-24
2404.125,0,158.55789184570313,0,0.030517578125,-158.55789184570313,0,-0.0048298691935200521,0,-0.0046,0,0,-24
2404.25,0,158.5540771484375,0,-0.030517578125,-158.5540771484375,0,-0.0048294329135228319,0,-0.0042,0,0,-24
2404.375,0,158.55026245117188,0,-0.030517578125,-158.55026245117188,0,-0.004829002605242225,0,-0.0052,0,0,-24
2404.5,0,158.55789184570313,0,0.06103515625,-158.55789184570313,0,-0.0048298698385834,0,-0.0044,0,0,-24
2404.625,0,158.5540771484375,0,-0.030517578125,-158.5540771484375,0,-0.0048294335465515273,0,-0.0054,0,0,-24
2404.75,0,158.55789184570313,0,0.030517578125,-158.55789184570313,0,-0.0048298643473386263,0,-0.0042,0,0,-24
2404.875,0,158.5540771484375,0,-0.030517578125,-158.5540771484375,0,-0.0048294281577543983,0,-0.0042,0,0,-24
2405,0,158.55789184570313,0,0.030517578125,-158.55789184570313,0,-0.0048298590590778239,0,-0.0046,0,0,-24
2405.125,0,158.5540771484375,0,-0.030517578125,-158.5540771484375,0,-0.0048294229681542624,0,-0.0048,0,0,-24
2405.25,0,158.5540771484375,0,0,-158.5540771484375,0,-0.00482942340585877,0,-0.0058,0,0,-24
2405.375,0,158.55789184570313,0,0.030517578125,-158.55789184570313,0,-0.0048298543958361423,0,-0.0054,0,0,-24
2405.5,0,158.55026245117188,0,-0.06103515625,-158.55026245117188,0,-0.0048289878314736337,0,-0.0046,0,0,-24
2405.625,0,158.55789184570313,0,0.06103515625,-158.55789184570313,0,-0.00482985534044226,0,-0.0036,0,0,-24
2405.75,0,158.5540771484375,0,-0.030517578125,-158.5540771484375,0,-0.0048294193188955833,0,-0.0058,0,0,-24
2405.875,0,158.5540771484375,0,0,-158.5540771484375,0,-0.0048294198246826431,0,-0.0042,0,0,-24
2406,0,158.5540771484375,0,0,-158.5540771484375,0,-0.0048294203210334646,0,-0.0046,0,0,-24
2406.125,0,158.55026245117188,0,-0.030517578125,-158.55026245117188,0,-0.0048289902476851788,0,-0.0048,0,0,-24
2406.25,0,158.55789184570313,0,0.06103515625,-158.55789184570313,0,-0.0048298577115756507,0,-0.0044,0,0,-24
2406.375,0,158.5540771484375,0,-0.030517578125,-158.5540771484375,0,-0.0048294216457918215,0,-0.0046,0,0,-24
2406.5,0,158.56170654296875,0,0.06103515625,-158.56170654296875,0,-0.0048302832290448711,0,-0.0052,0,0,-24
2406.625,0,158.5540771484375,0,-0.06103515625,-158.5540771484375,0,-0.0048294108318970757,0,-0.0044,0,0,-24
2406.75,0,158.5540771484375,0,0,-158.5540771484375,0,-0.0048294114960221891,0,-0.004,0,0,-24
2406.875,0,158.5540771484375,0,0,-158.5540771484375,0,-0.0048294121477570236,0,-0.0046,0,0,-24
2407,0,158.56170654296875,0,0.06103515625,-158.56170654296875,0,-0.00483027390821057,0,-0.004,0,0,-24
2407.125,0,158.5540771484375,0,-0.06103515625,-158.5540771484375,0,-0.0048294016849573223,0,-0.005,0,0,-24
2407.25,0,158.55789184570313,0,0.030517578125,-158.55789184570313,0,-0.0048298330801716293,0,-0.0044,0,0,-24
2407.375,0,158.5540771484375,0,-0.030517578125,-158.5540771484375,0,-0.0048293974739246522,0,-0.0036,0,0,-24
2407.5,0,158.5540771484375,0,0,-158.5540771484375,0,-0.0048293983872633546,0,-0.0036,0,0,-24
2407.625,0,158.55026245117188,0,-0.030517578125,-158.55026245117188,0,-0.0048289687231233974,0,-0.0042,0,0,-24
2407.75,0,158.55789184570313,0,0.06103515625,-158.55789184570313,0,-0.004829836588587785,0,-0.005,0,0,-24
2407.875,0,158.55789184570313,0,0,-158.55789184570313,0,-0.004829831477324807,0,-0.0046,0,0,-24
2408,0,158.5540771484375,0,-0.030517578125,-158.5540771484375,0,-0.00482939590098141,0,-0.005,0,0,-24
2408.125,0,158.55789184570313,0,0.030517578125,-158.55789184570313,0,-0.0048298274041047133,0,-0.0038,0,0,-24
2408.25,0,158.55789184570313,0,0,-158.55789184570313,0,-0.00482982246419244,0,-0.0038,0,0,-24
2408.375,0,158.55789184570313,0,0,-158.55789184570313,0,-0.0048298176164418534,0,-0.0048,0,0,-24
2408.5,0,158.55789184570313,0,0,-158.55789184570313,0,-0.0048298128591335344,0,-0.004,0,0,-24
2408.625,0,158.55789184570313,0,0,-158.55789184570313,0,-0.0048298081905801442,0,-0.0044,0,0,-24
2408.75,0,158.55789184570313,0,0,-158.55789184570313,0,-0.0048298036091258215,0,-0.0046,0,0,-24
2408.875,0,158.5540771484375,0,-0.030517578125,-158.5540771484375,0,-0.0048293685527066822,0,-0.0046,0,0,-24
2409,0,158.55026245117188,0,-0.030517578125,-158.55026245117188,0,-0.0048289394451764191,0,-0.0044,0,0,-24
2409.125,0,158.5540771484375,0,0.030517578125,-158.5540771484375,0,-0.0048293772964271712,0,-0.0042,0,0,-24
2409.25,0,158.55026245117188,0,-0.030517578125,-158.55026245117188,0,-0.00482894802576931,0,-0.005,0,0,-24
2409.375,0,158.5540771484375,0,0.030517578125,-158.5540771484375,0,-0.00482938571693586,0,-0.0042,0,0,-24
2409.5,0,158.55789184570313,0,0.030517578125,-158.55789184570313,0,-0.0048298174100582479,0,-0.0046,0,0,-24
2409.625,0,158.55789184570313,0,0,-158.55789184570313,0,-0.0048298126566003342,0,-0.0042,0,0,-24
2409.75,0,158.54644775390625,0,-0.091552734375,-158.54644775390625,0,-0.004828516310508766,0,-0.0046,0,0,-24
2409.875,0,158.5540771484375,0,0.06103515625,-158.5540771484375,0,-0.00482939044866864,0,-0.0054,0,0,-24
2410,0,158.5540771484375,0,0,-158.5540771484375,0,-0.0048293914930743346,0,-0.0048,0,0,-24
2410.125,0,158.55789184570313,0,0.030517578125,-158.55789184570313,0,-0.0048298230784339464,0,-0.0056,0,0,-24
2410.25,0,158.55789184570313,0,0,-158.55789184570313,0,-0.0048298182192237369,0,-0.0046,0,0,-24
2410.375,0,158.5540771484375,0,-0.030517578125,-158.5540771484375,0,-0.0048293828902306758,0,-0.0054,0,0,-24
2410.5,0,158.55789184570313,0,0.030517578125,-158.55789184570313,0,-0.0048298146360896115,0,-0.0042,0,0,-24
2410.625,0,158.5540771484375,0,-0.030517578125,-158.5540771484375,0,-0.0048293793739454466,0,-0.005,0,0,-24
2410.75,0,158.5540771484375,0,0,-158.5540771484375,0,-0.0048293806249671929,0,-0.0038,0,0,-24
2410.875,0,158.5540771484375,0,0,-158.5540771484375,0,-0.0048293818526491976,0,-0.0054,0,0,-24
2411,0,158.5540771484375,0,0,-158.5540771484375,0,-0.0048293830574269,0,-0.0052,0,0,-24
2411.125,0,158.55789184570313,0,0.030517578125,-158.55789184570313,0,-0.0048298148001665311,0,-0.0046,0,0,-24
2411.25,0,158.5540771484375,0,-0.030517578125,-158.5540771484375,0,-0.0048293795349612575,0,-0.005,0,0,-24
2411.375,0,158.55789184570313,0,0.030517578125,-158.55789184570313,0,-0.0048298113434179215,0,-0.0046,0,0,-24
2411.5,0,158.55026245117188,0,-0.06103515625,-158.55026245117188,0,-0.0048289455822647116,0,-0.0042,0,0,-24
2411.625,0,158.55026245117188,0,0,-158.55026245117188,0,-0.0048289527585796939,0,-0.0048,0,0,-24
2411.75,0,158.55789184570313,0,0.06103515625,-158.55789184570313,0,-0.0048298209218872795,0,-0.005,0,0,-24
2411.875,0,158.55026245117188,0,-0.06103515625,-158.55026245117188,0,-0.0048289549820329427,0,-0.0048,0,0,-24
2412,0,158.54644775390625,0,-0.030517578125,-158.54644775390625,0,-0.00482853142254183,0,-0.0046,0,0,-24
2412.125,0,158.55026245117188,0,0.030517578125,-158.55026245117188,0,-0.0048289747183244908,0,-0.0046,0,0,-24
2412.25,0,158.55026245117188,0,0,-158.55026245117188,0,-0.0048289813510613167,0,-0.0048,0,0,-24
2412.375,0,158.5540771484375,0,0.030517578125,-158.5540771484375,0,-0.0048294184204931189,0,-0.0042,0,0,-24
2412.5,0,158.55026245117188,0,-0.030517578125,-158.55026245117188,0,-0.0048289883826023467,0,-0.0054,0,0,-24
2412.625,0,158.55789184570313,0,0.06103515625,-158.55789184570313,0,-0.0048298558812888163,0,-0.0034,0,0,-24
2412.75,0,158.55789184570313,0,0,-158.55789184570313,0,-0.0048298504100907289,0,-0.0046,0,0,-24
2412.875,0,158.55789184570313,0,0,-158.55789184570313,0,-0.0048298450409662852,0,-0.0048,0,0,-24
2413,0,158.55789184570313,0,0,-158.55789184570313,0,-0.0048298397720111432,0,-0.0046,0,0,-24
2413.125,0,158.5540771484375,0,-0.030517578125,-158.5540771484375,0,-0.004829404040917573,0,-0.0046,0,0,-24
2413.25,0,158.56170654296875,0,0.06103515625,-158.56170654296875,0,-0.0048302659526167184,0,-0.0048,0,0,-24
2413.375,0,158.5540771484375,0,-0.06103515625,-158.5540771484375,0,-0.004829393877787351,0,-0.0046,0,0,-24
2413.5,0,158.5540771484375,0,0,-158.5540771484375,0,-0.0048293948582175446,0,-0.004,0,0,-24
2413.625,0,158.55789184570313,0,0.030517578125,-158.55789184570313,0,-0.0048298263807952163,0,-0.004,0,0,-24
2413.75,0,158.55789184570313,0,0,-158.55789184570313,0,-0.0048298214599743613,0,-0.0046,0,0,-24
2413.875,0,158.55026245117188,0,-0.06103515625,-158.55026245117188,0,-0.0048289555100811789,0,-0.0048,0,0,-24
2414,0,158.55026245117188,0,0,-158.55026245117188,0,-0.0048289625011774251,0,-0.0046,0,0,-24
2414.125,0,158.55789184570313,0,0.06103515625,-158.55789184570313,0,-0.0048298304827218159,0,-0.0042,0,0,-24
2414.25,0,158.5540771484375,0,-0.030517578125,-158.5540771484375,0,-0.0048293949249342731,0,-0.005,0,0,-24
2414.375,0,158.5540771484375,0,0,-158.5540771484375,0,-0.004829395885828325,0,-0.006,0,0,-24
2414.5,0,158.5540771484375,0,0,-158.5540771484375,0,-0.0048293968287954157,0,-0.005,0,0,-24
2414.625,0,158.55789184570313,0,0.030517578125,-158.55789184570313,0,-0.0048298283146089166,0,-0.0046,0,0,-24
2414.75,0,158.5540771484375,0,-0.030517578125,-158.5540771484375,0,-0.0048293927972708657,0,-0.0052,0,0,-24
2414.875,0,158.55789184570313,0,0.030517578125,-158.55789184570313,0,-0.004829824358298678,0,-0.0042,0,0,-24
2415,0,158.55026245117188,0,-0.06103515625,-158.55026245117188,0,-0.0048289583543327831,0,-0.0044,0,0,-24
2415.125,0,158.55789184570313,0,0.06103515625,-158.55789184570313,0,-0.0048298264132429596,0,-0.0032,0,0,-24
2415.25,0,158.55789184570313,0,0,-158.55789184570313,0,-0.0048298214918167416,0,-0.0054,0,0,-24
2415.375,0,158.5540771484375,0,-0.030517578125,-158.5540771484375,0,-0.0048293861017684077,0,-0.0044,0,0,-24
2415.5,0,158.5540771484375,0,0,-158.5540771484375,0,-0.0048293872272722341,0,-0.0038,0,0,-24
2415.625,0,158.5540771484375,0,0,-158.5540771484375,0,-0.00482938833177805,0,-0.0054,0,0,-24
2415.75,0,158.5540771484375,0,0,-158.5540771484375,0,-0.0048293894156776051,0,-0.0056,0,0,-24
2415.875,0,158.55789184570313,0,0.030517578125,-158.55789184570313,0,-0.0048298210397942579,0,-0.0044,0,0,-24
2416,0,158.5540771484375,0,-0.030517578125,-158.5540771484375,0,-0.0048293856581791009,0,-0.005,0,0,-24
2416.125,0,158.5540771484375,0,0,-158.5540771484375,0,-0.00482938679195877,0,-0.004,0,0,-24
2416.25,0,158.5540771484375,0,0,-158.5540771484375,0,-0.00482938790458603,0,-0.0044,0,0,-24
2416.375,0,158.55026245117188,0,-0.030517578125,-158.55026245117188,0,-0.0048289584360165956,0,-0.0044,0,0,-24
2416.5,0,158.54644775390625,0,-0.030517578125,-158.54644775390625,0,-0.0048285348120860883,0,-0.0046,0,0,-24
2416.625,0,158.55026245117188,0,0.030517578125,-158.55026245117188,0,-0.0048289780446315695,0,-0.0042,0,0,-24
2416.75,0,158.55026245117188,0,0,-158.55026245117188,0,-0.0048289846153110041,0,-0.0034,0,0,-24
2416.875,0,158.55026245117188,0,0,-158.55026245117188,0,-0.0048289910634042744,0,-0.0044,0,0,-24
2417,0,158.55026245117188,0,0,-158.55026245117188,0,-0.0048289973911984137,0,-0.0046,0,0,-24
2417.125,0,158.5540771484375,0,0.030517578125,-158.5540771484375,0,-0.0048294341613767059,0,-0.0052,0,0,-24
2417.25,0,158.55026245117188,0,-0.030517578125,-158.55026245117188,0,-0.0048290038298154595,0,-0.0046,0,0,-24
2417.375,0,158.55026245117188,0,0,-158.55026245117188,0,-0.0048290099194324976,0,-0.004,0,0,-24
2417.5,0,158.5540771484375,0,0.030517578125,-158.5540771484375,0,-0.0048294464558772494,0,-0.0044,0,0,-24
2417.625,0,158.55026245117188,0,-0.030517578125,-158.55026245117188,0,-0.004829015894943123,0,-0.0054,0,0,-24
2417.75,0,158.5540771484375,0,0.030517578125,-158.5540771484375,0,-0.0048294523199055028,0,-0.0042,0,0,-24
2417.875,0,158.55026245117188,0,-0.030517578125,-158.55026245117188,0,-0.0048290216495688806,0,-0.0046,0,0,-24
2418,0,158.5540771484375,0,0.030517578125,-158.5540771484375,0,-0.0048294579671698369,0,-0.0048,0,0,-24
2418.125,0,158.55026245117188,0,-0.030517578125,-158.55026245117188,0,-0.0048290271914747836,0,-0.0042,0,0,-24
2418.25,0,158.54644775390625,0,-0.030517578125,-158.54644775390625,0,-0.0048286022848051035,0,-0.0056,0,0,-24
2418.375,0,158.55789184570313,0,0.091552734375,-158.55789184570313,0,-0.0048299053794207247,0,-0.0048,0,0,-24
2418.5,0,158.5540771484375,0,-0.030517578125,-158.5540771484375,0,-0.004829468424319687,0,-0.0052,0,0,-24
2418.625,0,158.55026245117188,0,-0.030517578125,-158.55026245117188,0,-0.0048290374535303665,0,-0.0042,0,0,-24
2418.75,0,158.55789184570313,0,0.06103515625,-158.55789184570313,0,-0.0048299040367229505,0,-0.0038,0,0,-24
2418.875,0,158.55789184570313,0,0,-158.55789184570313,0,-0.0048298976671109278,0,-0.005,0,0,-24
2419,0,158.55789184570313,0,0,-158.55789184570313,0,-0.004829891416333847,0,-0.005,0,0,-24
2419.125,0,158.54644775390625,0,-0.091552734375,-158.54644775390625,0,-0.004828593600857912,0,-0.004,0,0,-24
2419.25,0,158.5540771484375,0,0.06103515625,-158.5540771484375,0,-0.004829466297047052,0,-0.004,0,0,-24
2419.375,0,158.55789184570313,0,0.030517578125,-158.55789184570313,0,-0.0048298964868231185,0,-0.0048,0,0,-24
2419.5,0,158.5540771484375,0,-0.030517578125,-158.5540771484375,0,-0.0048294596976272116,0,-0.0046,0,0,-24
2419.625,0,158.55789184570313,0,0.030517578125,-158.55789184570313,0,-0.0048298900105256393,0,-0.0046,0,0,-24
2419.75,0,158.5540771484375,0,-0.030517578125,-158.5540771484375,0,-0.0048294533421550561,0,-0.005,0,0,-24
2419.875,0,158.55789184570313,0,0.030517578125,-158.55789184570313,0,-0.0048298837736246237,0,-0.0052,0,0,-24
2420,0,158.55026245117188,0,-0.06103515625,-158.55026245117188,0,-0.0048290166611741365,0,-0.0054,0,0,-24
2420.125,0,158.5540771484375,0,0.030517578125,-158.5540771484375,0,-0.0048294530718412951,0,-0.0046,0,0,-24
2420.25,0,158.55026245117188,0,-0.030517578125,-158.55026245117188,0,-0.00482902238747615,0,-0.005,0,0,-24
2420.375,0,158.5540771484375,0,0.030517578125,-158.5540771484375,0,-0.0048294586913103076,0,-0.0046,0,0,-24
2420.5,0,158.5540771484375,0,0,-158.5540771484375,0,-0.004829458462544213,0,-0.0046,0,0,-24
2420.625,0,158.54644775390625,0,-0.06103515625,-158.54644775390625,0,-0.0048285971171682729,0,-0.0046,0,0,-24
2420.75,0,158.5540771484375,0,0.06103515625,-158.5540771484375,0,-0.0048294697477552165,0,-0.0042,0,0,-24
2420.875,0,158.55789184570313,0,0.030517578125,-158.55789184570313,0,-0.0048298998731529973,0,-0.0048,0,0,-24
2421,0,158.55026245117188,0,-0.06103515625,-158.55026245117188,0,-0.0048290324603409637,0,-0.0042,0,0,-24
2421.125,0,158.55026245117188,0,0,-158.55026245117188,0,-0.0048290380158113677,0,-0.0058,0,0,-24
2421.25,0,158.5540771484375,0,0.030517578125,-158.5540771484375,0,-0.0048294740280748153,0,-0.0044,0,0,-24
2421.375,0,158.55026245117188,0,-0.030517578125,-158.55026245117188,0,-0.0048290429527387954,0,-0.0044,0,0,-24
2421.5,0,158.55026245117188,0,0,-158.55026245117188,0,-0.0048290483124573264,0,-0.0052,0,0,-24
2421.625,0,158.55026245117188,0,0,-158.55026245117188,0,-0.0048290535721820368,0,-0.0046,0,0,-24
2421.75,0,158.55026245117188,0,0,-158.55026245117188,0,-0.0048290587337784666,0,-0.0042,0,0,-24
2421.875,0,158.5540771484375,0,0.030517578125,-158.5540771484375,0,-0.0048294943595162667,0,-0.0048,0,0,-24
2422,0,158.5540771484375,0,0,-158.5540771484375,0,-0.0048294934653047485,0,-0.0044,0,0,-24
2422.125,0,158.5540771484375,0,0,-158.5540771484375,0,-0.0048294925877761258,0,-0.0054,0,0,-24
2422.25,0,158.5540771484375,0,0,-158.5540771484375,0,-0.0048294917266191537,0,-0.0042,0,0,-24
2422.375,0,158.5540771484375,0,0,-158.5540771484375,0,-0.0048294908815283942,0,-0.0054,0,0,-24
2422.5,0,158.55026245117188,0,-0.030517578125,-158.55026245117188,0,-0.00482905949176519,0,-0.0058,0,0,-24
2422.625,0,158.55026245117188,0,0,-158.55026245117188,0,-0.0048290645429226618,0,-0.0054,0,0,-24
2422.75,0,158.5540771484375,0,0.030517578125,-158.5540771484375,0,-0.0048295000602819127,0,-0.0036,0,0,-24
2422.875,0,158.5540771484375,0,0,-158.5540771484375,0,-0.0048294990597138139,0,-0.0042,0,0,-24
2423,0,158.54644775390625,0,-0.06103515625,-158.54644775390625,0,-0.0048286369569350276,0,-0.0048,0,0,-24
2423.125,0,158.54644775390625,0,0,-158.54644775390625,0,-0.004828647723371814,0,-0.005,0,0,-24
2423.25,0,158.55026245117188,0,0.030517578125,-158.55026245117188,0,-0.004829088849383021,0,-0.0048,0,0,-24
2423.375,0,158.55026245117188,0,0,-158.55026245117188,0,-0.0048290933528288282,0,-0.0044,0,0,-24
2423.5,0,158.55026245117188,0,0,-158.55026245117188,0,-0.0048290977722559043,0,-0.0046,0,0,-24
2423.625,0,158.5540771484375,0,0.030517578125,-158.5540771484375,0,-0.0048295326696706654,0,-0.0046,0,0,-24
2423.75,0,158.55026245117188,0,-0.030517578125,-158.55026245117188,0,-0.0048291005002851816,0,-0.0042,0,0,-24
2423.875,0,158.5540771484375,0,0.030517578125,-158.5540771484375,0,-0.0048295353468043468,0,-0.0042,0,0,-24
2424,0,158.55789184570313,0,0.030517578125,-158.55789184570313,0,-0.004829964248350636,0,-0.0048,0,0,-24
2424.125,0,158.5540771484375,0,-0.030517578125,-158.5540771484375,0,-0.0048295261949588665,0,-0.0052,0,0,-24
2424.25,0,158.5540771484375,0,0,-158.5540771484375,0,-0.0048295247068080392,0,-0.0046,0,0,-24
2424.375,0,158.55026245117188,0,-0.030517578125,-158.55026245117188,0,-0.0048290926859820456,0,-0.0038,0,0,-24
2424.5,0,158.5540771484375,0,0.030517578125,-158.5540771484375,0,-0.0048295276782890943,0,-0.0052,0,0,-24
2424.625,0,158.55026245117188,0,-0.030517578125,-158.55026245117188,0,-0.0048290956020255365,0,-0.0054,0,0,-24
2424.75,0,158.55789184570313,0,0.06103515625,-158.55789184570313,0,-0.0048299611003682109,0,-0.0048,0,0,-24
2424.875,0,158.55789184570313,0,0,-158.55789184570313,0,-0.0048299536661458283,0,-0.004,0,0,-24
2425,0,158.5540771484375,0,-0.030517578125,-158.5540771484375,0,-0.00482951581018142,0,-0.0036,0,0,-24
2425.125,0,158.55026245117188,0,-0.030517578125,-158.55026245117188,0,-0.0048290839553357242,0,-0.0036,0,0,-24
2425.25,0,158.5540771484375,0,0.030517578125,-158.5540771484375,0,-0.0048295191105264526,0,-0.0036,0,0,-24
2425.375,0,158.5540771484375,0,0,-158.5540771484375,0,-0.004829517754546645,0,-0.0054,0,0,-24
2425.5,0,158.5540771484375,0,0,-158.5540771484375,0,-0.0048295164238647331,0,-0.0054,0,0,-24
2425.625,0,158.55026245117188,0,-0.030517578125,-158.55026245117188,0,-0.0048290845575698288,0,-0.0054,0,0,-24
2425.75,0,158.54644775390625,0,-0.030517578125,-158.54644775390625,0,-0.0048286585806471211,0,-0.0044,0,0,-24
2425.875,0,158.5540771484375,0,0.06103515625,-158.5540771484375,0,-0.0048295300645380193,0,-0.0058,0,0,-24
2426,0,158.5540771484375,0,0,-158.5540771484375,0,-0.0048295285041942216,0,-0.0038,0,0,-24
2426.125,0,158.55026245117188,0,-0.030517578125,-158.55026245117188,0,-0.004829096412522129,0,-0.0054,0,0,-24
2426.25,0,158.54644775390625,0,-0.030517578125,-158.54644775390625,0,-0.004828670214426992,0,-0.0046,0,0,-24
2426.375,0,158.55026245117188,0,0.030517578125,-158.55026245117188,0,-0.0048291109208328572,0,-0.0046,0,0,-24
2426.5,0,158.55026245117188,0,0,-158.55026245117188,0,-0.0048291150125017081,0,-0.004,0,0,-24
2426.625,0,158.54644775390625,0,-0.030517578125,-158.54644775390625,0,-0.0048286884673952495,0,-0.0056,0,0,-24
2426.75,0,158.54644775390625,0,0,-158.54644775390625,0,-0.0048286982728249113,0,-0.0054,0,0,-24
2426.875,0,158.55026245117188,0,0.030517578125,-158.55026245117188,0,-0.0048291384557580651,0,-0.0054,0,0,-24
2427,0,158.55026245117188,0,0,-158.55026245117188,0,-0.0048291420337203961,0,-0.004,0,0,-24
2427.125,0,158.55026245117188,0,0,-158.55026245117188,0,-0.0048291455449303178,0,-0.0056,0,0,-24
2427.25,0,158.55789184570313,0,0.06103515625,-158.55789184570313,0,-0.0048300101115110339,0,-0.0046,0,0,-24
2427.375,0,158.56170654296875,0,0.030517578125,-158.56170654296875,0,-0.0048304323233490636,0,-0.0036,0,0,-24
2427.5,0,158.5540771484375,0,-0.06103515625,-158.5540771484375,0,-0.0048295571446169486,0,-0.0042,0,0,-24
2427.625,0,158.55789184570313,0,0.030517578125,-158.55789184570313,0,-0.0048299856394914062,0,-0.005,0,0,-24
2427.75,0,158.55789184570313,0,0,-158.55789184570313,0,-0.0048299777474538124,0,-0.005,0,0,-24
2427.875,0,158.5540771484375,0,-0.030517578125,-158.5540771484375,0,-0.0048295394422154421,0,-0.004,0,0,-24
2428,0,158.5540771484375,0,0,-158.5540771484375,0,-0.0048295377069166008,0,-0.0034,0,0,-24
2428.125,0,158.55789184570313,0,0.030517578125,-158.55789184570313,0,-0.0048299665644313539,0,-0.0052,0,0,-24
2428.25,0,158.5540771484375,0,-0.030517578125,-158.5540771484375,0,-0.0048295284678295247,0,-0.005,0,0,-24
2428.375,0,158.5540771484375,0,0,-158.5540771484375,0,-0.0048295269372747879,0,-0.005,0,0,-24
2428.5,0,158.55789184570313,0,0.030517578125,-158.55789184570313,0,-0.0048299559957138286,0,-0.0056,0,0,-24
2428.625,0,158.55026245117188,0,-0.06103515625,-158.55026245117188,0,-0.0048290875358488177,0,-0.0046,0,0,-24
2428.75,0,158.5540771484375,0,0.030517578125,-158.5540771484375,0,-0.0048295226242395491,0,-0.0048,0,0,-24
2428.875,0,158.56170654296875,0,0.06103515625,-158.56170654296875,0,-0.004830382323583831,0,-0.0054,0,0,-24
2429,0,158.55789184570313,0,-0.030517578125,-158.55789184570313,0,-0.00482993863811341,0,-0.004,0,0,-24
2429.125,0,158.5540771484375,0,-0.030517578125,-158.5540771484375,0,-0.0048295010625201366,0,-0.0042,0,0,-24
2429.25,0,158.5540771484375,0,0,-158.5540771484375,0,-0.004829500043253737,0,-0.004,0,0,-24
2429.375,0,158.55789184570313,0,0.030517578125,-158.55789184570313,0,-0.0048299296034422417,0,-0.0048,0,0,-24
2429.5,0,158.55789184570313,0,0,-158.55789184570313,0,-0.0048299227568436177,0,-0.0048,0,0,-24
2429.625,0,158.56170654296875,0,0.030517578125,-158.56170654296875,0,-0.0048303465984177694,0,-0.0044,0,0,-24
2429.75,0,158.5540771484375,0,-0.06103515625,-158.5540771484375,0,-0.0048294730190165339,0,-0.0054,0,0,-24
2429.875,0,158.55026245117188,0,-0.030517578125,-158.55026245117188,0,-0.0048290419625060532,0,-0.0048,0,0,-24
2430,0,158.55789184570313,0,0.06103515625,-158.55789184570313,0,-0.0048299084615767377,0,-0.005,0,0,-24
2430.125,0,158.55789184570313,0,0,-158.55789184570313,0,-0.00482990200941224,0,-0.0038,0,0,-24
2430.25,0,158.55789184570313,0,0,-158.55789184570313,0,-0.0048298956776228275,0,-0.0038,0,0,-24
2430.375,0,158.55789184570313,0,0,-158.55789184570313,0,-0.0048298894639627176,0,-0.0054,0,0,-24
2430.5,0,158.5540771484375,0,-0.030517578125,-158.5540771484375,0,-0.0048294528057891088,0,-0.0056,0,0,-24
2430.625,0,158.5540771484375,0,0,-158.5540771484375,0,-0.0048294526868264947,0,-0.0042,0,0,-24
2430.75,0,158.55789184570313,0,0.030517578125,-158.55789184570313,0,-0.0048298831305222285,0,-0.004,0,0,-24
2430.875,0,158.5540771484375,0,-0.030517578125,-158.5540771484375,0,-0.0048294465905087255,0,-0.0048,0,0,-24
2431,0,158.5540771484375,0,0,-158.5540771484375,0,-0.0048294465875017576,0,-0.0048,0,0,-24
2431.125,0,158.54644775390625,0,-0.06103515625,-158.54644775390625,0,-0.00482858546367306,0,-0.0044,0,0,-24
2431.25,0,158.55026245117188,0,0.030517578125,-158.55026245117188,0,-0.0048290277512350235,0,-0.0042,0,0,-24
2431.375,0,158.5540771484375,0,0.030517578125,-158.5540771484375,0,-0.0048294639549999819,0,-0.0048,0,0,-24
2431.5,0,158.55026245117188,0,-0.030517578125,-158.55026245117188,0,-0.004829033067592717,0,-0.0046,0,0,-24
2431.625,0,158.55026245117188,0,0,-158.55026245117188,0,-0.0048290386117339022,0,-0.005,0,0,-24
2431.75,0,158.55026245117188,0,0,-158.55026245117188,0,-0.0048290440524405781,0,-0.0044,0,0,-24
2431.875,0,158.55026245117188,0,0,-158.55026245117188,0,-0.0048290493916424756,0,-0.0034,0,0,-24
2432,0,158.55026245117188,0,0,-158.55026245117188,0,-0.0048290546312333218,0,-0.0038,0,0,-24
2432.125,0,158.55026245117188,0,0,-158.55026245117188,0,-0.0048290597730715158,0,-0.0048,0,0,-24
2432.25,0,158.5540771484375,0,0.030517578125,-158.5540771484375,0,-0.0048294953794197,0,-0.0036,0,0,-24
2432.375,0,158.55026245117188,0,-0.030517578125,-158.55026245117188,0,-0.0048290639057413931,0,-0.006,0,0,-24
2432.5,0,158.5540771484375,0,0.030517578125,-158.5540771484375,0,-0.0048294994349882435,0,-0.0042,0,0,-24
2432.625,0,158.55026245117188,0,-0.030517578125,-158.55026245117188,0,-0.0048290678856470464,0,-0.0048,0,0,-24
2432.75,0,158.5540771484375,0,0.030517578125,-158.5540771484375,0,-0.0048295033406426154,0,-0.005,0,0,-24
2432.875,0,158.55026245117188,0,-0.030517578125,-158.55026245117188,0,-0.0048290717184354091,0,-0.004,0,0,-24
2433,0,158.56170654296875,0,0.091552734375,-158.56170654296875,0,-0.0048303682228022261,0,-0.0052,0,0,-24
2433.125,0,158.5540771484375,0,-0.06103515625,-158.5540771484375,0,-0.0048294942399647288,0,-0.0038,0,0,-24
2433.25,0,158.55026245117188,0,-0.030517578125,-158.55026245117188,0,-0.004829062787544712,0,-0.0044,0,0,-24
2433.375,0,158.5540771484375,0,0.030517578125,-158.5540771484375,0,-0.0048294983376532472,0,-0.0052,0,0,-24
2433.5,0,158.55026245117188,0,-0.030517578125,-158.55026245117188,0,-0.004829066808784528,0,-0.0046,0,0,-24
2433.625,0,158.55026245117188,0,0,-158.55026245117188,0,-0.004829071723431712,0,-0.004,0,0,-24
2433.75,0,158.55026245117188,0,0,-158.55026245117188,0,-0.0048290765463885688,0,-0.0048,0,0,-24
2433.875,0,158.55026245117188,0,0,-158.55026245117188,0,-0.0048290812793657231,0,-0.004,0,0,-24
2434,0,158.5540771484375,0,0.030517578125,-158.5540771484375,0,-0.0048295164844808017,0,-0.0044,0,0,-24
2434.125,0,158.55026245117188,0,-0.030517578125,-158.55026245117188,0,-0.0048290846170550112,0,-0.0056,0,0,-24
2434.25,0,158.5540771484375,0,0.030517578125,-158.5540771484375,0,-0.0048295197599003449,0,-0.0042,0,0,-24
2434.375,0,158.5540771484375,0,0,-158.5540771484375,0,-0.0048295183918054653,0,-0.0046,0,0,-24
2434.5,0,158.55789184570313,0,0.030517578125,-158.55789184570313,0,-0.0048299476096734231,0,-0.0058,0,0,-24
2434.625,0,158.5540771484375,0,-0.030517578125,-158.5540771484375,0,-0.0048295098667018536,0,-0.0048,0,0,-24
2434.75,0,158.5540771484375,0,0,-158.5540771484375,0,-0.0048295086831798579,0,-0.0036,0,0,-24
2434.875,0,158.5540771484375,0,0,-158.5540771484375,0,-0.0048295075217382917,0,-0.0048,0,0,-24
2435,0,158.5540771484375,0,0,-158.5540771484375,0,-0.00482950638196521,0,-0.004,0,0,-24
2435.125,0,158.5540771484375,0,0,-158.5540771484375,0,-0.0048295052634563544,0,-0.005,0,0,-24
2435.25,0,158.54644775390625,0,-0.06103515625,-158.54644775390625,0,-0.0048286430449371778,0,-0.005,0,0,-24
2435.375,0,158.5540771484375,0,0.06103515625,-158.5540771484375,0,-0.0048295148186707189,0,-0.005,0,0,-24
2435.5,0,158.5540771484375,0,0,-158.5540771484375,0,-0.0048295135427621023,0,-0.0052,0,0,-24
2435.625,0,158.55789184570313,0,0.030517578125,-158.55789184570313,0,-0.0048299428510964471,0,-0.0052,0,0,-24
2435.75,0,158.5540771484375,0,-0.030517578125,-158.5540771484375,0,-0.004829505196903474,0,-0.0042,0,0,-24
2435.875,0,158.5540771484375,0,0,-158.5540771484375,0,-0.0048295041005037738,0,-0.0048,0,0,-24
2436,0,158.5540771484375,0,0,-158.5540771484375,0,-0.0048295030245591019,0,-0.0038,0,0,-24
2436.125,0,158.55026245117188,0,-0.030517578125,-158.55026245117188,0,-0.0048290714082489215,0,-0.0044,0,0,-24
2436.25,0,158.55789184570313,0,0.06103515625,-158.55789184570313,0,-0.0048299373579638333,0,-0.0048,0,0,-24
2436.375,0,158.5540771484375,0,-0.030517578125,-158.5540771484375,0,-0.0048294998062537262,0,-0.0048,0,0,-24
2436.5,0,158.55789184570313,0,0.030517578125,-158.55789184570313,0,-0.004829929370863832,0,-0.0046,0,0,-24
2436.625,0,158.5540771484375,0,-0.030517578125,-158.5540771484375,0,-0.0048294919681654,0,-0.004,0,0,-24
2436.75,0,158.55789184570313,0,0.030517578125,-158.55789184570313,0,-0.00482992167900714,0,-0.006,0,0,-24
2436.875,0,158.5540771484375,0,-0.030517578125,-158.5540771484375,0,-0.0048294844198121644,0,-0.0036,0,0,-24
2437,0,158.55026245117188,0,-0.030517578125,-158.55026245117188,0,-0.0048290531506022484,0,-0.006,0,0,-24
2437.125,0,158.5540771484375,0,0.030517578125,-158.5540771484375,0,-0.0048294888805028163,0,-0.0044,0,0,-24
2437.25,0,158.54644775390625,0,-0.06103515625,-158.54644775390625,0,-0.004828626967632919,0,-0.0054,0,0,-24
2437.375,0,158.55026245117188,0,0.030517578125,-158.55026245117188,0,-0.0048290684808744641,0,-0.0044,0,0,-24
2437.5,0,158.55789184570313,0,0.06103515625,-158.55789184570313,0,-0.0048299344852040637,0,-0.0054,0,0,-24
2437.625,0,158.55026245117188,0,-0.06103515625,-158.55026245117188,0,-0.0048290664266508057,0,-0.004,0,0,-24
2437.75,0,158.5540771484375,0,0.030517578125,-158.5540771484375,0,-0.004829501908866201,0,-0.0048,0,0,-24
2437.875,0,158.5540771484375,0,0,-158.5540771484375,0,-0.0048295008738099094,0,-0.0042,0,0,-24
2438,0,158.55026245117188,0,-0.030517578125,-158.55026245117188,0,-0.0048290692976252743,0,-0.0044,0,0,-24
2438.125,0,158.5540771484375,0,0.030517578125,-158.5540771484375,0,-0.00482950472627821,0,-0.0044,0,0,-24
2438.25,0,158.54644775390625,0,-0.06103515625,-158.54644775390625,0,-0.0048286425177809207,0,-0.0046,0,0,-24
2438.375,0,158.5540771484375,0,0.06103515625,-158.5540771484375,0,-0.0048295143013493752,0,-0.0054,0,0,-24
2438.5,0,158.5540771484375,0,0,-158.5540771484375,0,-0.0048295130350921867,0,-0.0032,0,0,-24
2438.625,0,158.5540771484375,0,0,-158.5540771484375,0,-0.00482951179245898,0,-0.0062,0,0,-24
2438.75,0,158.55026245117188,0,-0.030517578125,-158.55026245117188,0,-0.0048290800125700972,0,-0.0052,0,0,-24
2438.875,0,158.55026245117188,0,0,-158.55026245117188,0,-0.0048290846808802862,0,-0.0042,0,0,-24
2439,0,158.55789184570313,0,0.06103515625,-158.55789184570313,0,-0.0048299503829737781,0,-0.0038,0,0,-24
2439.125,0,158.54644775390625,0,-0.091552734375,-158.54644775390625,0,-0.0048286514673841806,0,-0.005,0,0,-24
2439.25,0,158.55026245117188,0,0.030517578125,-158.55026245117188,0,-0.004829092523545059,0,-0.0054,0,0,-24
2439.375,0,158.5540771484375,0,0.030517578125,-158.5540771484375,0,-0.00482952751888262,0,-0.0046,0,0,-24
2439.5,0,158.55026245117188,0,-0.030517578125,-158.55026245117188,0,-0.0048290954455930358,0,-0.004,0,0,-24
2439.625,0,158.5540771484375,0,0.030517578125,-158.5540771484375,0,-0.0048295303864152829,0,-0.0042,0,0,-24
2439.75,0,158.5540771484375,0,0,-158.5540771484375,0,-0.0048295288200663686,0,-0.0048,0,0,-24
2439.875,0,158.5540771484375,0,0,-158.5540771484375,0,-0.00482952728294011,0,-0.0038,0,0,-24
2440,0,158.55026245117188,0,-0.030517578125,-158.55026245117188,0,-0.0048290952140523967,0,-0.0042,0,0,-24
2440.125,0,158.56170654296875,0,0.091552734375,-158.56170654296875,0,-0.0048303912800722213,0,-0.0048,0,0,-24
2440.25,0,158.5540771484375,0,-0.06103515625,-158.5540771484375,0,-0.0048295168670657715,0,-0.0058,0,0,-24
2440.375,0,158.5540771484375,0,0,-158.5540771484375,0,-0.0048295155529411845,0,-0.0048,0,0,-24
2440.5,0,158.5540771484375,0,0,-158.5540771484375,0,-0.00482951426333362,0,-0.0042,0,0,-24
2440.625,0,158.54644775390625,0,-0.06103515625,-158.54644775390625,0,-0.0048286518769078439,0,-0.0056,0,0,-24
2440.75,0,158.55789184570313,0,0.091552734375,-158.55789184570313,0,-0.00482995404630626,0,-0.0044,0,0,-24
2440.875,0,158.5540771484375,0,-0.030517578125,-158.5540771484375,0,-0.0048295161832493721,0,-0.0052,0,0,-24
2441,0,158.55789184570313,0,0.030517578125,-158.55789184570313,0,-0.0048299454423213518,0,-0.0048,0,0,-24
2441.125,0,158.55026245117188,0,-0.06103515625,-158.55026245117188,0,-0.0048290771793461631,0,-0.0044,0,0,-24
2441.25,0,158.55026245117188,0,0,-158.55026245117188,0,-0.0048290819005145169,0,-0.004,0,0,-24
2441.375,0,158.55026245117188,0,0,-158.55026245117188,0,-0.0048290865336021891,0,-0.0052,0,0,-24
2441.5,0,158.5540771484375,0,0.030517578125,-158.5540771484375,0,-0.0048295216406913782,0,-0.0048,0,0,-24
2441.625,0,158.54644775390625,0,-0.06103515625,-158.54644775390625,0,-0.0048286591166296095,0,-0.0044,0,0,-24
2441.75,0,158.5540771484375,0,0.06103515625,-158.5540771484375,0,-0.0048295305905209276,0,-0.006,0,0,-24
2441.875,0,158.55026245117188,0,-0.030517578125,-158.55026245117188,0,-0.00482909845992519,0,-0.005,0,0,-24
2442,0,158.5540771484375,0,0.030517578125,-158.5540771484375,0,-0.00482953334451042,0,-0.0036,0,0,-24
2442.125,0,158.55026245117188,0,-0.030517578125,-158.55026245117188,0,-0.0048291011625347588,0,-0.0058,0,0,-24
2442.25,0,158.55026245117188,0,0,-158.55026245117188,0,-0.0048291054362597195,0,-0.0054,0,0,-24
2442.375,0,158.55026245117188,0,0,-158.55026245117188,0,-0.0048291096302517456,0,-0.0044,0,0,-24
2442.5,0,158.5540771484375,0,0.030517578125,-158.5540771484375,0,-0.0048295443064372955,0,-0.0042,0,0,-24
2442.625,0,158.54644775390625,0,-0.06103515625,-158.54644775390625,0,-0.0048286813595110594,0,-0.004,0,0,-24
2442.75,0,158.54644775390625,0,0,-158.54644775390625,0,-0.0048286912975492695,0,-0.0048,0,0,-24
2442.875,0,158.5540771484375,0,0.06103515625,-158.5540771484375,0,-0.0048295621710558708,0,-0.004,0,0,-24
2443,0,158.5540771484375,0,0,-158.5540771484375,0,-0.0048295600117154378,0,-0.0042,0,0,-24
2443.125,0,158.55789184570313,0,0.030517578125,-158.55789184570313,0,-0.004829988453099749,0,-0.0046,0,0,-24
2443.25,0,158.5540771484375,0,-0.030517578125,-158.5540771484375,0,-0.0048295499481310336,0,-0.0054,0,0,-24
2443.375,0,158.55026245117188,0,-0.030517578125,-158.55026245117188,0,-0.0048291174563892085,0,-0.005,0,0,-24
2443.5,0,158.55789184570313,0,0.06103515625,-158.55789184570313,0,-0.0048299825470050038,0,-0.0046,0,0,-24
2443.625,0,158.5540771484375,0,-0.030517578125,-158.5540771484375,0,-0.0048295441522236,0,-0.0048,0,0,-24
2443.75,0,158.56170654296875,0,0.06103515625,-158.56170654296875,0,-0.0048304034499301179,0,-0.0048,0,0,-24
2443.875,0,158.55026245117188,0,-0.091552734375,-158.55026245117188,0,-0.0048290982494372725,0,-0.0046,0,0,-24
2444,0,158.5540771484375,0,0.030517578125,-158.5540771484375,0,-0.0048295331379494787,0,-0.0044,0,0,-24
2444.125,0,158.55789184570313,0,0.030517578125,-158.55789184570313,0,-0.0048299620807053644,0,-0.0044,0,0,-24
2444.25,0,158.55789184570313,0,0,-158.55789184570313,0,-0.0048299546281932795,0,-0.0036,0,0,-24
2444.375,0,158.55789184570313,0,0,-158.55789184570313,0,-0.0048299473147193081,0,-0.0046,0,0,-24
2444.5,0,158.5540771484375,0,-0.030517578125,-158.5540771484375,0,-0.0048295095772505625,0,-0.005,0,0,-24
2444.625,0,158.5540771484375,0,0,-158.5540771484375,0,-0.0048295083991287272,0,-0.0056,0,0,-24
2444.75,0,158.5540771484375,0,0,-158.5540771484375,0,-0.0048295072429865729,0,-0.0048,0,0,-24
2444.875,0,158.5540771484375,0,0,-158.5540771484375,0,-0.0048295061084140346,0,-0.0042,0,0,-24
2445,0,158.55789184570313,0,0.030517578125,-158.55789184570313,0,-0.0048299355554476146,0,-0.0046,0,0,-24
2445.125,0,158.55789184570313,0,0,-158.55789184570313,0,-0.0048299285978051455,0,-0.0044,0,0,-24
2445.25,0,158.55789184570313,0,0,-158.55789184570313,0,-0.0048299217699682333,0,-0.0034,0,0,-24
2445.375,0,158.55789184570313,0,0,-158.55789184570313,0,-0.0048299150695151555,0,-0.0054,0,0,-24
2445.5,0,158.55026245117188,0,-0.06103515625,-158.55026245117188,0,-0.0048290473731915362,0,-0.0054,0,0,-24
2445.625,0,158.55789184570313,0,0.06103515625,-158.55789184570313,0,-0.0048299137713175332,0,-0.0054,0,0,-24
2445.75,0,158.54644775390625,0,-0.091552734375,-158.54644775390625,0,-0.00482861553877488,0,-0.0054,0,0,-24
2445.875,0,158.55026245117188,0,0.030517578125,-158.55026245117188,0,-0.0048290572652394089,0,-0.0048,0,0,-24
2446,0,158.55026245117188,0,0,-158.55026245117188,0,-0.0048290623579361541,0,-0.0042,0,0,-24
2446.125,0,158.55026245117188,0,0,-158.55026245117188,0,-0.0048290673556207831,0,-0.0052,0,0,-24
2446.25,0,158.55026245117188,0,0,-158.55026245117188,0,-0.0048290722600658927,0,-0.0044,0,0,-24
2446.375,0,158.55026245117188,0,0,-158.55026245117188,0,-0.0048290770730110106,0,-0.0048,0,0,-24
2446.5,0,158.55026245117188,0,0,-158.55026245117188,0,-0.0048290817961632107,0,-0.0036,0,0,-24
2446.625,0,158.55026245117188,0,0,-158.55026245117188,0,-0.004829086431197718,0,-0.0036,0,0,-24
2446.75,0,158.55026245117188,0,0,-158.55026245117188,0,-0.0048290909797585038,0,-0.004,0,0,-24
2446.875,0,158.55026245117188,0,0,-158.55026245117188,0,-0.0048290954434588688,0,-0.005,0,0,-24
2447,0,158.55026245117188,0,0,-158.55026245117188,0,-0.0048290998238820155,0,-0.0048,0,0,-24
2447.125,0,158.55026245117188,0,0,-158.55026245117188,0,-0.0048291041225816088,0,-0.005,0,0,-24
2447.25,0,158.5540771484375,0,0.030517578125,-158.5540771484375,0,-0.0048295389015212443,0,-0.0054,0,0,-24
2447.375,0,158.55026245117188,0,-0.030517578125,-158.55026245117188,0,-0.0048291066158709711,0,-0.0038,0,0,-24
2447.5,0,158.55026245117188,0,0,-158.55026245117188,0,-0.0048291107878555293,0,-0.0048,0,0,-24
2447.625,0,158.55026245117188,0,0,-158.55026245117188,0,-0.0048291148820052776,0,-0.0044,0,0,-24
2447.75,0,158.5540771484375,0,0.030517578125,-158.5540771484375,0,-0.0048295494602112613,0,-0.0044,0,0,-24
2447.875,0,158.5540771484375,0,0,-158.5540771484375,0,-0.0048295475380112493,0,-0.0044,0,0,-24
2448,0,158.5540771484375,0,0,-158.5540771484375,0,-0.0048295456516728444,0,-0.0048,0,0,-24
2448.125,0,158.55789184570313,0,0.030517578125,-158.55789184570313,0,-0.00482997436096591,0,-0.0048,0,0,-24
2448.25,0,158.55026245117188,0,-0.06103515625,-158.55026245117188,0,-0.004829105558468781,0,-0.005,0,0,-24
2448.375,0,158.55026245117188,0,0,-158.55026245117188,0,-0.0048291097501808088,0,-0.0036,0,0,-24
2448.5,0,158.5540771484375,0,0.030517578125,-158.5540771484375,0,-0.0048295444241288968,0,-0.0056,0,0,-24
2448.625,0,158.5540771484375,0,0,-158.5540771484375,0,-0.0048295425958847721,0,-0.0056,0,0,-24
2448.75,0,158.5540771484375,0,0,-158.5540771484375,0,-0.0048295408017493633,0,-0.0046,0,0,-24
2448.875,0,158.54644775390625,0,-0.06103515625,-158.54644775390625,0,-0.0048286779202084892,0,-0.0042,0,0,-24
2449,0,158.54644775390625,0,0,-158.54644775390625,0,-0.004828687922412196,0,-0.005,0,0,-24
2449.125,0,158.56552124023438,0,0.152587890625,-158.56552124023438,0,-0.0048308505402039374,0,-0.0058,0,0,-24
2449.25,0,158.5540771484375,0,-0.091552734375,-158.5540771484375,0,-0.0048295391663120829,0,-0.0038,0,0,-24
2449.375,0,158.5540771484375,0,0,-158.5540771484375,0,-0.004829537436160645,0,-0.0048,0,0,-24
2449.5,0,158.55026245117188,0,-0.030517578125,-158.55026245117188,0,-0.0048291051778489354,0,-0.0048,0,0,-24
2449.625,0,158.55789184570313,0,0.06103515625,-158.55789184570313,0,-0.0048299704975398473,0,-0.0054,0,0,-24
2449.75,0,158.54644775390625,0,-0.091552734375,-158.54644775390625,0,-0.00482867120668198,0,-0.0044,0,0,-24
2449.875,0,158.55026245117188,0,0.030517578125,-158.55026245117188,0,-0.0048291118945757976,0,-0.0048,0,0,-24
2450,0,158.5540771484375,0,0.030517578125,-158.5540771484375,0,-0.0048295465285168879,0,-0.0046,0,0,-24
2450.125,0,158.55026245117188,0,-0.030517578125,-158.55026245117188,0,-0.0048291141005732414,0,-0.0048,0,0,-24
2450.25,0,158.55026245117188,0,0,-158.55026245117188,0,-0.0048291181329191283,0,-0.0042,0,0,-24
2450.375,0,158.5540771484375,0,0.030517578125,-158.5540771484375,0,-0.0048295526504742968,0,-0.0048,0,0,-24
2450.5,0,158.55026245117188,0,-0.030517578125,-158.55026245117188,0,-0.004829120108316088,0,-0.005,0,0,-24
2450.625,0,158.55026245117188,0,0,-158.55026245117188,0,-0.0048291240285782619,0,-0.0052,0,0,-24
2450.75,0,158.5540771484375,0,0.030517578125,-158.5540771484375,0,-0.0048295584361408113,0,-0.0046,0,0,-24
2450.875,0,158.55026245117188,0,-0.030517578125,-158.55026245117188,0,-0.0048291257860420649,0,-0.0038,0,0,-24
2451,0,158.55026245117188,0,0,-158.55026245117188,0,-0.0048291296003774983,0,-0.004,0,0,-24
2451.125,0,158.55026245117188,0,0,-158.55026245117188,0,-0.0048291333435506187,0,-0.0056,0,0,-24
2451.25,0,158.55026245117188,0,0,-158.55026245117188,0,-0.0048291370168890681,0,-0.0042,0,0,-24
2451.375,0,158.55026245117188,0,0,-158.55026245117188,0,-0.00482914062169572,0,-0.004,0,0,-24
2451.5,0,158.55026245117188,0,0,-158.55026245117188,0,-0.0048291441592491413,0,-0.0044,0,0,-24
2451.625,0,158.55026245117188,0,0,-158.55026245117188,0,-0.0048291476308040442,0,-0.0046,0,0,-24
2451.75,0,158.54644775390625,0,-0.030517578125,-158.54644775390625,0,-0.0048287204771528206,0,-0.0058,0,0,-24
2451.875,0,158.55026245117188,0,0.030517578125,-158.55026245117188,0,-0.0048291602458299726,0,-0.0056,0,0,-24
2452,0,158.55026245117188,0,0,-158.55026245117188,0,-0.0048291634172648859,0,-0.004,0,0,-24
2452.125,0,158.55026245117188,0,0,-158.55026245117188,0,-0.0048291665295317875,0,-0.0036,0,0,-24
2452.25,0,158.5540771484375,0,0.030517578125,-158.5540771484375,0,-0.0048296001441734638,0,-0.0042,0,0,-24
2452.375,0,158.54644775390625,0,-0.06103515625,-158.54644775390625,0,-0.0048287361555080935,0,-0.0048,0,0,-24
2452.5,0,158.55026245117188,0,0.030517578125,-158.55026245117188,0,-0.0048291756316813338,0,-0.0052,0,0,-24
2452.625,0,158.5540771484375,0,0.030517578125,-158.5540771484375,0,-0.0048296090765083642,0,-0.0042,0,0,-24
2452.75,0,158.55789184570313,0,0.030517578125,-158.55789184570313,0,-0.0048300366025132487,0,-0.0056,0,0,-24
2452.875,0,158.55026245117188,0,-0.06103515625,-158.55026245117188,0,-0.0048291666388040055,0,-0.0044,0,0,-24
2453,0,158.55789184570313,0,0.06103515625,-158.55789184570313,0,-0.0048300308118459567,0,-0.0038,0,0,-24
2453.125,0,158.5540771484375,0,-0.030517578125,-158.5540771484375,0,-0.0048295915166094647,0,-0.006,0,0,-24
2453.25,0,158.5540771484375,0,0,-158.5540771484375,0,-0.0048295888097824443,0,-0.0052,0,0,-24
2453.375,0,158.55026245117188,0,-0.030517578125,-158.55026245117188,0,-0.004829155593016542,0,-0.004,0,0,-24
2453.5,0,158.5540771484375,0,0.030517578125,-158.5540771484375,0,-0.0048295894116957873,0,-0.0044,0,0,-24
2453.625,0,158.55026245117188,0,-0.030517578125,-158.55026245117188,0,-0.0048291561837002627,0,-0.0048,0,0,-24
2453.75,0,158.54644775390625,0,-0.030517578125,-158.54644775390625,0,-0.004828728870481561,0,-0.0046,0,0,-24
2453.875,0,158.5540771484375,0,0.06103515625,-158.5540771484375,0,-0.0048295990430071295,0,-0.0046,0,0,-24
2454,0,158.5540771484375,0,0,-158.5540771484375,0,-0.0048295961957635462,0,-0.0052,0,0,-24
2454.125,0,158.5540771484375,0,0,-158.5540771484375,0,-0.004829593401639686,0,-0.0046,0,0,-24
2454.25,0,158.55026245117188,0,-0.030517578125,-158.55026245117188,0,-0.0048291600992056011,0,-0.004,0,0,-24
2454.375,0,158.54644775390625,0,-0.030517578125,-158.54644775390625,0,-0.0048287327129371057,0,-0.0044,0,0,-24
2454.5,0,158.55789184570313,0,0.091552734375,-158.55789184570313,0,-0.0048300333742146533,0,-0.0044,0,0,-24
2454.625,0,158.55026245117188,0,-0.06103515625,-158.55026245117188,0,-0.0048291634707343023,0,-0.0048,0,0,-24
2454.75,0,158.5540771484375,0,0.030517578125,-158.5540771484375,0,-0.0048295971424425661,0,-0.0042,0,0,-24
2454.875,0,158.55026245117188,0,-0.030517578125,-158.55026245117188,0,-0.0048291637702180309,0,-0.0048,0,0,-24
2455,0,158.55026245117188,0,0,-158.55026245117188,0,-0.0048291668759000463,0,-0.0042,0,0,-24
2455.125,0,158.55026245117188,0,0,-158.55026245117188,0,-0.0048291699236407718,0,-0.0046,0,0,-24
2455.25,0,158.5540771484375,0,0.030517578125,-158.5540771484375,0,-0.0048296034749601077,0,-0.0042,0,0,-24
2455.375,0,158.54644775390625,0,-0.06103515625,-158.54644775390625,0,-0.0048287394241537723,0,-0.0042,0,0,-24
2455.5,0,158.55789184570313,0,0.091552734375,-158.55789184570313,0,-0.0048300399602232164,0,-0.0056,0,0,-24
2455.625,0,158.5540771484375,0,-0.030517578125,-158.5540771484375,0,-0.0048296004943096287,0,-0.005,0,0,-24
2455.75,0,158.55026245117188,0,-0.030517578125,-158.55026245117188,0,-0.0048291670595508413,0,-0.0044,0,0,-24
2455.875,0,158.5540771484375,0,0.030517578125,-158.5540771484375,0,-0.004829600664304194,0,-0.0042,0,0,-24
2456,0,158.5540771484375,0,0,-158.5540771484375,0,-0.0048295977868128125,0,-0.0046,0,0,-24
2456.125,0,158.55026245117188,0,-0.030517578125,-158.55026245117188,0,-0.004829164402566556,0,-0.0038,0,0,-24
2456.25,0,158.56170654296875,0,0.091552734375,-158.56170654296875,0,-0.0048304591777678808,0,-0.0062,0,0,-24
2456.375,0,158.5540771484375,0,-0.06103515625,-158.5540771484375,0,-0.0048295834980251421,0,-0.005,0,0,-24
2456.5,0,158.55026245117188,0,-0.030517578125,-158.55026245117188,0,-0.0048291503803582691,0,-0.0056,0,0,-24
2456.625,0,158.55026245117188,0,0,-158.55026245117188,0,-0.0048291537358487813,0,-0.0048,0,0,-24
2456.75,0,158.55789184570313,0,0.06103515625,-158.55789184570313,0,-0.0048300181496152735,0,-0.0038,0,0,-24
2456.875,0,158.55026245117188,0,-0.06103515625,-158.55026245117188,0,-0.0048291485301733177,0,-0.0046,0,0,-24
2457,0,158.5540771484375,0,0.030517578125,-158.5540771484375,0,-0.0048295824806208016,0,-0.0044,0,0,-24
2457.125,0,158.55026245117188,0,-0.030517578125,-158.55026245117188,0,-0.0048291493819351767,0,-0.0052,0,0,-24
2457.25,0,158.55026245117188,0,0,-158.55026245117188,0,-0.0048291527560528121,0,-0.0046,0,0,-24
2457.375,0,158.55789184570313,0,0.06103515625,-158.55789184570313,0,-0.0048300171880989095,0,-0.004,0,0,-24
2457.5,0,158.5540771484375,0,-0.030517578125,-158.5540771484375,0,-0.0048295781470344421,0,-0.0042,0,0,-24
2457.625,0,158.56170654296875,0,0.06103515625,-158.56170654296875,0,-0.0048304368105153046,0,-0.0046,0,0,-24
2457.75,0,158.5540771484375,0,-0.06103515625,-158.5540771484375,0,-0.004829561548068179,0,-0.005,0,0,-24
2457.875,0,158.55026245117188,0,-0.030517578125,-158.55026245117188,0,-0.0048291288399116257,0,-0.005,0,0,-24
2458,0,158.54644775390625,0,-0.030517578125,-158.54644775390625,0,-0.004828702036833497,0,-0.0042,0,0,-24
2458.125,0,158.5540771484375,0,0.06103515625,-158.5540771484375,0,-0.0048295727099821788,0,-0.0052,0,0,-24
2458.25,0,158.55026245117188,0,-0.030517578125,-158.55026245117188,0,-0.0048291397935828952,0,-0.0044,0,0,-24
2458.375,0,158.55026245117188,0,0,-158.55026245117188,0,-0.0048291433465860387,0,-0.0046,0,0,-24
2458.5,0,158.5540771484375,0,0.030517578125,-158.5540771484375,0,-0.0048295773937413423,0,-0.0048,0,0,-24
2458.625,0,158.55026245117188,0,-0.030517578125,-158.55026245117188,0,-0.0048291443899593041,0,-0.0048,0,0,-24
2458.75,0,158.5540771484375,0,0.030517578125,-158.5540771484375,0,-0.00482957841764887,0,-0.0048,0,0,-24
2458.875,0,158.55026245117188,0,-0.030517578125,-158.55026245117188,0,-0.004829145394764256,0,-0.0054,0,0,-24
2459,0,158.5540771484375,0,0.030517578125,-158.5540771484375,0,-0.0048295794037076347,0,-0.0044,0,0,-24
2459.125,0,158.55026245117188,0,-0.030517578125,-158.55026245117188,0,-0.0048291463624265734,0,-0.0044,0,0,-24
2459.25,0,158.5540771484375,0,0.030517578125,-158.5540771484375,0,-0.0048295803533167187,0,-0.0046,0,0,-24
2459.375,0,158.55026245117188,0,-0.030517578125,-158.55026245117188,0,-0.0048291472943192346,0,-0.0048,0,0,-24
2459.5,0,158.55026245117188,0,0,-158.55026245117188,0,-0.0048291507073845675,0,-0.0052,0,0,-24
2459.625,0,158.5540771484375,0,0.030517578125,-158.5540771484375,0,-0.0048295846172128161,0,-0.0054,0,0,-24
2459.75,0,158.5540771484375,0,0,-158.5540771484375,0,-0.0048295820391046872,0,-0.005,0,0,-24
2459.875,0,158.55026245117188,0,-0.030517578125,-158.55026245117188,0,-0.0048291489486562275,0,-0.0064,0,0,-24
2460,0,158.55026245117188,0,0,-158.55026245117188,0,-0.0048291523308573508,0,-0.0038,0,0,-24
2460.125,0,158.55789184570313,0,0.06103515625,-158.55789184570313,0,-0.0048300167708361262,0,-0.0054,0,0,-24
2460.25,0,158.5540771484375,0,-0.030517578125,-158.5540771484375,0,-0.00482957773755634,0,-0.0044,0,0,-24
2460.375,0,158.5540771484375,0,0,-158.5540771484375,0,-0.0048295752877988186,0,-0.0044,0,0,-24
2460.5,0,158.5540771484375,0,0,-158.5540771484375,0,-0.0048295728837453042,0,-0.0042,0,0,-24
2460.625,0,158.55026245117188,0,-0.030517578125,-158.55026245117188,0,-0.0048291399641042015,0,-0.0038,0,0,-24
2460.75,0,158.55789184570313,0,0.06103515625,-158.55789184570313,0,-0.00483000463480384,0,-0.0044,0,0,-24
2460.875,0,158.5540771484375,0,-0.030517578125,-158.5540771484375,0,-0.0048295658279404637,0,-0.0054,0,0,-24
2461,0,158.5540771484375,0,0,-158.5540771484375,0,-0.0048295636003752055,0,-0.0048,0,0,-24
2461.125,0,158.5540771484375,0,0,-158.5540771484375,0,-0.0048295614143686145,0,-0.0046,0,0,-24
2461.25,0,158.5540771484375,0,0,-158.5540771484375,0,-0.00482955926914535,0,-0.005,0,0,-24
2461.375,0,158.5540771484375,0,0,-158.5540771484375,0,-0.0048295571639445358,0,-0.0044,0,0,-24
2461.5,0,158.55026245117188,0,-0.030517578125,-158.55026245117188,0,-0.0048291245375805744,0,-0.0046,0,0,-24
2461.625,0,158.55026245117188,0,0,-158.55026245117188,0,-0.0048291283752079838,0,-0.0038,0,0,-24
2461.75,0,158.5540771484375,0,0.030517578125,-158.5540771484375,0,-0.0048295627016774487,0,-0.0044,0,0,-24
2461.875,0,158.538818359375,0,-0.1220703125,-158.538818359375,0,-0.0048278382906817878,0,-0.005,0,0,-24
2462,0,158.55026245117188,0,0.091552734375,-158.55026245117188,0,-0.0048291513032667835,0,-0.0036,0,0,-24
2462.125,0,158.54644775390625,0,-0.030517578125,-158.54644775390625,0,-0.0048287240811001,0,-0.0042,0,0,-24
2462.25,0,158.54644775390625,0,0,-158.54644775390625,0,-0.00482873322210114,0,-0.004,0,0,-24
2462.375,0,158.55026245117188,0,0.030517578125,-158.55026245117188,0,-0.0048291727530016138,0,-0.0046,0,0,-24
2462.5,0,158.54644775390625,0,-0.030517578125,-158.54644775390625,0,-0.0048287451306570266,0,-0.005,0,0,-24
2462.625,0,158.55026245117188,0,0.030517578125,-158.55026245117188,0,-0.004829184439385013,0,-0.004,0,0,-24
2462.75,0,158.5540771484375,0,0.030517578125,-158.5540771484375,0,-0.0048296177198907395,0,-0.0052,0,0,-24
2462.875,0,158.55026245117188,0,-0.030517578125,-158.55026245117188,0,-0.0048291839637621542,0,-0.005,0,0,-24
2463,0,158.5540771484375,0,0.030517578125,-158.5540771484375,0,-0.004829617253141359,0,-0.0046,0,0,-24
2463.125,0,158.55026245117188,0,-0.030517578125,-158.55026245117188,0,-0.0048291835057207039,0,-0.005,0,0,-24
2463.25,0,158.5540771484375,0,0.030517578125,-158.5540771484375,0,-0.0048296168036453787,0,-0.0046,0,0,-24
2463.375,0,158.5540771484375,0,0,-158.5540771484375,0,-0.0048296136250496812,0,-0.0058,0,0,-24
2463.5,0,158.5540771484375,0,0,-158.5540771484375,0,-0.0048296105057555917,0,-0.0056,0,0,-24
2463.625,0,158.5540771484375,0,0,-158.5540771484375,0,-0.0048296074446567468,0,-0.0048,0,0,-24
2463.75,0,158.55026245117188,0,-0.030517578125,-158.55026245117188,0,-0.0048291738802285081,0,-0.0044,0,0,-24
2463.875,0,158.55026245117188,0,0,-158.55026245117188,0,-0.0048291767972926773,0,-0.0052,0,0,-24
2464,0,158.5540771484375,0,0.030517578125,-158.5540771484375,0,-0.0048296102203734294,0,-0.0046,0,0,-24
2464.125,0,158.54644775390625,0,-0.06103515625,-158.54644775390625,0,-0.004828746043721,0,-0.0042,0,0,-24
2464.25,0,158.55789184570313,0,0.091552734375,-158.55789184570313,0,-0.0048300464562922021,0,-0.0036,0,0,-24
2464.375,0,158.5540771484375,0,-0.030517578125,-158.5540771484375,0,-0.0048296068691844234,0,-0.0048,0,0,-24
2464.5,0,158.5540771484375,0,0,-158.5540771484375,0,-0.0048296038759314255,0,-0.0046,0,0,-24
2464.625,0,158.5540771484375,0,0,-158.5540771484375,0,-0.0048296009385221817,0,-0.0046,0,0,-24
2464.75,0,158.55789184570313,0,0.030517578125,-158.55789184570313,0,-0.0048300286163537572,0,-0.0048,0,0,-24
2464.875,0,158.5540771484375,0,-0.030517578125,-158.5540771484375,0,-0.00482958936207756,0,-0.0042,0,0,-24
2465,0,158.5540771484375,0,0,-158.5540771484375,0,-0.0048295866954466572,0,-0.0052,0,0,-24
2465.125,0,158.55789184570313,0,0.030517578125,-158.55789184570313,0,-0.0048300146390047854,0,-0.0056,0,0,-24
2465.25,0,158.5540771484375,0,-0.030517578125,-158.5540771484375,0,-0.0048295756454976024,0,-0.0046,0,0,-24
2465.375,0,158.55026245117188,0,-0.030517578125,-158.55026245117188,0,-0.0048291426743317491,0,-0.0044,0,0,-24
2465.5,0,158.55026245117188,0,0,-158.55026245117188,0,-0.0048291461735900775,0,-0.004,0,0,-24
2465.625,0,158.55026245117188,0,0,-158.55026245117188,0,-0.0048291496075643422,0,-0.005,0,0,-24
2465.75,0,158.5540771484375,0,0.030517578125,-158.5540771484375,0,-0.0048295835379114343,0,-0.0042,0,0,-24
2465.875,0,158.55026245117188,0,-0.030517578125,-158.55026245117188,0,-0.0048291504195004213,0,-0.0054,0,0,-24
2466,0,158.5540771484375,0,0.030517578125,-158.5540771484375,0,-0.0048295843346995932,0,-0.0044,0,0,-24
2466.125,0,158.5540771484375,0,0,-158.5540771484375,0,-0.0048295817618621839,0,-0.0046,0,0,-24
2466.25,0,158.55026245117188,0,-0.030517578125,-158.55026245117188,0,-0.00482914867658611,0,-0.0044,0,0,-24
2466.375,0,158.55026245117188,0,0,-158.55026245117188,0,-0.0048291520638631211,0,-0.0042,0,0,-24
2466.5,0,158.5540771484375,0,0.030517578125,-158.5540771484375,0,-0.0048295859483841689,0,-0.0044,0,0,-24
2466.625,0,158.55026245117188,0,-0.030517578125,-158.55026245117188,0,-0.0048291527850020674,0,-0.0044,0,0,-24
2466.75,0,158.55026245117188,0,0,-158.55026245117188,0,-0.0048291560956302392,0,-0.0044,0,0,-24
2466.875,0,158.55026245117188,0,0,-158.55026245117188,0,-0.0048291593444935331,0,-0.0042,0,0,-24
2467,0,158.54644775390625,0,-0.030517578125,-158.54644775390625,0,-0.0048287319723053553,0,-0.0038,0,0,-24
2467.125,0,158.5540771484375,0,0.06103515625,-158.5540771484375,0,-0.0048296020869616147,0,-0.0044,0,0,-24
2467.25,0,158.5540771484375,0,0,-158.5540771484375,0,-0.004829599182928363,0,-0.0046,0,0,-24
2467.375,0,158.5540771484375,0,0,-158.5540771484375,0,-0.0048295963330743331,0,-0.0046,0,0,-24
2467.5,0,158.5540771484375,0,0,-158.5540771484375,0,-0.0048295935363887278,0,-0.0048,0,0,-24
2467.625,0,158.5540771484375,0,0,-158.5540771484375,0,-0.0048295907918796087,0,-0.0048,0,0,-24
2467.75,0,158.5540771484375,0,0,-158.5540771484375,0,-0.0048295880985735418,0,-0.0048,0,0,-24
2467.875,0,158.55026245117188,0,-0.030517578125,-158.55026245117188,0,-0.00482915489507634,0,-0.0044,0,0,-24
2468,0,158.5540771484375,0,0.030517578125,-158.5540771484375,0,-0.0048295887267767361,0,-0.0052,0,0,-24
2468.125,0,158.55026245117188,0,-0.030517578125,-158.55026245117188,0,-0.0048291555115594336,0,-0.0048,0,0,-24
2468.25,0,158.5540771484375,0,0.030517578125,-158.5540771484375,0,-0.0048295893317583868,0,-0.0046,0,0,-24
2468.375,0,158.55026245117188,0,-0.030517578125,-158.55026245117188,0,-0.0048291561052542179,0,-0.005,0,0,-24
2468.5,0,158.5540771484375,0,0.030517578125,-158.5540771484375,0,-0.0048295899143768785,0,-0.0046,0,0,-24
2468.625,0,158.54644775390625,0,-0.06103515625,-158.54644775390625,0,-0.00482872611656415,0,-0.0046,0,0,-24
2468.75,0,158.55026245117188,0,0.030517578125,-158.55026245117188,0,-0.0048291657800293812,0,-0.0054,0,0,-24
2468.875,0,158.55026245117188,0,0,-158.55026245117188,0,-0.0048291688482152645,0,-0.0058,0,0,-24
2469,0,158.55026245117188,0,0,-158.55026245117188,0,-0.0048291718591594061,0,-0.0042,0,0,-24
2469.125,0,158.55026245117188,0,0,-158.55026245117188,0,-0.0048291748139297382,0,-0.0044,0,0,-24
2469.25,0,158.54644775390625,0,-0.030517578125,-158.54644775390625,0,-0.0048287471531353564,0,-0.0052,0,0,-24
2469.375,0,158.5540771484375,0,0.06103515625,-158.5540771484375,0,-0.0048296169845698051,0,-0.0058,0,0,-24
2469.5,0,158.55026245117188,0,-0.030517578125,-158.55026245117188,0,-0.004829183242159767,0,-0.0042,0,0,-24
2469.625,0,158.5540771484375,0,0.030517578125,-158.5540771484375,0,-0.0048296165450015778,0,-0.0044,0,0,-24
2469.75,0,158.55026245117188,0,-0.030517578125,-158.55026245117188,0,-0.0048291828107923634,0,-0.006,0,0,-24
2469.875,0,158.55026245117188,0,0,-158.55026245117188,0,-0.0048291855612430821,0,-0.0052,0,0,-24
2470,0,158.55026245117188,0,0,-158.55026245117188,0,-0.0048291882603798989,0,-0.0044,0,0,-24
2470.125,0,158.55026245117188,0,0,-158.55026245117188,0,-0.0048291909091601531,0,-0.0048,0,0,-24
2470.25,0,158.54644775390625,0,-0.030517578125,-158.54644775390625,0,-0.0048287629480844108,0,-0.0064,0,0,-24
2470.375,0,158.5540771484375,0,0.06103515625,-158.5540771484375,0,-0.0048296324848397113,0,-0.0046,0,0,-24
2470.5,0,158.55026245117188,0,-0.030517578125,-158.55026245117188,0,-0.0048291984532482183,0,-0.0044,0,0,-24
2470.625,0,158.55026245117188,0,0,-158.55026245117188,0,-0.0048292009118647847,0,-0.0048,0,0,-24
2470.75,0,158.55026245117188,0,0,-158.55026245117188,0,-0.0048292033246120653,0,-0.0038,0,0,-24
2470.875,0,158.5540771484375,0,0.030517578125,-158.5540771484375,0,-0.0048296362527847385,0,-0.0052,0,0,-24
2471,0,158.55026245117188,0,-0.030517578125,-158.55026245117188,0,-0.0048292021508964172,0,-0.0042,0,0,-24
2471.125,0,158.55026245117188,0,0,-158.55026245117188,0,-0.0048292045405276506,0,-0.0038,0,0,-24
2471.25,0,158.54263305664063,0,-0.06103515625,-158.54263305664063,0,-0.0048283457646987951,0,-0.0052,0,0,-24
2471.375,0,158.55026245117188,0,0.06103515625,-158.55026245117188,0,-0.0048292209168939544,0,-0.004,0,0,-24
2471.5,0,158.55026245117188,0,0,-158.55026245117188,0,-0.0048292229564165443,0,-0.0054,0,0,-24
2471.625,0,158.55026245117188,0,0,-158.55026245117188,0,-0.0048292249578886929,0,-0.0036,0,0,-24
2471.75,0,158.54644775390625,0,-0.030517578125,-158.54644775390625,0,-0.0048287963615813775,0,-0.0038,0,0,-24
2471.875,0,158.54644775390625,0,0,-158.54644775390625,0,-0.0048288041540785,0,-0.005,0,0,-24
2472,0,158.5540771484375,0,0.06103515625,-158.5540771484375,0,-0.0048296729220723934,0,-0.0052,0,0,-24
2472.125,0,158.54644775390625,0,-0.06103515625,-158.54644775390625,0,-0.0048288075756230111,0,-0.0042,0,0,-24
2472.25,0,158.5540771484375,0,0.06103515625,-158.5540771484375,0,-0.0048296762797827115,0,-0.0042,0,0,-24
2472.375,0,158.55026245117188,0,-0.030517578125,-158.55026245117188,0,-0.0048292414311289751,0,-0.005,0,0,-24
2472.5,0,158.55026245117188,0,0,-158.55026245117188,0,-0.0048292430879268546,0,-0.005,0,0,-24
2472.625,0,158.5540771484375,0,0.030517578125,-158.5540771484375,0,-0.004829675274253529,0,-0.0046,0,0,-24
2472.75,0,158.54644775390625,0,-0.06103515625,-158.54644775390625,0,-0.0048288098839205781,0,-0.005,0,0,-24
2472.875,0,158.5540771484375,0,0.06103515625,-158.5540771484375,0,-0.0048296785450154256,0,-0.0044,0,0,-24
2473,0,158.55026245117188,0,-0.030517578125,-158.55026245117188,0,-0.004829243654100277,0,-0.0046,0,0,-24
2473.125,0,158.5540771484375,0,0.030517578125,-158.5540771484375,0,-0.0048296758298641126,0,-0.0046,0,0,-24
2473.25,0,158.5540771484375,0,0,-158.5540771484375,0,-0.0048296715500432182,0,-0.005,0,0,-24
2473.375,0,158.55026245117188,0,-0.030517578125,-158.55026245117188,0,-0.00482923678963007,0,-0.0048,0,0,-24
2473.5,0,158.5540771484375,0,0.030517578125,-158.5540771484375,0,-0.004829669093461191,0,-0.005,0,0,-24
2473.625,0,158.55026245117188,0,-0.030517578125,-158.55026245117188,0,-0.0048292343788793723,0,-0.0042,0,0,-24
2473.75,0,158.55026245117188,0,0,-158.55026245117188,0,-0.0048292361672478508,0,-0.0044,0,0,-24
2473.875,0,158.55026245117188,0,0,-158.55026245117188,0,-0.0048292379222515556,0,-0.0048,0,0,-24
2474,0,158.5540771484375,0,0.030517578125,-158.5540771484375,0,-0.0048296702049518744,0,-0.0054,0,0,-24
2474.125,0,158.55026245117188,0,-0.030517578125,-158.55026245117188,0,-0.0048292354696334817,0,-0.004,0,0,-24
2474.25,0,158.55026245117188,0,0,-158.55026245117188,0,-0.0048292372376522591,0,-0.0054,0,0,-24
2474.375,0,158.55026245117188,0,0,-158.55026245117188,0,-0.0048292389726859175,0,-0.0046,0,0,-24
2474.5,0,158.55026245117188,0,0,-158.55026245117188,0,-0.0048292406753498458,0,-0.006,0,0,-24
2474.625,0,158.5540771484375,0,0.030517578125,-158.5540771484375,0,-0.0048296729066868672,0,-0.0044,0,0,-24
2474.75,0,158.5540771484375,0,0,-158.5540771484375,0,-0.0048296686814023552,0,-0.0048,0,0,-24
2474.875,0,158.55026245117188,0,-0.030517578125,-158.55026245117188,0,-0.0048292339745081292,0,-0.0044,0,0,-24
2475,0,158.5540771484375,0,0.030517578125,-158.5540771484375,0,-0.0048296663308596936,0,-0.0058,0,0,-24
2475.125,0,158.54644775390625,0,-0.06103515625,-158.54644775390625,0,-0.0048288011073795555,0,-0.0038,0,0,-24
2475.25,0,158.55026245117188,0,0.030517578125,-158.55026245117188,0,-0.0048292393717754029,0,-0.0052,0,0,-24
2475.375,0,158.5540771484375,0,0.030517578125,-158.5540771484375,0,-0.0048296716274326178,0,-0.0044,0,0,-24
2475.5,0,158.5540771484375,0,0,-158.5540771484375,0,-0.0048296674260145684,0,-0.0048,0,0,-24
2475.625,0,158.55026245117188,0,-0.030517578125,-158.55026245117188,0,-0.0048292327425415388,0,-0.0044,0,0,-24
2475.75,0,158.5540771484375,0,0.030517578125,-158.5540771484375,0,-0.004829665121877341,0,-0.0052,0,0,-24
2475.875,0,158.5540771484375,0,0,-158.5540771484375,0,-0.0048296610418304643,0,-0.0046,0,0,-24
2476,0,158.56170654296875,0,0.06103515625,-158.56170654296875,0,-0.0048305181587809881,0,-0.005,0,0,-24
2476.125,0,158.55789184570313,0,-0.030517578125,-158.55789184570313,0,-0.0048300719390953492,0,-0.0042,0,0,-24
2476.25,0,158.5540771484375,0,-0.030517578125,-158.5540771484375,0,-0.0048296318765665537,0,-0.0046,0,0,-24
2476.375,0,158.5540771484375,0,0,-158.5540771484375,0,-0.0048296284167622522,0,-0.0046,0,0,-24
2476.5,0,158.55789184570313,0,0.030517578125,-158.55789184570313,0,-0.0048300555819448558,0,-0.0058,0,0,-24
2476.625,0,158.56170654296875,0,0.030517578125,-158.56170654296875,0,-0.0048304769454617742,0,-0.0052,0,0,-24
2476.75,0,158.55026245117188,0,-0.091552734375,-158.55026245117188,0,-0.00482917037379637,0,-0.0046,0,0,-24
2476.875,0,158.56170654296875,0,0.091552734375,-158.56170654296875,0,-0.0048304650375951882,0,-0.0046,0,0,-24
2477,0,158.5540771484375,0,-0.06103515625,-158.5540771484375,0,-0.0048295892485283286,0,-0.0046,0,0,-24
2477.125,0,158.55026245117188,0,-0.030517578125,-158.55026245117188,0,-0.0048291560235769453,0,-0.0052,0,0,-24
2477.25,0,158.55026245117188,0,0,-158.55026245117188,0,-0.004829159273784505,0,-0.0046,0,0,-24
2477.375,0,158.5540771484375,0,0.030517578125,-158.5540771484375,0,-0.0048295930237933432,0,-0.0048,0,0,-24
2477.5,0,158.54644775390625,0,-0.06103515625,-158.54644775390625,0,-0.0048287291679696516,0,-0.0044,0,0,-24
2477.625,0,158.5540771484375,0,0.06103515625,-158.5540771484375,0,-0.0048295993349451206,0,-0.0056,0,0,-24
2477.75,0,158.5540771484375,0,0,-158.5540771484375,0,-0.0048295964822549836,0,-0.0044,0,0,-24
2477.875,0,158.55026245117188,0,-0.030517578125,-158.55026245117188,0,-0.0048291631223472669,0,-0.005,0,0,-24
2478,0,158.55789184570313,0,0.06103515625,-158.55789184570313,0,-0.0048300273609941449,0,-0.0056,0,0,-24
2478.125,0,158.5540771484375,0,-0.030517578125,-158.5540771484375,0,-0.0048295881301386187,0,-0.005,0,0,-24
2478.25,0,158.55026245117188,0,-0.030517578125,-158.55026245117188,0,-0.0048291549260525216,0,-0.0044,0,0,-24
2478.375,0,158.55026245117188,0,0,-158.55026245117188,0,-0.0048291581967360928,0,-0.0042,0,0,-24
2478.5,0,158.55026245117188,0,0,-158.55026245117188,0,-0.0048291614064000146,0,-0.005,0,0,-24
2478.625,0,158.55026245117188,0,0,-158.55026245117188,0,-0.0048291645561827027,0,-0.0044,0,0,-24
2478.75,0,158.54644775390625,0,-0.030517578125,-158.54644775390625,0,-0.0048287370867624215,0,-0.0046,0,0,-24
2478.875,0,158.5540771484375,0,0.06103515625,-158.5540771484375,0,-0.0048296071060005916,0,-0.0042,0,0,-24
2479,0,158.5540771484375,0,0,-158.5540771484375,0,-0.0048296041083294231,0,-0.0048,0,0,-24
2479.125,0,158.55026245117188,0,-0.030517578125,-158.55026245117188,0,-0.004829170606145519,0,-0.0056,0,0,-24
2479.25,0,158.55026245117188,0,0,-158.55026245117188,0,-0.0048291735842927582,0,-0.006,0,0,-24
2479.375,0,158.54644775390625,0,-0.030517578125,-158.54644775390625,0,-0.0048287459464391525,0,-0.0042,0,0,-24
2479.5,0,158.5540771484375,0,0.06103515625,-158.5540771484375,0,-0.0048296158003863811,0,-0.0048,0,0,-24
2479.625,0,158.55789184570313,0,0.030517578125,-158.55789184570313,0,-0.0048300432009469457,0,-0.0054,0,0,-24
2479.75,0,158.55026245117188,0,-0.06103515625,-158.55026245117188,0,-0.00482917311413374,0,-0.0038,0,0,-24
2479.875,0,158.5540771484375,0,0.030517578125,-158.5540771484375,0,-0.0048296066059295055,0,-0.0048,0,0,-24
2480,0,158.55026245117188,0,-0.030517578125,-158.55026245117188,0,-0.0048291730571490181,0,-0.0046,0,0,-24
2480.125,0,158.55789184570313,0,0.06103515625,-158.55789184570313,0,-0.0048300371104468389,0,-0.0048,0,0,-24
2480.25,0,158.55789184570313,0,0,-158.55789184570313,0,-0.0048300282581391438,0,-0.0044,0,0,-24
2480.375,0,158.5540771484375,0,-0.030517578125,-158.5540771484375,0,-0.0048295890105459925,0,-0.0054,0,0,-24
2480.5,0,158.5540771484375,0,0,-158.5540771484375,0,-0.0048295863504734535,0,-0.0046,0,0,-24
2480.625,0,158.55789184570313,0,0.030517578125,-158.55789184570313,0,-0.00483001430046759,0,-0.0052,0,0,-24
2480.75,0,158.54644775390625,0,-0.091552734375,-158.54644775390625,0,-0.0048287141923985108,0,-0.004,0,0,-24
2480.875,0,158.5540771484375,0,0.06103515625,-158.5540771484375,0,-0.0048295846387663693,0,-0.0042,0,0,-24
2481,0,158.5540771484375,0,0,-158.5540771484375,0,-0.0048295820602561254,0,-0.0046,0,0,-24
2481.125,0,158.54263305664063,0,-0.091552734375,-158.54263305664063,0,-0.0048282878485352227,0,-0.0044,0,0,-24
2481.25,0,158.55026245117188,0,0.06103515625,-158.55026245117188,0,-0.0048291640812457865,0,-0.0046,0,0,-24
2481.375,0,158.55026245117188,0,0,-158.55026245117188,0,-0.0048291671811251,0,-0.0042,0,0,-24
2481.5,0,158.54644775390625,0,-0.030517578125,-158.54644775390625,0,-0.0048287396627324673,0,-0.0044,0,0,-24
2481.625,0,158.5540771484375,0,0.06103515625,-158.5540771484375,0,-0.0048296096339119406,0,-0.0042,0,0,-24
2481.75,0,158.55026245117188,0,-0.030517578125,-158.55026245117188,0,-0.0048291760286397678,0,-0.0056,0,0,-24
2481.875,0,158.55026245117188,0,0,-158.55026245117188,0,-0.00482917890562201,0,-0.004,0,0,-24
2482,0,158.54644775390625,0,-0.030517578125,-158.54644775390625,0,-0.0048287511684907943,0,-0.0044,0,0,-24
2482.125,0,158.55026245117188,0,0.030517578125,-158.55026245117188,0,-0.0048291903645736748,0,-0.0054,0,0,-24
2482.25,0,158.55026245117188,0,0,-158.55026245117188,0,-0.0048291929740969467,0,-0.0046,0,0,-24
2482.375,0,158.54644775390625,0,-0.030517578125,-158.54644775390625,0,-0.0048287649744966216,0,-0.0044,0,0,-24
2482.5,0,158.55026245117188,0,0.030517578125,-158.55026245117188,0,-0.0048292039130071584,0,-0.0042,0,0,-24
2482.625,0,158.55026245117188,0,0,-158.55026245117188,0,-0.0048292062697634962,0,-0.004,0,0,-24
2482.75,0,158.54644775390625,0,-0.030517578125,-158.54644775390625,0,-0.0048287780221119951,0,-0.0048,0,0,-24
2482.875,0,158.55026245117188,0,0.030517578125,-158.55026245117188,0,-0.0048292167171991324,0,-0.0046,0,0,-24
2483,0,158.5540771484375,0,0.030517578125,-158.5540771484375,0,-0.0048296493955124267,0,-0.0056,0,0,-24
2483.125,0,158.54644775390625,0,-0.06103515625,-158.54644775390625,0,-0.0048287844879873259,0,-0.005,0,0,-24
2483.25,0,158.55026245117188,0,0.030517578125,-158.55026245117188,0,-0.0048292230624435812,0,-0.0042,0,0,-24
2483.375,0,158.55026245117188,0,0,-158.55026245117188,0,-0.0048292250619376325,0,-0.0054,0,0,-24
2483.5,0,158.55026245117188,0,0,-158.55026245117188,0,-0.0048292270241280365,0,-0.0044,0,0,-24
2483.625,0,158.54644775390625,0,-0.030517578125,-158.54644775390625,0,-0.0048287983892718375,0,-0.0044,0,0,-24
2483.75,0,158.5540771484375,0,0.06103515625,-158.5540771484375,0,-0.0048296672648170955,0,-0.0044,0,0,-24
2483.875,0,158.55026245117188,0,-0.030517578125,-158.55026245117188,0,-0.0048292325843514537,0,-0.0048,0,0,-24
2484,0,158.55026245117188,0,0,-158.55026245117188,0,-0.00482923440619962,0,-0.0054,0,0,-24
2484.125,0,158.55026245117188,0,0,-158.55026245117188,0,-0.0048292361940583967,0,-0.0048,0,0,-24
2484.25,0,158.5540771484375,0,0.030517578125,-158.5540771484375,0,-0.0048296685090008255,0,-0.0044,0,0,-24
2484.375,0,158.54644775390625,0,-0.06103515625,-158.54644775390625,0,-0.004828803244884103,0,-0.0042,0,0,-24
2484.5,0,158.5540771484375,0,0.06103515625,-158.5540771484375,0,-0.0048296720298404211,0,-0.0042,0,0,-24
2484.625,0,158.5540771484375,0,0,-158.5540771484375,0,-0.0048296678209148328,0,-0.0042,0,0,-24
2484.75,0,158.5540771484375,0,0,-158.5540771484375,0,-0.0048296636905132461,0,-0.0042,0,0,-24
2484.875,0,158.5540771484375,0,0,-158.5540771484375,0,-0.0048296596371706756,0,-0.0066,0,0,-24
2485,0,158.54644775390625,0,-0.06103515625,-158.54644775390625,0,-0.0048287945385716352,0,-0.004,0,0,-24
2485.125,0,158.55026245117188,0,0.030517578125,-158.55026245117188,0,-0.00482923292551873,0,-0.0056,0,0,-24
2485.25,0,158.54263305664063,0,-0.06103515625,-158.54263305664063,0,-0.0048283736201240645,0,-0.005,0,0,-24
2485.375,0,158.5540771484375,0,0.091552734375,-158.5540771484375,0,-0.0048296788130721968,0,-0.0044,0,0,-24
2485.5,0,158.55026245117188,0,-0.030517578125,-158.55026245117188,0,-0.0048292439171560356,0,-0.0048,0,0,-24
2485.625,0,158.55026245117188,0,0,-158.55026245117188,0,-0.004829245527573244,0,-0.0054,0,0,-24
2485.75,0,158.54644775390625,0,-0.030517578125,-158.54644775390625,0,-0.004828816547506721,0,-0.0046,0,0,-24
2485.875,0,158.55026245117188,0,0.030517578125,-158.55026245117188,0,-0.0048292545238431692,0,-0.0058,0,0,-24
2486,0,158.5540771484375,0,0.030517578125,-158.5540771484375,0,-0.0048296864968151781,0,-0.004,0,0,-24
2486.125,0,158.55026245117188,0,-0.030517578125,-158.55026245117188,0,-0.0048292514575469341,0,-0.005,0,0,-24
2486.25,0,158.55789184570313,0,0.06103515625,-158.55789184570313,0,-0.0048301140481643474,0,-0.004,0,0,-24
2486.375,0,158.5540771484375,0,-0.030517578125,-158.5540771484375,0,-0.0048296732000258887,0,-0.005,0,0,-24
2486.5,0,158.55026245117188,0,-0.030517578125,-158.55026245117188,0,-0.0048292384088297682,0,-0.0054,0,0,-24
2486.625,0,158.55026245117188,0,0,-158.55026245117188,0,-0.0048292401220133034,0,-0.0036,0,0,-24
2486.75,0,158.5540771484375,0,0.030517578125,-158.5540771484375,0,-0.004829672363673672,0,-0.0048,0,0,-24
2486.875,0,158.5540771484375,0,0,-158.5540771484375,0,-0.0048296681485199095,0,-0.004,0,0,-24
2487,0,158.55026245117188,0,-0.030517578125,-158.55026245117188,0,-0.004829233451567428,0,-0.005,0,0,-24
2487.125,0,158.55026245117188,0,0,-158.55026245117188,0,-0.0048292352572363419,0,-0.005,0,0,-24
2487.25,0,158.54644775390625,0,-0.030517578125,-158.54644775390625,0,-0.004828806468778802,0,-0.005,0,0,-24
2487.375,0,158.55026245117188,0,0.030517578125,-158.55026245117188,0,-0.0048292446331494729,0,-0.0056,0,0,-24
2487.5,0,158.54644775390625,0,-0.030517578125,-158.54644775390625,0,-0.0048288156697698049,0,-0.0042,0,0,-24
2487.625,0,158.5540771484375,0,0.06103515625,-158.5540771484375,0,-0.004829684222920707,0,-0.0042,0,0,-24
2487.75,0,158.55789184570313,0,0.030517578125,-158.55789184570313,0,-0.0048301103469533067,0,-0.0054,0,0,-24
2487.875,0,158.5540771484375,0,-0.030517578125,-158.5540771484375,0,-0.0048296695678666521,0,-0.0054,0,0,-24
2488,0,158.54644775390625,0,-0.06103515625,-158.54644775390625,0,-0.0048288042839951537,0,-0.004,0,0,-24
2488.125,0,158.55026245117188,0,0.030517578125,-158.55026245117188,0,-0.004829242489126335,0,-0.0044,0,0,-24
2488.25,0,158.55026245117188,0,0,-158.55026245117188,0,-0.0048292441261856408,0,-0.0052,0,0,-24
2488.375,0,158.5540771484375,0,0.030517578125,-158.5540771484375,0,-0.0048296762931419957,0,-0.0048,0,0,-24
2488.5,0,158.55026245117188,0,-0.030517578125,-158.55026245117188,0,-0.0048292414442390212,0,-0.0046,0,0,-24
2488.625,0,158.55026245117188,0,0,-158.55026245117188,0,-0.0048292431007923124,0,-0.0046,0,0,-24
2488.75,0,158.55026245117188,0,0,-158.55026245117188,0,-0.0048292447264400452,0,-0.0038,0,0,-24
2488.875,0,158.54644775390625,0,-0.030517578125,-158.54644775390625,0,-0.0048288157613198979,0,-0.0048,0,0,-24
2489,0,158.55026245117188,0,0.030517578125,-158.55026245117188,0,-0.0048292537523238746,0,-0.0046,0,0,-24
2489.125,0,158.55026245117188,0,0,-158.55026245117188,0,-0.00482925517925085,0,-0.0042,0,0,-24
2489.25,0,158.55026245117188,0,0,-158.55026245117188,0,-0.0048292565795563,0,-0.0042,0,0,-24
2489.375,0,158.54644775390625,0,-0.030517578125,-158.54644775390625,0,-0.0048288273932979783,0,-0.0046,0,0,-24
2489.5,0,158.55026245117188,0,0.030517578125,-158.55026245117188,0,-0.0048292651672894541,0,-0.005,0,0,-24
2489.625,0,158.54644775390625,0,-0.030517578125,-158.54644775390625,0,-0.0048288358208137183,0,-0.0046,0,0,-24
2489.75,0,158.54644775390625,0,0,-158.54644775390625,0,-0.00482884287713797,0,-0.0042,0,0,-24
2489.875,0,158.5540771484375,0,0.06103515625,-158.5540771484375,0,-0.004829710922693433,0,-0.0042,0,0,-24
2490,0,158.54644775390625,0,-0.06103515625,-158.54644775390625,0,-0.0048288448672838243,0,-0.0044,0,0,-24
2490.125,0,158.5540771484375,0,0.06103515625,-158.5540771484375,0,-0.0048297128757100452,0,-0.005,0,0,-24
2490.25,0,158.55026245117188,0,-0.030517578125,-158.55026245117188,0,-0.004829277344302811,0,-0.005,0,0,-24
2490.375,0,158.55026245117188,0,0,-158.55026245117188,0,-0.0048292783310850129,0,-0.0052,0,0,-24
2490.5,0,158.55026245117188,0,0,-158.55026245117188,0,-0.00482927929945727,0,-0.0052,0,0,-24
2490.625,0,158.55026245117188,0,0,-158.55026245117188,0,-0.0048292802497630488,0,-0.0042,0,0,-24
2490.75,0,158.5540771484375,0,0.030517578125,-158.5540771484375,0,-0.0048297117427783228,0,-0.0054,0,0,-24
2490.875,0,158.5540771484375,0,0,-158.5540771484375,0,-0.0048297067929465951,0,-0.0028,0,0,-24
2491,0,158.55026245117188,0,-0.030517578125,-158.55026245117188,0,-0.0048292713750227,0,-0.005,0,0,-24
2491.125,0,158.54644775390625,0,-0.030517578125,-158.54644775390625,0,-0.00482884191273212,0,-0.0046,0,0,-24
2491.25,0,158.5540771484375,0,0.06103515625,-158.5540771484375,0,-0.0048297099762800626,0,-0.0062,0,0,-24
2491.375,0,158.5540771484375,0,0,-158.5540771484375,0,-0.004829705059405086,0,-0.0048,0,0,-24
2491.5,0,158.5540771484375,0,0,-158.5540771484375,0,-0.004829700234262,0,-0.0034,0,0,-24
2491.625,0,158.54644775390625,0,-0.06103515625,-158.54644775390625,0,-0.0048288343782615737,0,-0.0046,0,0,-24
2491.75,0,158.54644775390625,0,0,-158.54644775390625,0,-0.0048288414614988612,0,-0.0046,0,0,-24
2491.875,0,158.54644775390625,0,0,-158.54644775390625,0,-0.0048288484125874271,0,-0.0046,0,0,-24
2492,0,158.5540771484375,0,0.06103515625,-158.5540771484375,0,-0.0048297163548705387,0,-0.0042,0,0,-24
2492.125,0,158.55026245117188,0,-0.030517578125,-158.55026245117188,0,-0.0048292807585541969,0,-0.0044,0,0,-24
2492.25,0,158.55789184570313,0,0.06103515625,-158.55789184570313,0,-0.0048301428025161039,0,-0.004,0,0,-24
2492.375,0,158.54644775390625,0,-0.091552734375,-158.54644775390625,0,-0.0048288402970430109,0,-0.0052,0,0,-24
2492.5,0,158.55026245117188,0,0.030517578125,-158.55026245117188,0,-0.00482927783029521,0,-0.0044,0,0,-24
2492.625,0,158.5540771484375,0,0.030517578125,-158.5540771484375,0,-0.0048297093684493905,0,-0.005,0,0,-24
2492.75,0,158.54644775390625,0,-0.06103515625,-158.54644775390625,0,-0.0048288433420366032,0,-0.0044,0,0,-24
2492.875,0,158.55026245117188,0,0.030517578125,-158.55026245117188,0,-0.0048292808184797484,0,-0.0046,0,0,-24
2493,0,158.5540771484375,0,0.030517578125,-158.5540771484375,0,-0.0048297123008847346,0,-0.0044,0,0,-24
2493.125,0,158.5540771484375,0,0,-158.5540771484375,0,-0.00482970734064067,0,-0.0044,0,0,-24
2493.25,0,158.5540771484375,0,0,-158.5540771484375,0,-0.0048297024729376135,0,-0.0048,0,0,-24
2493.375,0,158.5540771484375,0,0,-158.5540771484375,0,-0.0048296976960490691,0,-0.0048,0,0,-24
2493.5,0,158.5540771484375,0,0,-158.5540771484375,0,-0.0048296930082807514,0,-0.005,0,0,-24
2493.625,0,158.55026245117188,0,-0.030517578125,-158.55026245117188,0,-0.00482925784753107,0,-0.0052,0,0,-24
2493.75,0,158.5540771484375,0,0.030517578125,-158.5540771484375,0,-0.0048296897584945517,0,-0.0052,0,0,-24
2493.875,0,158.55026245117188,0,-0.030517578125,-158.55026245117188,0,-0.0048292546583746463,0,-0.004,0,0,-24
2494,0,158.5540771484375,0,0.030517578125,-158.5540771484375,0,-0.0048296866288367627,0,-0.0048,0,0,-24
2494.125,0,158.5540771484375,0,0,-158.5540771484375,0,-0.0048296821475443692,0,-0.0056,0,0,-24
2494.25,0,158.54644775390625,0,-0.06103515625,-158.54644775390625,0,-0.00482881662897957,0,-0.0038,0,0,-24
2494.375,0,158.5540771484375,0,0.06103515625,-158.5540771484375,0,-0.0048296851642349332,0,-0.0042,0,0,-24
2494.5,0,158.55026245117188,0,-0.030517578125,-158.55026245117188,0,-0.00482925014982803,0,-0.0044,0,0,-24
2494.625,0,158.55026245117188,0,0,-158.55026245117188,0,-0.0048292516439651248,0,-0.0044,0,0,-24
2494.75,0,158.5540771484375,0,0.030517578125,-158.5540771484375,0,-0.0048296836706657022,0,-0.005,0,0,-24
2494.875,0,158.54644775390625,0,-0.06103515625,-158.54644775390625,0,-0.0048288181236847251,0,-0.0054,0,0,-24
2495,0,158.55026245117188,0,0.030517578125,-158.55026245117188,0,-0.00482925607061514,0,-0.005,0,0,-24
2495.125,0,158.55026245117188,0,0,-158.55026245117188,0,-0.0048292574542908142,0,-0.0052,0,0,-24
2495.25,0,158.55026245117188,0,0,-158.55026245117188,0,-0.0048292588121518834,0,-0.0056,0,0,-24
2495.375,0,158.55026245117188,0,0,-158.55026245117188,0,-0.0048292601446799591,0,-0.0042,0,0,-24
2495.5,0,158.54644775390625,0,-0.030517578125,-158.54644775390625,0,-0.0048288308919087536,0,-0.0048,0,0,-24
2495.625,0,158.55026245117188,0,0.030517578125,-158.55026245117188,0,-0.0048292686006282462,0,-0.004,0,0,-24
2495.75,0,158.55026245117188,0,0,-158.55026245117188,0,-0.0048292697505371894,0,-0.0044,0,0,-24
2495.875,0,158.55026245117188,0,0,-158.55026245117188,0,-0.0048292708789928075,0,-0.0052,0,0,-24
2496,0,158.55026245117188,0,0,-158.55026245117188,0,-0.0048292719863953443,0,-0.004,0,0,-24
2496.125,0,158.55026245117188,0,0,-158.55026245117188,0,-0.0048292730731375778,0,-0.005,0,0,-24
2496.25,0,158.55026245117188,0,0,-158.55026245117188,0,-0.0048292741396049584,0,-0.005,0,0,-24
2496.375,0,158.5540771484375,0,0.030517578125,-158.5540771484375,0,-0.0048297057466146608,0,-0.006,0,0,-24
2496.5,0,158.55026245117188,0,-0.030517578125,-158.55026245117188,0,-0.0048292703482117026,0,-0.004,0,0,-24
2496.625,0,158.55026245117188,0,0,-158.55026245117188,0,-0.00482927146551678,0,-0.005,0,0,-24
2496.75,0,158.5540771484375,0,0.030517578125,-158.5540771484375,0,-0.0048297031224157237,0,-0.0058,0,0,-24
2496.875,0,158.55026245117188,0,-0.030517578125,-158.55026245117188,0,-0.004829267772971246,0,-0.0036,0,0,-24
2497,0,158.55026245117188,0,0,-158.55026245117188,0,-0.0048292689383214078,0,-0.0038,0,0,-24
2497.125,0,158.55026245117188,0,0,-158.55026245117188,0,-0.0048292700819301641,0,-0.0046,0,0,-24
2497.25,0,158.54644775390625,0,-0.030517578125,-158.54644775390625,0,-0.0048288406437642217,0,-0.004,0,0,-24
2497.375,0,158.5540771484375,0,0.06103515625,-158.5540771484375,0,-0.0048297087309867185,0,-0.0046,0,0,-24
2497.5,0,158.55026245117188,0,-0.030517578125,-158.55026245117188,0,-0.0048292732769056939,0,-0.0042,0,0,-24
2497.625,0,158.54644775390625,0,-0.030517578125,-158.54644775390625,0,-0.0048288437791325521,0,-0.0046,0,0,-24
2497.75,0,158.55026245117188,0,0.030517578125,-158.55026245117188,0,-0.0048292812474209981,0,-0.0048,0,0,-24
2497.875,0,158.54263305664063,0,-0.06103515625,-158.54263305664063,0,-0.0048284210405066773,0,-0.0046,0,0,-24
2498,0,158.5540771484375,0,0.091552734375,-158.5540771484375,0,-0.0048297253487543951,0,-0.0056,0,0,-24
2498.125,0,158.54644775390625,0,-0.06103515625,-158.54644775390625,0,-0.0048288590242043577,0,-0.0046,0,0,-24
2498.25,0,158.55026245117188,0,0.030517578125,-158.55026245117188,0,-0.0048292962080724632,0,-0.005,0,0,-24
2498.375,0,158.5540771484375,0,0.030517578125,-158.5540771484375,0,-0.0048297274033608489,0,-0.0044,0,0,-24
2498.5,0,158.55026245117188,0,-0.030517578125,-158.55026245117188,0,-0.0048292916009178705,0,-0.005,0,0,-24
2498.625,0,158.54263305664063,0,-0.06103515625,-158.54263305664063,0,-0.004828431200843088,0,-0.0046,0,0,-24
2498.75,0,158.55026245117188,0,0.06103515625,-158.55026245117188,0,-0.0048293047590951344,0,-0.0052,0,0,-24
2498.875,0,158.55026245117188,0,0,-158.55026245117188,0,-0.00482930523441208,0,-0.0052,0,0,-24
2499,0,158.54644775390625,0,-0.030517578125,-158.54644775390625,0,-0.0048288751404223411,0,-0.0054,0,0,-24
2499.125,0,158.55026245117188,0,0.030517578125,-158.55026245117188,0,-0.00482931202361753,0,-0.0054,0,0,-24
2499.25,0,158.5540771484375,0,0.030517578125,-158.5540771484375,0,-0.004829742923842517,0,-0.004,0,0,-24
2499.375,0,158.5540771484375,0,0,-158.5540771484375,0,-0.0048297373922799192,0,-0.0044,0,0,-24
2499.5,0,158.5540771484375,0,0,-158.5540771484375,0,-0.0048297319639171582,0,-0.0054,0,0,-24
2499.625,0,158.5540771484375,0,0,-158.5540771484375,0,-0.0048297266368288808,0,-0.004,0,0,-24
2499.75,0,158.5540771484375,0,0,-158.5540771484375,0,-0.0048297214091256556,0,-0.0044,0,0,-24
2499.875,0,158.55026245117188,0,-0.030517578125,-158.55026245117188,0,-0.0048292857185143851,0,-0.005,0,0,-24
2500,0,158.5540771484375,0,0.030517578125,-158.5540771484375,0,-0.0048297171095016637,0,-0.0046,0,0,-24
2500.125,0,158.54644775390625,0,-0.06103515625,-158.54644775390625,0,-0.0048288509386676,0,-0.0042,0,0,-24
2500.25,0,158.5540771484375,0,0.06103515625,-158.5540771484375,0,-0.0048297188338227879,0,-0.0056,0,0,-24
2500.375,0,158.55026245117188,0,-0.030517578125,-158.55026245117188,0,-0.0048292831912577659,0,-0.0038,0,0,-24
2500.5,0,158.55026245117188,0,0,-158.55026245117188,0,-0.004829284068956,0,-0.0052,0,0,-24
2500.625,0,158.5540771484375,0,0.030517578125,-158.5540771484375,0,-0.0048297154907183367,0,-0.005,0,0,-24
2500.75,0,158.5540771484375,0,0,-158.5540771484375,0,-0.0048297104709630039,0,-0.004,0,0,-24
2500.875,0,158.55026245117188,0,-0.030517578125,-158.55026245117188,0,-0.0048292749844200365,0,-0.004,0,0,-24
2501,0,158.5540771484375,0,0.030517578125,-158.5540771484375,0,-0.00482970657566841,0,-0.0054,0,0,-24
2501.125,0,158.55026245117188,0,-0.030517578125,-158.55026245117188,0,-0.0048292711617981742,0,-0.0044,0,0,-24
2501.25,0,158.5540771484375,0,0.030517578125,-158.5540771484375,0,-0.0048297028243634577,0,-0.005,0,0,-24
2501.375,0,158.55026245117188,0,-0.030517578125,-158.55026245117188,0,-0.0048292674804796048,0,-0.0044,0,0,-24
2501.5,0,158.5540771484375,0,0.030517578125,-158.5540771484375,0,-0.0048296992117255666,0,-0.005,0,0,-24
2501.625,0,158.5540771484375,0,0,-158.5540771484375,0,-0.0048296944956799648,0,-0.0044,0,0,-24
2501.75,0,158.55789184570313,0,0.030517578125,-158.55789184570313,0,-0.0048301204280583885,0,-0.0042,0,0,-24
2501.875,0,158.55026245117188,0,-0.06103515625,-158.55026245117188,0,-0.0048292489004542445,0,-0.0038,0,0,-24
2502,0,158.54644775390625,0,-0.030517578125,-158.54644775390625,0,-0.0048288198574614211,0,-0.0056,0,0,-24
2502.125,0,158.5540771484375,0,0.06103515625,-158.5540771484375,0,-0.0048296883324844735,0,-0.0048,0,0,-24
2502.25,0,158.55789184570313,0,0.030517578125,-158.55789184570313,0,-0.00483011437984682,0,-0.0036,0,0,-24
2502.375,0,158.55026245117188,0,-0.06103515625,-158.55026245117188,0,-0.004829242965081396,0,-0.0048,0,0,-24
2502.5,0,158.55026245117188,0,0,-158.55026245117188,0,-0.0048292445932610253,0,-0.006,0,0,-24
2502.625,0,158.5540771484375,0,0.030517578125,-158.5540771484375,0,-0.004829676751503368,0,-0.0056,0,0,-24
2502.75,0,158.55026245117188,0,-0.030517578125,-158.55026245117188,0,-0.0048292418940489544,0,-0.0044,0,0,-24
2502.875,0,158.5540771484375,0,0.030517578125,-158.5540771484375,0,-0.004829674102649264,0,-0.0048,0,0,-24
2503,0,158.55789184570313,0,0.030517578125,-158.55789184570313,0,-0.0048301004154911453,0,-0.006,0,0,-24
2503.125,0,158.55026245117188,0,-0.06103515625,-158.55026245117188,0,-0.0048292292612523262,0,-0.0054,0,0,-24
2503.25,0,158.55026245117188,0,0,-158.55026245117188,0,-0.0048292311450980341,0,-0.0054,0,0,-24
2503.375,0,158.55026245117188,0,0,-158.55026245117188,0,-0.0048292329937976936,0,-0.0056,0,0,-24
2503.5,0,158.55026245117188,0,0,-158.55026245117188,0,-0.0048292348080070076,0,-0.0048,0,0,-24
2503.625,0,158.5540771484375,0,0.030517578125,-158.5540771484375,0,-0.0048296671488083642,0,-0.0042,0,0,-24
2503.75,0,158.55026245117188,0,-0.030517578125,-158.55026245117188,0,-0.0048292324705070449,0,-0.0056,0,0,-24
2503.875,0,158.55026245117188,0,0,-158.55026245117188,0,-0.0048292342944791537,0,-0.0046,0,0,-24
2504,0,158.5540771484375,0,0.030517578125,-158.5540771484375,0,-0.0048296666448611652,0,-0.0044,0,0,-24
2504.125,0,158.55789184570313,0,0.030517578125,-158.55789184570313,0,-0.0048300930968395916,0,-0.0044,0,0,-24
2504.25,0,158.55026245117188,0,-0.06103515625,-158.55026245117188,0,-0.0048292220791415113,0,-0.004,0,0,-24
2504.375,0,158.55026245117188,0,0,-158.55026245117188,0,-0.00482922409698058,0,-0.004,0,0,-24
2504.5,0,158.5540771484375,0,0.030517578125,-158.5540771484375,0,-0.0048296566376126631,0,-0.0042,0,0,-24
2504.625,0,158.5540771484375,0,0,-158.5540771484375,0,-0.0048296527158528365,0,-0.0062,0,0,-24
2504.75,0,158.5540771484375,0,0,-158.5540771484375,0,-0.0048296488672594914,0,-0.0044,0,0,-24
2504.875,0,158.55026245117188,0,-0.030517578125,-158.55026245117188,0,-0.0048292145300286773,0,-0.0054,0,0,-24
2505,0,158.5540771484375,0,0.030517578125,-158.5540771484375,0,-0.0048296472491470115,0,-0.0044,0,0,-24
2505.125,0,158.5540771484375,0,0,-158.5540771484375,0,-0.0048296435025435,0,-0.0056,0,0,-24
2505.25,0,158.55026245117188,0,-0.030517578125,-158.55026245117188,0,-0.0048292092653997405,0,-0.0054,0,0,-24
2505.375,0,158.55026245117188,0,0,-158.55026245117188,0,-0.0048292115222989349,0,-0.0042,0,0,-24
2505.5,0,158.55026245117188,0,0,-158.55026245117188,0,-0.0048292137370921926,0,-0.0048,0,0,-24
2505.625,0,158.54644775390625,0,-0.030517578125,-158.54644775390625,0,-0.0048287853501261507,0,-0.0046,0,0,-24
2505.75,0,158.55026245117188,0,0.030517578125,-158.55026245117188,0,-0.0048292239084978756,0,-0.0044,0,0,-24
2505.875,0,158.55026245117188,0,0,-158.55026245117188,0,-0.0048292258922074784,0,-0.0038,0,0,-24
2506,0,158.55026245117188,0,0,-158.55026245117188,0,-0.0048292278389079173,0,-0.0062,0,0,-24
2506.125,0,158.5540771484375,0,0.030517578125,-158.5540771484375,0,-0.0048296603097285722,0,-0.0042,0,0,-24
2506.25,0,158.54644775390625,0,-0.06103515625,-158.54644775390625,0,-0.0048287951985819264,0,-0.0042,0,0,-24
2506.375,0,158.55026245117188,0,0.030517578125,-158.55026245117188,0,-0.0048292335732155111,0,-0.0048,0,0,-24
2506.5,0,158.55026245117188,0,0,-158.55026245117188,0,-0.0048292353766148923,0,-0.0044,0,0,-24
2506.625,0,158.54644775390625,0,-0.030517578125,-158.54644775390625,0,-0.0048288065859301618,0,-0.0044,0,0,-24
2506.75,0,158.55026245117188,0,0.030517578125,-158.55026245117188,0,-0.004829244748115193,0,-0.005,0,0,-24
2506.875,0,158.5540771484375,0,0.030517578125,-158.5540771484375,0,-0.0048296769034684925,0,-0.0052,0,0,-24
2507,0,158.54644775390625,0,-0.06103515625,-158.54644775390625,0,-0.0048288114827400221,0,-0.0042,0,0,-24
2507.125,0,158.5540771484375,0,0.06103515625,-158.5540771484375,0,-0.0048296801140064252,0,-0.0034,0,0,-24
2507.25,0,158.54644775390625,0,-0.06103515625,-158.54644775390625,0,-0.0048288146333804148,0,-0.0048,0,0,-24
2507.375,0,158.5540771484375,0,0.06103515625,-158.5540771484375,0,-0.00482968320586676,0,-0.0052,0,0,-24
2507.5,0,158.55026245117188,0,-0.030517578125,-158.55026245117188,0,-0.0048292482279962369,0,-0.0042,0,0,-24
2507.625,0,158.55026245117188,0,0,-158.55026245117188,0,-0.0048292497579880689,0,-0.0042,0,0,-24
2507.75,0,158.5540771484375,0,0.030517578125,-158.5540771484375,0,-0.0048296818198744589,0,-0.0048,0,0,-24
2507.875,0,158.54644775390625,0,-0.06103515625,-158.54644775390625,0,-0.0048288163074228481,0,-0.005,0,0,-24
2508,0,158.55026245117188,0,0.030517578125,-158.55026245117188,0,-0.0048292542882384312,0,-0.0046,0,0,-24
2508.125,0,158.55026245117188,0,0,-158.55026245117188,0,-0.0048292557051670933,0,-0.0056,0,0,-24
2508.25,0,158.55026245117188,0,0,-158.55026245117188,0,-0.004829257095660764,0,-0.0054,0,0,-24
2508.375,0,158.5540771484375,0,0.030517578125,-158.5540771484375,0,-0.0048296890206515463,0,-0.0054,0,0,-24
2508.5,0,158.55026245117188,0,-0.030517578125,-158.55026245117188,0,-0.0048292539342972406,0,-0.0044,0,0,-24
2508.625,0,158.54644775390625,0,-0.030517578125,-158.54644775390625,0,-0.0048288247973903081,0,-0.0036,0,0,-24
2508.75,0,158.5540771484375,0,0.06103515625,-158.5540771484375,0,-0.0048296931802513637,0,-0.0056,0,0,-24
2508.875,0,158.55026245117188,0,-0.030517578125,-158.55026245117188,0,-0.0048292580162933047,0,-0.0046,0,0,-24
2509,0,158.55026245117188,0,0,-158.55026245117188,0,-0.00482925936366935,0,-0.0042,0,0,-24
2509.125,0,158.5540771484375,0,0.030517578125,-158.5540771484375,0,-0.0048296912463469321,0,-0.005,0,0,-24
2509.25,0,158.5540771484375,0,0,-158.5540771484375,0,-0.0048296866789077613,0,-0.0048,0,0,-24
2509.375,0,158.5540771484375,0,0,-158.5540771484375,0,-0.0048296821966812165,0,-0.005,0,0,-24
2509.5,0,158.54644775390625,0,-0.06103515625,-158.54644775390625,0,-0.0048288166771996944,0,-0.0046,0,0,-24
2509.625,0,158.55026245117188,0,0.030517578125,-158.55026245117188,0,-0.00482925465111652,0,-0.0044,0,0,-24
2509.75,0,158.54644775390625,0,-0.030517578125,-158.54644775390625,0,-0.0048288255008362181,0,-0.0046,0,0,-24
2509.875,0,158.55026245117188,0,0.030517578125,-158.55026245117188,0,-0.0048292633101344878,0,-0.0046,0,0,-24
2510,0,158.55789184570313,0,0.06103515625,-158.55789184570313,0,-0.00483012567962359,0,-0.0046,0,0,-24
2510.125,0,158.54644775390625,0,-0.091552734375,-158.54644775390625,0,-0.0048288234936044805,0,-0.0034,0,0,-24
2510.25,0,158.5540771484375,0,0.06103515625,-158.5540771484375,0,-0.0048296919007896726,0,-0.0046,0,0,-24
2510.375,0,158.5540771484375,0,0,-158.5540771484375,0,-0.0048296873211408622,0,-0.0048,0,0,-24
2510.5,0,158.55026245117188,0,-0.030517578125,-158.55026245117188,0,-0.0048292522664935512,0,-0.0054,0,0,-24
2510.625,0,158.54644775390625,0,-0.030517578125,-158.54644775390625,0,-0.00482882316070207,0,-0.0058,0,0,-24
2510.75,0,158.54644775390625,0,0,-158.54644775390625,0,-0.004828830453220241,0,-0.0054,0,0,-24
2510.875,0,158.5540771484375,0,0.06103515625,-158.5540771484375,0,-0.0048296987305630618,0,-0.004,0,0,-24
2511,0,158.5540771484375,0,0,-158.5540771484375,0,-0.00482969402349429,0,-0.0048,0,0,-24
2511.125,0,158.55026245117188,0,-0.030517578125,-158.55026245117188,0,-0.0048292588438042326,0,-0.0052,0,0,-24
2511.25,0,158.5540771484375,0,0.030517578125,-158.5540771484375,0,-0.0048296907361807008,0,-0.0058,0,0,-24
2511.375,0,158.55026245117188,0,-0.030517578125,-158.55026245117188,0,-0.004829255617820551,0,-0.0044,0,0,-24
2511.5,0,158.55026245117188,0,0,-158.55026245117188,0,-0.0048292570099438071,0,-0.004,0,0,-24
2511.625,0,158.54263305664063,0,-0.06103515625,-158.54263305664063,0,-0.0048283972552170254,0,-0.005,0,0,-24
2511.75,0,158.54644775390625,0,0.030517578125,-158.54644775390625,0,-0.0048288408863381956,0,-0.0038,0,0,-24
2511.875,0,158.54644775390625,0,0,-158.54644775390625,0,-0.0048288478481572708,0,-0.0048,0,0,-24
2512,0,158.54644775390625,0,0,-158.54644775390625,0,-0.0048288546800928679,0,-0.0048,0,0,-24
2512.125,0,158.55026245117188,0,0.030517578125,-158.55026245117188,0,-0.0048292919450070772,0,-0.0034,0,0,-24
2512.25,0,158.54263305664063,0,-0.06103515625,-158.54263305664063,0,-0.00482843153851278,0,-0.005,0,0,-24
2512.375,0,158.55026245117188,0,0.06103515625,-158.55026245117188,0,-0.0048293050904650763,0,-0.004,0,0,-24
2512.5,0,158.55026245117188,0,0,-158.55026245117188,0,-0.0048293055595998047,0,-0.0052,0,0,-24
2512.625,0,158.5540771484375,0,0.030517578125,-158.5540771484375,0,-0.0048297365804210171,0,-0.0048,0,0,-24
2512.75,0,158.55026245117188,0,-0.030517578125,-158.55026245117188,0,-0.00482930060676582,0,-0.0048,0,0,-24
2512.875,0,158.54644775390625,0,-0.030517578125,-158.54644775390625,0,-0.004828870599111963,0,-0.005,0,0,-24
2513,0,158.54644775390625,0,0,-158.54644775390625,0,-0.0048288770065933921,0,-0.0042,0,0,-24
2513.125,0,158.54263305664063,0,-0.030517578125,-158.54263305664063,0,-0.0048284527340944506,0,-0.0046,0,0,-24
2513.25,0,158.54644775390625,0,0.030517578125,-158.54644775390625,0,-0.00482889533017155,0,-0.0046,0,0,-24
2513.375,0,158.54644775390625,0,0,-158.54644775390625,0,-0.0048289012762568993,0,-0.0042,0,0,-24
2513.5,0,158.5540771484375,0,0.06103515625,-158.5540771484375,0,-0.00482976823228668,0,-0.0044,0,0,-24
2513.625,0,158.55026245117188,0,-0.030517578125,-158.55026245117188,0,-0.0048293316681170852,0,-0.0048,0,0,-24
2513.75,0,158.55789184570313,0,0.06103515625,-158.55789184570313,0,-0.0048301927622825354,0,-0.0046,0,0,-24
2513.875,0,158.55026245117188,0,-0.06103515625,-158.55026245117188,0,-0.0048293198851718172,0,-0.0042,0,0,-24
2514,0,158.55026245117188,0,0,-158.55026245117188,0,-0.0048293200782884606,0,-0.0046,0,0,-24
2514.125,0,158.5540771484375,0,0.030517578125,-158.5540771484375,0,-0.0048297508282411318,0,-0.0044,0,0,-24
2514.25,0,158.55026245117188,0,-0.030517578125,-158.55026245117188,0,-0.0048293145887708631,0,-0.004,0,0,-24
2514.375,0,158.55026245117188,0,0,-158.55026245117188,0,-0.0048293148807000393,0,-0.0042,0,0,-24
2514.5,0,158.5540771484375,0,0.030517578125,-158.5540771484375,0,-0.0048297457276217431,0,-0.0056,0,0,-24
2514.625,0,158.5540771484375,0,0,-158.5540771484375,0,-0.0048297401437503171,0,-0.0054,0,0,-24
2514.75,0,158.5540771484375,0,0,-158.5540771484375,0,-0.0048297346640546295,0,-0.0048,0,0,-24
2514.875,0,158.54263305664063,0,-0.091552734375,-158.54263305664063,0,-0.0048284376052743746,0,-0.004,0,0,-24
2515,0,158.55026245117188,0,0.06103515625,-158.55026245117188,0,-0.0048293110440418719,0,-0.0046,0,0,-24
2515.125,0,158.54644775390625,0,-0.030517578125,-158.54644775390625,0,-0.0048288808416645243,0,-0.0046,0,0,-24
2515.25,0,158.5540771484375,0,0.06103515625,-158.5540771484375,0,-0.00482974817893316,0,-0.004,0,0,-24
2515.375,0,158.5540771484375,0,0,-158.5540771484375,0,-0.0048297425493287367,0,-0.0064,0,0,-24
2515.5,0,158.55026245117188,0,-0.030517578125,-158.55026245117188,0,-0.0048293064643143545,0,-0.005,0,0,-24
2515.625,0,158.54644775390625,0,-0.030517578125,-158.54644775390625,0,-0.0048288763473788915,0,-0.0052,0,0,-24
2515.75,0,158.5540771484375,0,0.06103515625,-158.5540771484375,0,-0.00482974376849536,0,-0.0044,0,0,-24
2515.875,0,158.55026245117188,0,-0.030517578125,-158.55026245117188,0,-0.0048293076607355441,0,-0.005,0,0,-24
2516,0,158.54644775390625,0,-0.030517578125,-158.54644775390625,0,-0.0048288775214789968,0,-0.0046,0,0,-24
2516.125,0,158.55026245117188,0,0.030517578125,-158.55026245117188,0,-0.0048293143602519,0,-0.004,0,0,-24
2516.25,0,158.54644775390625,0,-0.030517578125,-158.54644775390625,0,-0.0048288840960055372,0,-0.005,0,0,-24
2516.375,0,158.5540771484375,0,0.06103515625,-158.5540771484375,0,-0.0048297513725594193,0,-0.0046,0,0,-24
2516.5,0,158.55789184570313,0,0.030517578125,-158.55789184570313,0,-0.0048301762438118867,0,-0.0048,0,0,-24
2516.625,0,158.55026245117188,0,-0.06103515625,-158.55026245117188,0,-0.0048293036748787294,0,-0.0044,0,0,-24
2516.75,0,158.54644775390625,0,-0.030517578125,-158.54644775390625,0,-0.0048288736099844918,0,-0.0054,0,0,-24
2516.875,0,158.55789184570313,0,0.091552734375,-158.55789184570313,0,-0.0048301716426101945,0,-0.005,0,0,-24
2517,0,158.55026245117188,0,-0.06103515625,-158.55026245117188,0,-0.0048292991595195551,0,-0.0048,0,0,-24
2517.125,0,158.55026245117188,0,0,-158.55026245117188,0,-0.0048292997393052242,0,-0.0042,0,0,-24
2517.25,0,158.55789184570313,0,0.06103515625,-158.55789184570313,0,-0.0048301614291519305,0,-0.0048,0,0,-24
2517.375,0,158.55026245117188,0,-0.06103515625,-158.55026245117188,0,-0.004829289136609116,0,-0.0048,0,0,-24
2517.5,0,158.54644775390625,0,-0.030517578125,-158.54644775390625,0,-0.0048288593429487332,0,-0.005,0,0,-24
2517.625,0,158.55026245117188,0,0.030517578125,-158.55026245117188,0,-0.0048292965208701711,0,-0.0034,0,0,-24
2517.75,0,158.5540771484375,0,0.030517578125,-158.5540771484375,0,-0.0048297277103228333,0,-0.0046,0,0,-24
2517.875,0,158.55789184570313,0,0.030517578125,-158.55789184570313,0,-0.0048301530230308387,0,-0.0046,0,0,-24
2518,0,158.55026245117188,0,-0.06103515625,-158.55026245117188,0,-0.004829280887317185,0,-0.0046,0,0,-24
2518.125,0,158.5540771484375,0,0.030517578125,-158.5540771484375,0,-0.0048297123684379033,0,-0.0052,0,0,-24
2518.25,0,158.5540771484375,0,0,-158.5540771484375,0,-0.00482970740693353,0,-0.0042,0,0,-24
2518.375,0,158.5540771484375,0,0,-158.5540771484375,0,-0.0048297025379936773,0,-0.0052,0,0,-24
2518.5,0,158.55026245117188,0,-0.030517578125,-158.55026245117188,0,-0.0048292671994524944,0,-0.0044,0,0,-24
2518.625,0,158.5540771484375,0,0.030517578125,-158.5540771484375,0,-0.0048296989359414505,0,-0.0054,0,0,-24
2518.75,0,158.5540771484375,0,0,-158.5540771484375,0,-0.0048296942250410273,0,-0.0048,0,0,-24
2518.875,0,158.5540771484375,0,0,-158.5540771484375,0,-0.0048296896020297211,0,-0.0052,0,0,-24
2519,0,158.55026245117188,0,-0.030517578125,-158.55026245117188,0,-0.0048292545048289085,0,-0.0044,0,0,-24
2519.125,0,158.5540771484375,0,0.030517578125,-158.5540771484375,0,-0.0048296864781556571,0,-0.0054,0,0,-24
2519.25,0,158.538818359375,0,-0.1220703125,-158.538818359375,0,-0.0048279597579187891,0,-0.0046,0,0,-24
2519.375,0,158.55026245117188,0,0.091552734375,-158.55026245117188,0,-0.0048292705043450354,0,-0.0038,0,0,-24
2519.5,0,158.5540771484375,0,0.030517578125,-158.5540771484375,0,-0.0048297021791761209,0,-0.0044,0,0,-24
2519.625,0,158.5540771484375,0,0,-158.5540771484375,0,-0.00482969740776815,0,-0.0042,0,0,-24
2519.75,0,158.5540771484375,0,0,-158.5540771484375,0,-0.0048296927253781577,0,-0.0066,0,0,-24
2519.875,0,158.5540771484375,0,0,-158.5540771484375,0,-0.0048296881303453764,0,-0.0036,0,0,-24
2520,0,158.55789184570313,0,0.030517578125,-158.55789184570313,0,-0.0048301141814789394,0,-0.0046,0,0,-24
2520.125,0,158.55026245117188,0,-0.06103515625,-158.55026245117188,0,-0.0048292427704143747,0,-0.004,0,0,-24
2520.25,0,158.55026245117188,0,0,-158.55026245117188,0,-0.0048292444022258185,0,-0.0052,0,0,-24
2520.375,0,158.5540771484375,0,0.030517578125,-158.5540771484375,0,-0.0048296765640322183,0,-0.0062,0,0,-24
2520.5,0,158.55026245117188,0,-0.030517578125,-158.55026245117188,0,-0.004829241710075368,0,-0.005,0,0,-24
2520.625,0,158.55026245117188,0,0,-158.55026245117188,0,-0.0048292433616690719,0,-0.0044,0,0,-24
2520.75,0,158.55026245117188,0,0,-158.55026245117188,0,-0.0048292449824497465,0,-0.005,0,0,-24
2520.875,0,158.55789184570313,0,0.06103515625,-158.55789184570313,0,-0.00483010769387009,0,-0.0048,0,0,-24
2521,0,158.54644775390625,0,-0.091552734375,-158.54644775390625,0,-0.0048288058434029666,0,-0.0044,0,0,-24
2521.125,0,158.55026245117188,0,0.030517578125,-158.55026245117188,0,-0.0048292440194409886,0,-0.0046,0,0,-24
2521.25,0,158.5540771484375,0,0.030517578125,-158.5540771484375,0,-0.0048296761883888295,0,-0.0056,0,0,-24
2521.375,0,158.54644775390625,0,-0.06103515625,-158.54644775390625,0,-0.0048288107810012734,0,-0.005,0,0,-24
2521.5,0,158.5540771484375,0,0.06103515625,-158.5540771484375,0,-0.0048296794253596962,0,-0.0048,0,0,-24
2521.625,0,158.55026245117188,0,-0.030517578125,-158.55026245117188,0,-0.004829244518020367,0,-0.0044,0,0,-24
2521.75,0,158.55026245117188,0,0,-158.55026245117188,0,-0.0048292461172275234,0,-0.0042,0,0,-24
2521.875,0,158.54644775390625,0,-0.030517578125,-158.54644775390625,0,-0.0048288171261600893,0,-0.0056,0,0,-24
2522,0,158.54644775390625,0,0,-158.54644775390625,0,-0.0048288245312619526,0,-0.005,0,0,-24
2522.125,0,158.54644775390625,0,0,-158.54644775390625,0,-0.0048288317982102136,0,-0.0046,0,0,-24
2522.25,0,158.54263305664063,0,-0.030517578125,-158.54263305664063,0,-0.0048284083691434243,0,-0.0048,0,0,-24
2522.375,0,158.55026245117188,0,0.06103515625,-158.55026245117188,0,-0.00482928235335606,0,-0.0056,0,0,-24
2522.5,0,158.55026245117188,0,0,-158.55026245117188,0,-0.0048292832466866444,0,-0.0048,0,0,-24
2522.625,0,158.54644775390625,0,-0.030517578125,-158.54644775390625,0,-0.0048288535629118544,0,-0.0044,0,0,-24
2522.75,0,158.54644775390625,0,0,-158.54644775390625,0,-0.0048288602882298861,0,-0.0052,0,0,-24
2522.875,0,158.54644775390625,0,0,-158.54644775390625,0,-0.0048288668880767322,0,-0.0042,0,0,-24
2523,0,158.54644775390625,0,0,-158.54644775390625,0,-0.00482887336479325,0,-0.0042,0,0,-24
2523.125,0,158.54644775390625,0,0,-158.54644775390625,0,-0.0048288797206766272,0,-0.0044,0,0,-24
2523.25,0,158.55026245117188,0,0.030517578125,-158.55026245117188,0,-0.0048293165184201048,0,-0.0042,0,0,-24
2523.375,0,158.55026245117188,0,0,-158.55026245117188,0,-0.0048293167743486964,0,-0.0042,0,0,-24
2523.5,0,158.54644775390625,0,-0.030517578125,-158.54644775390625,0,-0.0048288864650636327,0,-0.0042,0,0,-24
2523.625,0,158.5540771484375,0,0.06103515625,-158.5540771484375,0,-0.00482975369741908,0,-0.0044,0,0,-24
2523.75,0,158.55026245117188,0,-0.030517578125,-158.55026245117188,0,-0.00482931740441987,0,-0.0054,0,0,-24
2523.875,0,158.54644775390625,0,-0.030517578125,-158.54644775390625,0,-0.0048288870833798556,0,-0.0046,0,0,-24
2524,0,158.55026245117188,0,0.030517578125,-158.55026245117188,0,-0.004829323743760743,0,-0.0054,0,0,-24
2524.125,0,158.55026245117188,0,0,-158.55026245117188,0,-0.0048293238648894551,0,-0.0044,0,0,-24
2524.25,0,158.55026245117188,0,0,-158.55026245117188,0,-0.0048293239837583248,0,-0.0046,0,0,-24
2524.375,0,158.54644775390625,0,-0.030517578125,-158.54644775390625,0,-0.0048288935399705985,0,-0.0044,0,0,-24
2524.5,0,158.54263305664063,0,-0.030517578125,-158.54263305664063,0,-0.0048284689590159923,0,-0.005,0,0,-24
2524.625,0,158.5540771484375,0,0.091552734375,-158.5540771484375,0,-0.0048297723732699726,0,-0.0054,0,0,-24
2524.75,0,158.55026245117188,0,-0.030517578125,-158.55026245117188,0,-0.0048293357318439437,0,-0.0048,0,0,-24
2524.875,0,158.54644775390625,0,-0.030517578125,-158.54644775390625,0,-0.0048289050688775518,0,-0.0046,0,0,-24
2525,0,158.55026245117188,0,0.030517578125,-158.55026245117188,0,-0.0048293413937112251,0,-0.0052,0,0,-24
2525.125,0,158.54644775390625,0,-0.030517578125,-158.54644775390625,0,-0.004828910625113962,0,-0.005,0,0,-24
2525.25,0,158.55026245117188,0,0.030517578125,-158.55026245117188,0,-0.0048293468462874706,0,-0.0054,0,0,-24
2525.375,0,158.55026245117188,0,0,-158.55026245117188,0,-0.004829346536402896,0,-0.0048,0,0,-24
2525.5,0,158.55026245117188,0,0,-158.55026245117188,0,-0.0048293462322996968,0,-0.0042,0,0,-24
2525.625,0,158.54644775390625,0,-0.030517578125,-158.54644775390625,0,-0.004828915373431099,0,-0.0044,0,0,-24
2525.75,0,158.54644775390625,0,0,-158.54644775390625,0,-0.0048289209455785109,0,-0.004,0,0,-24
2525.875,0,158.54644775390625,0,0,-158.54644775390625,0,-0.004828926413768914,0,-0.0042,0,0,-24
2526,0,158.54263305664063,0,-0.030517578125,-158.54263305664063,0,-0.0048285012195028705,0,-0.0044,0,0,-24
2526.125,0,158.54644775390625,0,0.030517578125,-158.54644775390625,0,-0.0048289429110098554,0,-0.004,0,0,-24
2526.25,0,158.5540771484375,0,0.06103515625,-158.5540771484375,0,-0.0048298090902790707,0,-0.0044,0,0,-24
2526.375,0,158.5540771484375,0,0,-158.5540771484375,0,-0.0048298023242794941,0,-0.0052,0,0,-24
2526.5,0,158.55026245117188,0,-0.030517578125,-158.55026245117188,0,-0.0048293651240711635,0,-0.0054,0,0,-24
2526.625,0,158.55026245117188,0,0,-158.55026245117188,0,-0.0048293644731863287,0,-0.0054,0,0,-24
2526.75,0,158.5540771484375,0,0.030517578125,-158.5540771484375,0,-0.0048297943948836719,0,-0.0042,0,0,-24
2526.875,0,158.54263305664063,0,-0.091552734375,-158.54263305664063,0,-0.0048284962217326269,0,-0.0044,0,0,-24
2527,0,158.55026245117188,0,0.06103515625,-158.55026245117188,0,-0.0048293685669196411,0,-0.0056,0,0,-24
2527.125,0,158.55026245117188,0,0,-158.55026245117188,0,-0.0048293678518031551,0,-0.0052,0,0,-24
2527.25,0,158.54263305664063,0,-0.06103515625,-158.54263305664063,0,-0.0048285060291504414,0,-0.0052,0,0,-24
2527.375,0,158.54644775390625,0,0.030517578125,-158.54644775390625,0,-0.0048289476309260285,0,-0.004,0,0,-24
2527.5,0,158.55026245117188,0,0.030517578125,-158.55026245117188,0,-0.0048293831616990079,0,-0.0042,0,0,-24
2527.625,0,158.54644775390625,0,-0.030517578125,-158.54644775390625,0,-0.0048289516138554775,0,-0.0046,0,0,-24
2527.75,0,158.55026245117188,0,0.030517578125,-158.55026245117188,0,-0.0048293870703207615,0,-0.0052,0,0,-24
2527.875,0,158.5540771484375,0,0.030517578125,-158.5540771484375,0,-0.0048298165704336905,0,-0.004,0,0,-24
2528,0,158.54644775390625,0,-0.06103515625,-158.54644775390625,0,-0.0048289485440024564,0,-0.005,0,0,-24
2528.125,0,158.55026245117188,0,0.030517578125,-158.55026245117188,0,-0.0048293840577405857,0,-0.0044,0,0,-24
2528.25,0,158.54644775390625,0,-0.030517578125,-158.54644775390625,0,-0.0048289524931800169,0,-0.0038,0,0,-24
2528.375,0,158.54644775390625,0,0,-158.54644775390625,0,-0.0048289573728012318,0,-0.004,0,0,-24
2528.5,0,158.54644775390625,0,0,-158.54644775390625,0,-0.0048289621613855829,0,-0.0046,0,0,-24
2528.625,0,158.54644775390625,0,0,-158.54644775390625,0,-0.0048289668606315032,0,-0.0056,0,0,-24
2528.75,0,158.55026245117188,0,0.030517578125,-158.55026245117188,0,-0.0048294020326446526,0,-0.0044,0,0,-24
2528.875,0,158.55026245117188,0,0,-158.55026245117188,0,-0.0048294006931734242,0,-0.0046,0,0,-24
2529,0,158.55026245117188,0,0,-158.55026245117188,0,-0.0048293993786920984,0,-0.0058,0,0,-24
2529.125,0,158.55026245117188,0,0,-158.55026245117188,0,-0.00482939808873445,0,-0.0046,0,0,-24
2529.25,0,158.5540771484375,0,0.030517578125,-158.5540771484375,0,-0.004829827383281869,0,-0.005,0,0,-24
2529.375,0,158.55026245117188,0,-0.030517578125,-158.55026245117188,0,-0.0048293897155591795,0,-0.0036,0,0,-24
2529.5,0,158.5540771484375,0,0.030517578125,-158.5540771484375,0,-0.0048298191663211044,0,-0.0038,0,0,-24
2529.625,0,158.55026245117188,0,-0.030517578125,-158.55026245117188,0,-0.0048293816518984976,0,-0.005,0,0,-24
2529.75,0,158.5540771484375,0,0.030517578125,-158.5540771484375,0,-0.0048298112531004562,0,-0.0058,0,0,-24
2529.875,0,158.54644775390625,0,-0.06103515625,-158.54644775390625,0,-0.0048289433258722793,0,-0.005,0,0,-24
2530,0,158.54644775390625,0,0,-158.54644775390625,0,-0.0048289483765237666,0,-0.0048,0,0,-24
2530.125,0,158.5540771484375,0,0.06103515625,-158.5540771484375,0,-0.0048298144538253861,0,-0.0048,0,0,-24
2530.25,0,158.5540771484375,0,0,-158.5540771484375,0,-0.0048298075877605765,0,-0.005,0,0,-24
2530.375,0,158.5540771484375,0,0,-158.5540771484375,0,-0.0048298008497928008,0,-0.004,0,0,-24
2530.5,0,158.54644775390625,0,-0.06103515625,-158.54644775390625,0,-0.004828933116654382,0,-0.0054,0,0,-24
2530.625,0,158.5540771484375,0,0.06103515625,-158.5540771484375,0,-0.0048297994786524129,0,-0.0044,0,0,-24
2530.75,0,158.54263305664063,0,-0.091552734375,-158.54263305664063,0,-0.0048285012106558172,0,-0.0048,0,0,-24
2530.875,0,158.55026245117188,0,0.06103515625,-158.55026245117188,0,-0.0048293734627667707,0,-0.0046,0,0,-24
2531,0,158.55026245117188,0,0,-158.55026245117188,0,-0.0048293726563107013,0,-0.0044,0,0,-24
2531.125,0,158.54644775390625,0,-0.030517578125,-158.54644775390625,0,-0.0048289413044614012,0,-0.0048,0,0,-24
2531.25,0,158.54644775390625,0,0,-158.54644775390625,0,-0.0048289463928254273,0,-0.0042,0,0,-24
2531.375,0,158.55026245117188,0,0.030517578125,-158.55026245117188,0,-0.0048293819466970834,0,-0.0058,0,0,-24
2531.5,0,158.55026245117188,0,0,-158.55026245117188,0,-0.0048293809819602027,0,-0.0046,0,0,-24
2531.625,0,158.55026245117188,0,0,-158.55026245117188,0,-0.0048293800352219767,0,-0.0044,0,0,-24
2531.75,0,158.5540771484375,0,0.030517578125,-158.5540771484375,0,-0.00482980966658553,0,-0.0048,0,0,-24
2531.875,0,158.54263305664063,0,-0.091552734375,-158.54263305664063,0,-0.00482851120851732,0,-0.0042,0,0,-24
2532,0,158.54644775390625,0,0.030517578125,-158.54644775390625,0,-0.004828952713663826,0,-0.0048,0,0,-24
2532.125,0,158.55026245117188,0,0.030517578125,-158.55026245117188,0,-0.0048293881496104885,0,-0.0048,0,0,-24
2532.25,0,158.54644775390625,0,-0.030517578125,-158.54644775390625,0,-0.0048289565087097728,0,-0.005,0,0,-24
2532.375,0,158.55026245117188,0,0.030517578125,-158.55026245117188,0,-0.0048293918738539967,0,-0.0046,0,0,-24
2532.5,0,158.55789184570313,0,0.06103515625,-158.55789184570313,0,-0.0048302518447885176,0,-0.0044,0,0,-24
2532.625,0,158.54644775390625,0,-0.091552734375,-158.54644775390625,0,-0.0048289473049635641,0,-0.0048,0,0,-24
2532.75,0,158.55026245117188,0,0.030517578125,-158.55026245117188,0,-0.0048293828418178759,0,-0.0044,0,0,-24
2532.875,0,158.54644775390625,0,-0.030517578125,-158.54644775390625,0,-0.0048289512999422218,0,-0.0056,0,0,-24
2533,0,158.54644775390625,0,0,-158.54644775390625,0,-0.0048289562018251292,0,-0.006,0,0,-24
2533.125,0,158.55026245117188,0,0.030517578125,-158.55026245117188,0,-0.0048293915726947594,0,-0.0042,0,0,-24
2533.25,0,158.5540771484375,0,0.030517578125,-158.5540771484375,0,-0.0048298209888089543,0,-0.0046,0,0,-24
2533.375,0,158.55026245117188,0,-0.030517578125,-158.55026245117188,0,-0.0048293834403850249,0,-0.005,0,0,-24
2533.5,0,158.55026245117188,0,0,-158.55026245117188,0,-0.00482938244778109,0,-0.0038,0,0,-24
2533.625,0,158.55026245117188,0,0,-158.55026245117188,0,-0.0048293814736957135,0,-0.0036,0,0,-24
2533.75,0,158.55026245117188,0,0,-158.55026245117188,0,-0.0048293805177834033,0,-0.004,0,0,-24
2533.875,0,158.55026245117188,0,0,-158.55026245117188,0,-0.004829379579705112,0,-0.0056,0,0,-24
2534,0,158.54644775390625,0,-0.030517578125,-158.54644775390625,0,-0.0048289480986892057,0,-0.0054,0,0,-24
2534.125,0,158.55026245117188,0,0.030517578125,-158.55026245117188,0,-0.0048293836207353412,0,-0.005,0,0,-24
2534.25,0,158.54644775390625,0,-0.030517578125,-158.54644775390625,0,-0.00482895206432778,0,-0.0052,0,0,-24
2534.375,0,158.55026245117188,0,0.030517578125,-158.55026245117188,0,-0.0048293875123888086,0,-0.0054,0,0,-24
2534.5,0,158.54644775390625,0,-0.030517578125,-158.54644775390625,0,-0.004828955883376446,0,-0.0054,0,0,-24
2534.625,0,158.55026245117188,0,0.030517578125,-158.55026245117188,0,-0.0048293912601872274,0,-0.0054,0,0,-24
2534.75,0,158.55026245117188,0,0,-158.55026245117188,0,-0.0048293901216928158,0,-0.0036,0,0,-24
2534.875,0,158.54644775390625,0,-0.030517578125,-158.54644775390625,0,-0.0048289584439998607,0,-0.0044,0,0,-24
2535,0,158.54644775390625,0,0,-158.54644775390625,0,-0.0048289632125993482,0,-0.0038,0,0,-24
2535.125,0,158.54263305664063,0,-0.030517578125,-158.54263305664063,0,-0.0048285373317943367,0,-0.0046,0,0,-24
2535.25,0,158.55026245117188,0,0.06103515625,-158.55026245117188,0,-0.0048294089100097111,0,-0.0052,0,0,-24
2535.375,0,158.5540771484375,0,0.030517578125,-158.5540771484375,0,-0.0048298380026695412,0,-0.0044,0,0,-24
2535.5,0,158.54644775390625,0,-0.06103515625,-158.54644775390625,0,-0.0048289695763868738,0,-0.0056,0,0,-24
2535.625,0,158.55026245117188,0,0.030517578125,-158.55026245117188,0,-0.004829404697733416,0,-0.0046,0,0,-24
2535.75,0,158.54644775390625,0,-0.030517578125,-158.54644775390625,0,-0.00482897274810193,0,-0.0048,0,0,-24
2535.875,0,158.5540771484375,0,0.06103515625,-158.5540771484375,0,-0.00482983837071415,0,-0.004,0,0,-24
2536,0,158.55026245117188,0,-0.030517578125,-158.55026245117188,0,-0.004829400498003956,0,-0.005,0,0,-24
2536.125,0,158.54263305664063,0,-0.06103515625,-158.54263305664063,0,-0.0048285380662859874,0,-0.005,0,0,-24
2536.25,0,158.5540771484375,0,0.091552734375,-158.5540771484375,0,-0.0048298401912372033,0,-0.004,0,0,-24
2536.375,0,158.54644775390625,0,-0.06103515625,-158.54644775390625,0,-0.0048289717241234292,0,-0.0044,0,0,-24
2536.5,0,158.54644775390625,0,0,-158.54644775390625,0,-0.004828976244961718,0,-0.0046,0,0,-24
2536.625,0,158.55026245117188,0,0.030517578125,-158.55026245117188,0,-0.0048294112418957053,0,-0.0054,0,0,-24
2536.75,0,158.54644775390625,0,-0.030517578125,-158.54644775390625,0,-0.004828979170172774,0,-0.0048,0,0,-24
2536.875,0,158.55026245117188,0,0.030517578125,-158.55026245117188,0,-0.0048294141125324354,0,-0.0042,0,0,-24
2537,0,158.54644775390625,0,-0.030517578125,-158.54644775390625,0,-0.0048289819872533455,0,-0.0048,0,0,-24
2537.125,0,158.5540771484375,0,0.06103515625,-158.5540771484375,0,-0.0048298474374949378,0,-0.0048,0,0,-24
2537.25,0,158.55026245117188,0,-0.030517578125,-158.55026245117188,0,-0.0048294093956299565,0,-0.0036,0,0,-24
2537.375,0,158.54644775390625,0,-0.030517578125,-158.54644775390625,0,-0.0048289773583519617,0,-0.0054,0,0,-24
2537.5,0,158.5540771484375,0,0.06103515625,-158.5540771484375,0,-0.0048298428949528531,0,-0.004,0,0,-24
2537.625,0,158.55026245117188,0,-0.030517578125,-158.55026245117188,0,-0.0048294049378360049,0,-0.005,0,0,-24
2537.75,0,158.55026245117188,0,0,-158.55026245117188,0,-0.0048294035441639486,0,-0.0054,0,0,-24
2537.875,0,158.5540771484375,0,0.030517578125,-158.5540771484375,0,-0.0048298327369319114,0,-0.0056,0,0,-24
2538,0,158.54644775390625,0,-0.06103515625,-158.54644775390625,0,-0.0048289644088897058,0,-0.0044,0,0,-24
2538.125,0,158.54644775390625,0,0,-158.54644775390625,0,-0.0048289690662049684,0,-0.005,0,0,-24
2538.25,0,158.5540771484375,0,0.06103515625,-158.5540771484375,0,-0.0048298347575086572,0,-0.0044,0,0,-24
2538.375,0,158.54644775390625,0,-0.06103515625,-158.54644775390625,0,-0.0048289663917694741,0,-0.0054,0,0,-24
2538.5,0,158.55026245117188,0,0.030517578125,-158.55026245117188,0,-0.0048294015725299675,0,-0.005,0,0,-24
2538.625,0,158.54644775390625,0,-0.030517578125,-158.54644775390625,0,-0.004828969681203975,0,-0.0058,0,0,-24
2538.75,0,158.54644775390625,0,0,-158.54644775390625,0,-0.0048289742401560788,0,-0.0048,0,0,-24
2538.875,0,158.55026245117188,0,0.030517578125,-158.55026245117188,0,-0.0048294092744928093,0,-0.0054,0,0,-24
2539,0,158.5540771484375,0,0.030517578125,-158.5540771484375,0,-0.0048298383603526448,0,-0.0054,0,0,-24
2539.125,0,158.538818359375,0,-0.1220703125,-158.538818359375,0,-0.0048281088065190141,0,-0.004,0,0,-24
2539.25,0,158.54644775390625,0,0.06103515625,-158.54644775390625,0,-0.0048289862117747049,0,-0.005,0,0,-24
2539.375,0,158.5540771484375,0,0.06103515625,-158.5540771484375,0,-0.0048298515832013323,0,-0.0044,0,0,-24
2539.5,0,158.55026245117188,0,-0.030517578125,-158.55026245117188,0,-0.004829413463991801,0,-0.0038,0,0,-24
2539.625,0,158.54644775390625,0,-0.030517578125,-158.54644775390625,0,-0.0048289813508122373,0,-0.0038,0,0,-24
2539.75,0,158.54644775390625,0,0,-158.54644775390625,0,-0.0048289856920497908,0,-0.0046,0,0,-24
2539.875,0,158.55026245117188,0,0.030517578125,-158.55026245117188,0,-0.0048294205127337722,0,-0.0048,0,0,-24
2540,0,158.5540771484375,0,0.030517578125,-158.5540771484375,0,-0.00482984938892688,0,-0.0054,0,0,-24
2540.125,0,158.5540771484375,0,0,-158.5540771484375,0,-0.0048298418710938417,0,-0.0048,0,0,-24
2540.25,0,158.55026245117188,0,-0.030517578125,-158.55026245117188,0,-0.0048294039330786633,0,-0.005,0,0,-24
2540.375,0,158.54644775390625,0,-0.030517578125,-158.54644775390625,0,-0.0048289719977129926,0,-0.0054,0,0,-24
2540.5,0,158.55026245117188,0,0.030517578125,-158.55026245117188,0,-0.004829407073885959,0,-0.004,0,0,-24
2540.625,0,158.54644775390625,0,-0.030517578125,-158.54644775390625,0,-0.0048289750799236815,0,-0.005,0,0,-24
2540.75,0,158.54644775390625,0,0,-158.54644775390625,0,-0.0048289795381543385,0,-0.005,0,0,-24
2540.875,0,158.54644775390625,0,0,-158.54644775390625,0,-0.0048289839132098222,0,-0.005,0,0,-24
2541,0,158.54644775390625,0,0,-158.54644775390625,0,-0.0048289882066418948,0,-0.005,0,0,-24
2541.125,0,158.55026245117188,0,0.030517578125,-158.55026245117188,0,-0.00482942298041228,0,-0.005,0,0,-24
2541.25,0,158.54644775390625,0,-0.030517578125,-158.54644775390625,0,-0.0048289906896892077,0,-0.0046,0,0,-24
2541.375,0,158.55026245117188,0,0.030517578125,-158.55026245117188,0,-0.0048294254171345136,0,-0.0042,0,0,-24
2541.5,0,158.55026245117188,0,0,-158.55026245117188,0,-0.0048294236413895407,0,-0.0056,0,0,-24
2541.625,0,158.5540771484375,0,0.030517578125,-158.5540771484375,0,-0.0048298524592127468,0,-0.005,0,0,-24
2541.75,0,158.55026245117188,0,-0.030517578125,-158.55026245117188,0,-0.00482941432365987,0,-0.0044,0,0,-24
2541.875,0,158.54644775390625,0,-0.030517578125,-158.54644775390625,0,-0.0048289821944418722,0,-0.006,0,0,-24
2542,0,158.55026245117188,0,0.030517578125,-158.55026245117188,0,-0.004829417080379126,0,-0.0046,0,0,-24
2542.125,0,158.55026245117188,0,0,-158.55026245117188,0,-0.0048294154601691893,0,-0.0052,0,0,-24
2542.25,0,158.55026245117188,0,0,-158.55026245117188,0,-0.0048294138701867693,0,-0.0044,0,0,-24
2542.375,0,158.5540771484375,0,0.030517578125,-158.5540771484375,0,-0.0048298428703068422,0,-0.0058,0,0,-24
2542.5,0,158.55026245117188,0,-0.030517578125,-158.55026245117188,0,-0.0048294049136498032,0,-0.004,0,0,-24
2542.625,0,158.55026245117188,0,0,-158.55026245117188,0,-0.0048294035204289772,0,-0.0048,0,0,-24
2542.75,0,158.538818359375,0,-0.091552734375,-158.538818359375,0,-0.0048281104718840891,0,-0.0056,0,0,-24
2542.875,0,158.54263305664063,0,0.030517578125,-158.54263305664063,0,-0.0048285572856309076,0,-0.0054,0,0,-24
2543,0,158.54263305664063,0,0,-158.54263305664063,0,-0.0048285673706988386,0,-0.005,0,0,-24
2543.125,0,158.54644775390625,0,0.030517578125,-158.54644775390625,0,-0.0048290078280531813,0,-0.0044,0,0,-24
2543.25,0,158.54263305664063,0,-0.030517578125,-158.54263305664063,0,-0.00482858111487803,0,-0.005,0,0,-24
2543.375,0,158.55026245117188,0,0.06103515625,-158.55026245117188,0,-0.0048294518762524137,0,-0.004,0,0,-24
2543.5,0,158.5540771484375,0,0.030517578125,-158.5540771484375,0,-0.0048298801673106826,0,-0.0058,0,0,-24
2543.625,0,158.54644775390625,0,-0.06103515625,-158.54644775390625,0,-0.0048290109543815685,0,-0.0046,0,0,-24
2543.75,0,158.5540771484375,0,0.06103515625,-158.5540771484375,0,-0.0048298758641966829,0,-0.004,0,0,-24
2543.875,0,158.54644775390625,0,-0.06103515625,-158.54644775390625,0,-0.004829006731548801,0,-0.0036,0,0,-24
2544,0,158.54644775390625,0,0,-158.54644775390625,0,-0.0048290105992695479,0,-0.0056,0,0,-24
2544.125,0,158.55026245117188,0,0.030517578125,-158.55026245117188,0,-0.0048294449552709088,0,-0.0042,0,0,-24
2544.25,0,158.5540771484375,0,0.030517578125,-158.5540771484375,0,-0.0048298733754507678,0,-0.005,0,0,-24
2544.375,0,158.55026245117188,0,-0.030517578125,-158.55026245117188,0,-0.0048294348496731943,0,-0.0054,0,0,-24
2544.5,0,158.54644775390625,0,-0.030517578125,-158.54644775390625,0,-0.0048290023375107431,0,-0.004,0,0,-24
2544.625,0,158.54644775390625,0,0,-158.54644775390625,0,-0.00482900628720905,0,-0.0042,0,0,-24
2544.75,0,158.55026245117188,0,0.030517578125,-158.55026245117188,0,-0.004829440723658554,0,-0.0044,0,0,-24
2544.875,0,158.54644775390625,0,-0.030517578125,-158.54644775390625,0,-0.0048290081019078416,0,-0.0048,0,0,-24
2545,0,158.54644775390625,0,0,-158.54644775390625,0,-0.0048290119440624257,0,-0.0054,0,0,-24
2545.125,0,158.55026245117188,0,0.030517578125,-158.55026245117188,0,-0.0048294462749746006,0,-0.0048,0,0,-24
2545.25,0,158.54263305664063,0,-0.06103515625,-158.54263305664063,0,-0.0048285829892166041,0,-0.0056,0,0,-24
2545.375,0,158.55026245117188,0,0.06103515625,-158.55026245117188,0,-0.00482945371562231,0,-0.0052,0,0,-24
2545.5,0,158.55026245117188,0,0,-158.55026245117188,0,-0.0048294514119253777,0,-0.0046,0,0,-24
2545.625,0,158.54644775390625,0,-0.030517578125,-158.54644775390625,0,-0.0048290185907685539,0,-0.0054,0,0,-24
2545.75,0,158.55026245117188,0,0.030517578125,-158.55026245117188,0,-0.0048294527976761687,0,-0.0038,0,0,-24
2545.875,0,158.55026245117188,0,0,-158.55026245117188,0,-0.0048294505111049386,0,-0.005,0,0,-24
2546,0,158.55026245117188,0,0,-158.55026245117188,0,-0.0048294482671932234,0,-0.004,0,0,-24
2546.125,0,158.55026245117188,0,0,-158.55026245117188,0,-0.0048294460651451439,0,-0.0048,0,0,-24
2546.25,0,158.54644775390625,0,-0.030517578125,-158.54644775390625,0,-0.0048290133437407564,0,-0.0058,0,0,-24
2546.375,0,158.54644775390625,0,0,-158.54644775390625,0,-0.0048290170881008588,0,-0.004,0,0,-24
2546.5,0,158.55026245117188,0,0.030517578125,-158.55026245117188,0,-0.0048294513230430587,0,-0.0054,0,0,-24
2546.625,0,158.54644775390625,0,-0.030517578125,-158.54644775390625,0,-0.0048290185035444718,0,-0.005,0,0,-24
2546.75,0,158.54644775390625,0,0,-158.54644775390625,0,-0.0048290221516404733,0,-0.0044,0,0,-24
2546.875,0,158.55026245117188,0,0.030517578125,-158.55026245117188,0,-0.0048294562921145272,0,-0.0052,0,0,-24
2547,0,158.54644775390625,0,-0.030517578125,-158.54644775390625,0,-0.0048290233799102439,0,-0.004,0,0,-24
2547.125,0,158.55026245117188,0,0.030517578125,-158.55026245117188,0,-0.00482945749746903,0,-0.0056,0,0,-24
2547.25,0,158.55026245117188,0,0,-158.55026245117188,0,-0.0048294551232159122,0,-0.0034,0,0,-24
2547.375,0,158.54644775390625,0,-0.030517578125,-158.54644775390625,0,-0.0048290222328192366,0,-0.006,0,0,-24
2547.5,0,158.54644775390625,0,0,-158.54644775390625,0,-0.0048290258113398623,0,-0.0044,0,0,-24
2547.625,0,158.55026245117188,0,0.030517578125,-158.55026245117188,0,-0.0048294598835365767,0,-0.0042,0,0,-24
2547.75,0,158.54644775390625,0,-0.030517578125,-158.54644775390625,0,-0.0048290269043287735,0,-0.005,0,0,-24
2547.875,0,158.55026245117188,0,0.030517578125,-158.55026245117188,0,-0.0048294609561340936,0,-0.0048,0,0,-24
2548,0,158.55026245117188,0,0,-158.55026245117188,0,-0.0048294585173542411,0,-0.0042,0,0,-24
2548.125,0,158.55026245117188,0,0,-158.55026245117188,0,-0.00482945612407359,0,-0.0042,0,0,-24
2548.25,0,158.54644775390625,0,-0.030517578125,-158.54644775390625,0,-0.00482902321500437,0,-0.0048,0,0,-24
2548.375,0,158.55026245117188,0,0.030517578125,-158.55026245117188,0,-0.00482945733563973,0,-0.0046,0,0,-24
2548.5,0,158.54644775390625,0,-0.030517578125,-158.54644775390625,0,-0.0048290244039668742,0,-0.0052,0,0,-24
2548.625,0,158.55026245117188,0,0.030517578125,-158.55026245117188,0,-0.0048294585024203033,0,-0.0046,0,0,-24
2548.75,0,158.54644775390625,0,-0.030517578125,-158.54644775390625,0,-0.0048290255489793548,0,-0.0048,0,0,-24
2548.875,0,158.55026245117188,0,0.030517578125,-158.55026245117188,0,-0.0048294596260708093,0,-0.0048,0,0,-24
2549,0,158.55026245117188,0,0,-158.55026245117188,0,-0.00482945721210534,0,-0.0046,0,0,-24
2549.125,0,158.55026245117188,0,0,-158.55026245117188,0,-0.0048294548431761213,0,-0.0048,0,0,-24
2549.25,0,158.5540771484375,0,0.030517578125,-158.5540771484375,0,-0.00482988307888185,0,-0.0052,0,0,-24
2549.375,0,158.55026245117188,0,-0.030517578125,-158.55026245117188,0,-0.0048294443720717957,0,-0.0062,0,0,-24
2549.5,0,158.55026245117188,0,0,-158.55026245117188,0,-0.0048294422426932177,0,-0.0054,0,0,-24
2549.625,0,158.55026245117188,0,0,-158.55026245117188,0,-0.0048294401530414831,0,-0.0052,0,0,-24
2549.75,0,158.54644775390625,0,-0.030517578125,-158.54644775390625,0,-0.0048290075419365128,0,-0.0054,0,0,-24
2549.875,0,158.55026245117188,0,0.030517578125,-158.55026245117188,0,-0.0048294419549771393,0,-0.0038,0,0,-24
2550,0,158.55026245117188,0,0,-158.55026245117188,0,-0.0048294398706931916,0,-0.0056,0,0,-24
2550.125,0,158.54644775390625,0,-0.030517578125,-158.54644775390625,0,-0.0048290072648558644,0,-0.0044,0,0,-24
2550.25,0,158.55026245117188,0,0.030517578125,-158.55026245117188,0,-0.0048294416830658576,0,-0.005,0,0,-24
2550.375,0,158.55026245117188,0,0,-158.55026245117188,0,-0.0048294396038548347,0,-0.005,0,0,-24
2550.5,0,158.54644775390625,0,-0.030517578125,-158.54644775390625,0,-0.0048290070029957883,0,-0.0038,0,0,-24
2550.625,0,158.54644775390625,0,0,-158.54644775390625,0,-0.0048290108656522729,0,-0.0044,0,0,-24
2550.75,0,158.5540771484375,0,0.06103515625,-158.5540771484375,0,-0.00482987577712277,0,-0.0044,0,0,-24
2550.875,0,158.55026245117188,0,-0.030517578125,-158.55026245117188,0,-0.0048294372065382993,0,-0.0044,0,0,-24
2551,0,158.55026245117188,0,0,-158.55026245117188,0,-0.0048294352108438059,0,-0.005,0,0,-24
2551.125,0,158.55026245117188,0,0,-158.55026245117188,0,-0.0048294332523820729,0,-0.0046,0,0,-24
2551.25,0,158.54644775390625,0,-0.030517578125,-158.54644775390625,0,-0.0048290007700195524,0,-0.0058,0,0,-24
2551.375,0,158.55026245117188,0,0.030517578125,-158.55026245117188,0,-0.00482943530940074,0,-0.0056,0,0,-24
2551.5,0,158.54644775390625,0,-0.030517578125,-158.54644775390625,0,-0.0048290027886613626,0,-0.0044,0,0,-24
2551.625,0,158.55026245117188,0,0.030517578125,-158.55026245117188,0,-0.0048294372903816725,0,-0.0044,0,0,-24
2551.75,0,158.54644775390625,0,-0.030517578125,-158.54644775390625,0,-0.004829004732684038,0,-0.0048,0,0,-24
2551.875,0,158.54644775390625,0,0,-158.54644775390625,0,-0.0048290086376966915,0,-0.0054,0,0,-24
2552,0,158.55026245117188,0,0.030517578125,-158.55026245117188,0,-0.0048294430302942212,0,-0.0048,0,0,-24
2552.125,0,158.54644775390625,0,-0.030517578125,-158.54644775390625,0,-0.0048290103655096606,0,-0.0038,0,0,-24
2552.25,0,158.54644775390625,0,0,-158.54644775390625,0,-0.0048290141654332595,0,-0.0054,0,0,-24
2552.375,0,158.55026245117188,0,0.030517578125,-158.55026245117188,0,-0.0048294484549023329,0,-0.005,0,0,-24
2552.5,0,158.55026245117188,0,0,-158.55026245117188,0,-0.00482944624935225,0,-0.0056,0,0,-24
2552.625,0,158.55026245117188,0,0,-158.55026245117188,0,-0.0048294440849501082,0,-0.0056,0,0,-24
2552.75,0,158.5540771484375,0,0.030517578125,-158.5540771484375,0,-0.0048298725213671446,0,-0.0044,0,0,-24
2552.875,0,158.55026245117188,0,-0.030517578125,-158.55026245117188,0,-0.0048294340115238189,0,-0.0034,0,0,-24
2553,0,158.5540771484375,0,0.030517578125,-158.5540771484375,0,-0.0048298626358761676,0,-0.0054,0,0,-24
2553.125,0,158.55026245117188,0,-0.030517578125,-158.55026245117188,0,-0.004829424310461931,0,-0.005,0,0,-24
2553.25,0,158.55026245117188,0,0,-158.55026245117188,0,-0.004829422555363643,0,-0.0044,0,0,-24
2553.375,0,158.55026245117188,0,0,-158.55026245117188,0,-0.0048294208330094219,0,-0.005,0,0,-24
2553.5,0,158.5540771484375,0,0.030517578125,-158.5540771484375,0,-0.004829849703227293,0,-0.0056,0,0,-24
2553.625,0,158.55026245117188,0,-0.030517578125,-158.55026245117188,0,-0.0048294116190915788,0,-0.004,0,0,-24
2553.75,0,158.55026245117188,0,0,-158.55026245117188,0,-0.0048294101007703896,0,-0.0056,0,0,-24
2553.875,0,158.54644775390625,0,-0.030517578125,-158.54644775390625,0,-0.004828978050336912,0,-0.0048,0,0,-24
2554,0,158.54644775390625,0,0,-158.54644775390625,0,-0.0048289824531499263,0,-0.0042,0,0,-24
2554.125,0,158.54644775390625,0,0,-158.54644775390625,0,-0.0048289867738216695,0,-0.004,0,0,-24
2554.25,0,158.54644775390625,0,0,-158.54644775390625,0,-0.0048289910138846134,0,-0.0052,0,0,-24
2554.375,0,158.54644775390625,0,0,-158.54644775390625,0,-0.00482899517484264,0,-0.0054,0,0,-24
2554.5,0,158.54644775390625,0,0,-158.54644775390625,0,-0.004828999258171574,0,-0.004,0,0,-24
2554.625,0,158.55789184570313,0,0.091552734375,-158.55789184570313,0,-0.0048302949466364521,0,-0.0052,0,0,-24
2554.75,0,158.54644775390625,0,-0.091552734375,-158.54644775390625,0,-0.0048289896026800123,0,-0.0044,0,0,-24
2554.875,0,158.5540771484375,0,0.06103515625,-158.5540771484375,0,-0.0048298549108440683,0,-0.005,0,0,-24
2555,0,158.5540771484375,0,0,-158.5540771484375,0,-0.004829847289991143,0,-0.0058,0,0,-24
2555.125,0,158.5540771484375,0,0,-158.5540771484375,0,-0.00482983981131699,0,-0.0058,0,0,-24
2555.25,0,158.55026245117188,0,-0.030517578125,-158.55026245117188,0,-0.0048294019117301268,0,-0.006,0,0,-24
2555.375,0,158.5540771484375,0,0.030517578125,-158.5540771484375,0,-0.0048298311349536617,0,-0.004,0,0,-24
2555.5,0,158.5540771484375,0,0,-158.5540771484375,0,-0.0048298239576766624,0,-0.0036,0,0,-24
2555.625,0,158.55026245117188,0,-0.030517578125,-158.55026245117188,0,-0.004829386353863924,0,-0.0056,0,0,-24
2555.75,0,158.55026245117188,0,0,-158.55026245117188,0,-0.0048293853069045446,0,-0.0048,0,0,-24
2555.875,0,158.55026245117188,0,0,-158.55026245117188,0,-0.004829384279477808,0,-0.0038,0,0,-24
2556,0,158.54263305664063,0,-0.06103515625,-158.54263305664063,0,-0.0048285221503414728,0,-0.0054,0,0,-24
2556.125,0,158.54644775390625,0,0.030517578125,-158.54644775390625,0,-0.0048289634513513638,0,-0.0046,0,0,-24
2556.25,0,158.54263305664063,0,-0.030517578125,-158.54263305664063,0,-0.0048285375660920647,0,-0.005,0,0,-24
2556.375,0,158.55026245117188,0,0.06103515625,-158.55026245117188,0,-0.0048294091399362533,0,-0.0046,0,0,-24
2556.5,0,158.5540771484375,0,0.030517578125,-158.5540771484375,0,-0.0048298382283064488,0,-0.0044,0,0,-24
2556.625,0,158.5540771484375,0,0,-158.5540771484375,0,-0.0048298309186920073,0,-0.0044,0,0,-24
2556.75,0,158.54644775390625,0,-0.06103515625,-158.54644775390625,0,-0.0048289626245718725,0,-0.0054,0,0,-24
2556.875,0,158.55026245117188,0,0.030517578125,-158.55026245117188,0,-0.0048293978756152513,0,-0.0038,0,0,-24
2557,0,158.55026245117188,0,0,-158.55026245117188,0,-0.0048293966136998207,0,-0.0048,0,0,-24
2557.125,0,158.55026245117188,0,0,-158.55026245117188,0,-0.00482939537532737,0,-0.0044,0,0,-24
2557.25,0,158.55026245117188,0,0,-158.55026245117188,0,-0.0048293941600586685,0,-0.0052,0,0,-24
2557.375,0,158.54644775390625,0,-0.030517578125,-158.54644775390625,0,-0.0048289624070237671,0,-0.0044,0,0,-24
2557.5,0,158.54644775390625,0,0,-158.54644775390625,0,-0.004828967101686928,0,-0.0048,0,0,-24
2557.625,0,158.54263305664063,0,-0.030517578125,-158.54263305664063,0,-0.0048285411483249864,0,-0.0038,0,0,-24
2557.75,0,158.55026245117188,0,0.06103515625,-158.55026245117188,0,-0.0048294126553370918,0,-0.0046,0,0,-24
2557.875,0,158.55026245117188,0,0,-158.55026245117188,0,-0.0048294111176831432,0,-0.005,0,0,-24
2558,0,158.55789184570313,0,0.06103515625,-158.55789184570313,0,-0.0048302707295943348,0,-0.0054,0,0,-24
2558.125,0,158.54644775390625,0,-0.091552734375,-158.54644775390625,0,-0.0048289658374441862,0,-0.0038,0,0,-24
2558.25,0,158.54644775390625,0,0,-158.54644775390625,0,-0.0048289704681075607,0,-0.0054,0,0,-24
2558.375,0,158.5540771484375,0,0.06103515625,-158.5540771484375,0,-0.0048298361332565938,0,-0.0054,0,0,-24
2558.5,0,158.54644775390625,0,-0.06103515625,-158.54644775390625,0,-0.00482896774185071,0,-0.0048,0,0,-24
2558.625,0,158.55026245117188,0,0.030517578125,-158.55026245117188,0,-0.0048294028974233552,0,-0.0052,0,0,-24
2558.75,0,158.54644775390625,0,-0.030517578125,-158.54644775390625,0,-0.0048289709813794318,0,-0.0042,0,0,-24
2558.875,0,158.55026245117188,0,0.030517578125,-158.55026245117188,0,-0.0048294060765136692,0,-0.0058,0,0,-24
2559,0,158.5540771484375,0,0.030517578125,-158.5540771484375,0,-0.0048298352220367408,0,-0.0054,0,0,-24
2559.125,0,158.5540771484375,0,0,-158.5540771484375,0,-0.004829827968508899,0,-0.0038,0,0,-24
2559.25,0,158.54644775390625,0,-0.06103515625,-158.54644775390625,0,-0.0048289597294289832,0,-0.0046,0,0,-24
2559.375,0,158.55026245117188,0,0.030517578125,-158.55026245117188,0,-0.00482939503448572,0,-0.0054,0,0,-24
2559.5,0,158.54644775390625,0,-0.030517578125,-158.54644775390625,0,-0.0048289632651370325,0,-0.0046,0,0,-24
2559.625,0,158.55026245117188,0,0.030517578125,-158.55026245117188,0,-0.0048293985042296792,0,-0.0052,0,0,-24
2559.75,0,158.55026245117188,0,0,-158.55026245117188,0,-0.004829397230586477,0,-0.0048,0,0,-24
2559.875,0,158.55026245117188,0,0,-158.55026245117188,0,-0.0048293959807050538,0,-0.005,0,0,-24
2560,0,158.55026245117188,0,0,-158.55026245117188,0,-0.0048293947541420976,0,-0.0046,0,0,-24
2560.125,0,158.55026245117188,0,0,-158.55026245117188,0,-0.0048293935504625657,0,-0.0046,0,0,-24
2560.25,0,158.54644775390625,0,-0.030517578125,-158.54644775390625,0,-0.00482896180880062,0,-0.0046,0,0,-24
2560.375,0,158.5540771484375,0,0.06103515625,-158.5540771484375,0,-0.0048298276355023869,0,-0.005,0,0,-24
2560.5,0,158.55026245117188,0,-0.030517578125,-158.55026245117188,0,-0.0048293899630741342,0,-0.0048,0,0,-24
2560.625,0,158.55789184570313,0,0.06103515625,-158.55789184570313,0,-0.0048302499696572018,0,-0.004,0,0,-24
2560.75,0,158.55026245117188,0,-0.06103515625,-158.55026245117188,0,-0.00482937602525463,0,-0.0054,0,0,-24
2560.875,0,158.5540771484375,0,0.030517578125,-158.5540771484375,0,-0.0048298057314303117,0,-0.0054,0,0,-24
2561,0,158.5540771484375,0,0,-158.5540771484375,0,-0.0048297990280952415,0,-0.0044,0,0,-24
2561.125,0,158.54644775390625,0,-0.06103515625,-158.54644775390625,0,-0.0048289313289434019,0,-0.0052,0,0,-24
2561.25,0,158.55789184570313,0,0.091552734375,-158.55789184570313,0,-0.0048302282847328569,0,-0.0054,0,0,-24
2561.375,0,158.5540771484375,0,-0.030517578125,-158.5540771484375,0,-0.004829785305334928,0,-0.0058,0,0,-24
2561.5,0,158.55789184570313,0,0.030517578125,-158.55789184570313,0,-0.004830209543519105,0,-0.0042,0,0,-24
2561.625,0,158.5540771484375,0,-0.030517578125,-158.5540771484375,0,-0.0048297669137674394,0,-0.0048,0,0,-24
2561.75,0,158.55026245117188,0,-0.030517578125,-158.55026245117188,0,-0.0048293303741968555,0,-0.0054,0,0,-24
2561.875,0,158.55026245117188,0,0,-158.55026245117188,0,-0.00482933037162455,0,-0.0046,0,0,-24
2562,0,158.55789184570313,0,0.06103515625,-158.55789184570313,0,-0.0048301914899780687,0,-0.0044,0,0,-24
2562.125,0,158.55789184570313,0,0,-158.55789184570313,0,-0.0048301797574819873,0,-0.0054,0,0,-24
2562.25,0,158.55026245117188,0,-0.06103515625,-158.55026245117188,0,-0.0048293071229958918,0,-0.005,0,0,-24
2562.375,0,158.5540771484375,0,0.030517578125,-158.5540771484375,0,-0.0048297381146495373,0,-0.0052,0,0,-24
2562.5,0,158.5540771484375,0,0,-158.5540771484375,0,-0.0048297326728098562,0,-0.004,0,0,-24
2562.625,0,158.55026245117188,0,-0.030517578125,-158.55026245117188,0,-0.0048292967720571754,0,-0.0044,0,0,-24
2562.75,0,158.55026245117188,0,0,-158.55026245117188,0,-0.0048292973963846393,0,-0.0048,0,0,-24
2562.875,0,158.55026245117188,0,0,-158.55026245117188,0,-0.004829298009064311,0,-0.0044,0,0,-24
2563,0,158.54644775390625,0,-0.030517578125,-158.54644775390625,0,-0.0048288680498745845,0,-0.005,0,0,-24
2563.125,0,158.5540771484375,0,0.06103515625,-158.5540771484375,0,-0.0048297356257938013,0,-0.0044,0,0,-24
2563.25,0,158.54644775390625,0,-0.06103515625,-158.54644775390625,0,-0.0048288691095097341,0,-0.004,0,0,-24
2563.375,0,158.55789184570313,0,0.091552734375,-158.55789184570313,0,-0.0048301672260987385,0,-0.005,0,0,-24
2563.5,0,158.55026245117188,0,-0.06103515625,-158.55026245117188,0,-0.0048292948254049358,0,-0.0048,0,0,-24
2563.625,0,158.55026245117188,0,0,-158.55026245117188,0,-0.0048292954860502018,0,-0.0048,0,0,-24
2563.75,0,158.5540771484375,0,0.030517578125,-158.5540771484375,0,-0.0048297266948090275,0,-0.0048,0,0,-24
2563.875,0,158.55026245117188,0,-0.030517578125,-158.55026245117188,0,-0.0048292909055851771,0,-0.004,0,0,-24
2564,0,158.55026245117188,0,0,-158.55026245117188,0,-0.00482929163936073,0,-0.0046,0,0,-24
2564.125,0,158.54644775390625,0,-0.030517578125,-158.54644775390625,0,-0.0048288617990076528,0,-0.0054,0,0,-24
2564.25,0,158.5540771484375,0,0.06103515625,-158.5540771484375,0,-0.0048297294915464377,0,-0.0048,0,0,-24
2564.375,0,158.5540771484375,0,0,-158.5540771484375,0,-0.0048297242105840516,0,-0.0054,0,0,-24
2564.5,0,158.54644775390625,0,-0.06103515625,-158.54644775390625,0,-0.0048288579072683383,0,-0.0042,0,0,-24
2564.625,0,158.5540771484375,0,0.06103515625,-158.5540771484375,0,-0.0048297256724135259,0,-0.0048,0,0,-24
2564.75,0,158.55026245117188,0,-0.030517578125,-158.55026245117188,0,-0.0048292899022640409,0,-0.0046,0,0,-24
2564.875,0,158.55789184570313,0,0.06103515625,-158.55789184570313,0,-0.00483015177563593,0,-0.0046,0,0,-24
2565,0,158.55789184570313,0,0,-158.55789184570313,0,-0.0048301407840721866,0,-0.0056,0,0,-24
2565.125,0,158.54263305664063,0,-0.1220703125,-158.54263305664063,0,-0.0048284077558173634,0,-0.0044,0,0,-24
2565.25,0,158.54644775390625,0,0.030517578125,-158.54644775390625,0,-0.00482885119103363,0,-0.0046,0,0,-24
2565.375,0,158.54644775390625,0,0,-158.54644775390625,0,-0.0048288579606027109,0,-0.005,0,0,-24
2565.5,0,158.5540771484375,0,0.06103515625,-158.5540771484375,0,-0.0048297257247528636,0,-0.0046,0,0,-24
2565.625,0,158.55026245117188,0,-0.030517578125,-158.55026245117188,0,-0.004829289953626908,0,-0.0038,0,0,-24
2565.75,0,158.55026245117188,0,0,-158.55026245117188,0,-0.00482929070516271,0,-0.004,0,0,-24
2565.875,0,158.55026245117188,0,0,-158.55026245117188,0,-0.0048292914426774532,0,-0.005,0,0,-24
2566,0,158.5540771484375,0,0.030517578125,-158.5540771484375,0,-0.0048297227268716365,0,-0.0048,0,0,-24
2566.125,0,158.5540771484375,0,0,-158.5540771484375,0,-0.0048297175721146975,0,-0.0046,0,0,-24
2566.25,0,158.5540771484375,0,0,-158.5540771484375,0,-0.0048297125135277038,0,-0.0038,0,0,-24
2566.375,0,158.55026245117188,0,-0.030517578125,-158.55026245117188,0,-0.00482927698887754,0,-0.0046,0,0,-24
2566.5,0,158.5540771484375,0,0.030517578125,-158.5540771484375,0,-0.0048297085427296653,0,-0.0052,0,0,-24
2566.625,0,158.55789184570313,0,0.030517578125,-158.55789184570313,0,-0.0048301342130387,0,-0.0052,0,0,-24
2566.75,0,158.5540771484375,0,-0.030517578125,-158.5540771484375,0,-0.0048296929886933937,0,-0.004,0,0,-24
2566.875,0,158.54644775390625,0,-0.06103515625,-158.54644775390625,0,-0.00482882726787023,0,-0.0046,0,0,-24
2567,0,158.55026245117188,0,0.030517578125,-158.55026245117188,0,-0.0048292650442017544,0,-0.0054,0,0,-24
2567.125,0,158.55026245117188,0,0,-158.55026245117188,0,-0.0048292662604613222,0,-0.004,0,0,-24
2567.25,0,158.55026245117188,0,0,-158.55026245117188,0,-0.0048292674540296914,0,-0.0046,0,0,-24
2567.375,0,158.5540771484375,0,0.030517578125,-158.5540771484375,0,-0.0048296991857691169,0,-0.0046,0,0,-24
2567.5,0,158.54644775390625,0,-0.06103515625,-158.54644775390625,0,-0.0048288333493299428,0,-0.0046,0,0,-24
2567.625,0,158.5540771484375,0,0.06103515625,-158.5540771484375,0,-0.004829701572641368,0,-0.0046,0,0,-24
2567.75,0,158.54644775390625,0,-0.06103515625,-158.54644775390625,0,-0.0048288356916714095,0,-0.0046,0,0,-24
2567.875,0,158.5540771484375,0,0.06103515625,-158.5540771484375,0,-0.00482970387128284,0,-0.0038,0,0,-24
2568,0,158.54263305664063,0,-0.091552734375,-158.54263305664063,0,-0.00482840738698926,0,-0.0052,0,0,-24
2568.125,0,158.55026245117188,0,0.06103515625,-158.55026245117188,0,-0.0048292813895254973,0,-0.0038,0,0,-24
2568.25,0,158.54644775390625,0,-0.030517578125,-158.54644775390625,0,-0.0048288517403989144,0,-0.0044,0,0,-24
2568.375,0,158.5540771484375,0,0.06103515625,-158.5540771484375,0,-0.0048297196205965677,0,-0.0046,0,0,-24
2568.5,0,158.55026245117188,0,-0.030517578125,-158.55026245117188,0,-0.0048292839633530668,0,-0.0044,0,0,-24
2568.625,0,158.55026245117188,0,0,-158.55026245117188,0,-0.0048292848266466718,0,-0.0052,0,0,-24
2568.75,0,158.54644775390625,0,-0.030517578125,-158.54644775390625,0,-0.0048288551133952888,0,-0.004,0,0,-24
2568.875,0,158.54644775390625,0,0,-158.54644775390625,0,-0.00482886180978666,0,-0.0046,0,0,-24
2569,0,158.54263305664063,0,-0.030517578125,-158.54263305664063,0,-0.0048284378208075995,0,-0.004,0,0,-24
2569.125,0,158.54644775390625,0,0.030517578125,-158.54644775390625,0,-0.004828880695115079,0,-0.0056,0,0,-24
2569.25,0,158.54644775390625,0,0,-158.54644775390625,0,-0.00482888691423999,0,-0.0054,0,0,-24
2569.375,0,158.54263305664063,0,-0.030517578125,-158.54263305664063,0,-0.0048284624568986131,0,-0.0044,0,0,-24
2569.5,0,158.54263305664063,0,0,-158.54263305664063,0,-0.0048284743111428807,0,-0.0046,0,0,-24
2569.625,0,158.5540771484375,0,0.091552734375,-158.5540771484375,0,-0.0048297776255446746,0,-0.0054,0,0,-24
2569.75,0,158.55026245117188,0,-0.030517578125,-158.55026245117188,0,-0.0048293408861293562,0,-0.004,0,0,-24
2569.875,0,158.5540771484375,0,0.030517578125,-158.5540771484375,0,-0.0048297712478796457,0,-0.005,0,0,-24
2570,0,158.55026245117188,0,-0.030517578125,-158.55026245117188,0,-0.00482933462744951,0,-0.0048,0,0,-24
2570.125,0,158.55026245117188,0,0,-158.55026245117188,0,-0.0048293345455262138,0,-0.0058,0,0,-24
2570.25,0,158.54644775390625,0,-0.030517578125,-158.54644775390625,0,-0.0048289039046924094,0,-0.0048,0,0,-24
2570.375,0,158.55026245117188,0,0.030517578125,-158.55026245117188,0,-0.004829340251245753,0,-0.0046,0,0,-24
2570.5,0,158.55026245117188,0,0,-158.55026245117188,0,-0.0048293400644018594,0,-0.0054,0,0,-24
2570.625,0,158.5540771484375,0,0.030517578125,-158.5540771484375,0,-0.0048297704414827433,0,-0.0046,0,0,-24
2570.75,0,158.54644775390625,0,-0.06103515625,-158.54644775390625,0,-0.004828903275658273,0,-0.0056,0,0,-24
2570.875,0,158.5540771484375,0,0.06103515625,-158.5540771484375,0,-0.0048297701943861354,0,-0.005,0,0,-24
2571,0,158.55026245117188,0,-0.030517578125,-158.55026245117188,0,-0.0048293335936105469,0,-0.005,0,0,-24
2571.125,0,158.55026245117188,0,0,-158.55026245117188,0,-0.0048293335309751119,0,-0.0056,0,0,-24
2571.25,0,158.55026245117188,0,0,-158.55026245117188,0,-0.0048293334695082369,0,-0.0042,0,0,-24
2571.375,0,158.55026245117188,0,0,-158.55026245117188,0,-0.0048293334091881216,0,-0.0038,0,0,-24
2571.5,0,158.54644775390625,0,-0.030517578125,-158.54644775390625,0,-0.0048289027895544578,0,-0.0048,0,0,-24
2571.625,0,158.55026245117188,0,0.030517578125,-158.55026245117188,0,-0.0048293391569124208,0,-0.0046,0,0,-24
2571.75,0,158.54644775390625,0,-0.030517578125,-158.54644775390625,0,-0.0048289084300460906,0,-0.0044,0,0,-24
2571.875,0,158.5540771484375,0,0.06103515625,-158.5540771484375,0,-0.0048297752526108946,0,-0.004,0,0,-24
2572,0,158.55789184570313,0,0.030517578125,-158.55789184570313,0,-0.0048301996783441511,0,-0.005,0,0,-24
2572.125,0,158.55026245117188,0,-0.06103515625,-158.55026245117188,0,-0.0048293266722036314,0,-0.0034,0,0,-24
2572.25,0,158.5540771484375,0,0.030517578125,-158.5540771484375,0,-0.0048297572991366396,0,-0.0042,0,0,-24
2572.375,0,158.54644775390625,0,-0.06103515625,-158.54644775390625,0,-0.0048288903785029171,0,-0.005,0,0,-24
2572.5,0,158.55026245117188,0,0.030517578125,-158.55026245117188,0,-0.0048293269774081988,0,-0.0044,0,0,-24
2572.625,0,158.54644775390625,0,-0.030517578125,-158.54644775390625,0,-0.0048288964777693146,0,-0.004,0,0,-24
2572.75,0,158.54644775390625,0,0,-158.54644775390625,0,-0.0048289024024444566,0,-0.0046,0,0,-24
2572.875,0,158.55026245117188,0,0.030517578125,-158.55026245117188,0,-0.0048293387770245539,0,-0.0044,0,0,-24
2573,0,158.5540771484375,0,0.030517578125,-158.5540771484375,0,-0.0048297691781234477,0,-0.0042,0,0,-24
2573.125,0,158.5540771484375,0,0,-158.5540771484375,0,-0.0048297631567467249,0,-0.0048,0,0,-24
2573.25,0,158.55026245117188,0,-0.030517578125,-158.55026245117188,0,-0.00482932668726916,0,-0.0052,0,0,-24
2573.375,0,158.54644775390625,0,-0.030517578125,-158.54644775390625,0,-0.0048288961930432672,0,-0.0034,0,0,-24
2573.5,0,158.55026245117188,0,0.030517578125,-158.55026245117188,0,-0.0048293326834693258,0,-0.0048,0,0,-24
2573.625,0,158.55026245117188,0,0,-158.55026245117188,0,-0.0048293326378139791,0,-0.0042,0,0,-24
2573.75,0,158.5540771484375,0,0.030517578125,-158.5540771484375,0,-0.00482976315344932,0,-0.004,0,0,-24
2573.875,0,158.54644775390625,0,-0.06103515625,-158.54644775390625,0,-0.0048288961235943605,0,-0.0052,0,0,-24
2574,0,158.54644775390625,0,0,-158.54644775390625,0,-0.0048289020548771822,0,-0.004,0,0,-24
2574.125,0,158.54644775390625,0,0,-158.54644775390625,0,-0.0048289078755027704,0,-0.0056,0,0,-24
2574.25,0,158.55026245117188,0,0.030517578125,-158.55026245117188,0,-0.0048293441479745191,0,-0.0048,0,0,-24
2574.375,0,158.54644775390625,0,-0.030517578125,-158.54644775390625,0,-0.0048289133279922234,0,-0.0052,0,0,-24
2574.5,0,158.55026245117188,0,0.030517578125,-158.55026245117188,0,-0.0048293494987393677,0,-0.0044,0,0,-24
2574.625,0,158.54263305664063,0,-0.06103515625,-158.54263305664063,0,-0.00482848801849138,0,-0.0052,0,0,-24
2574.75,0,158.55026245117188,0,0.06103515625,-158.55026245117188,0,-0.0048293605167225185,0,-0.0046,0,0,-24
2574.875,0,158.55026245117188,0,0,-158.55026245117188,0,-0.0048293599517948826,0,-0.0044,0,0,-24
2575,0,158.5540771484375,0,0.030517578125,-158.5540771484375,0,-0.00482978995784576,0,-0.0044,0,0,-24
2575.125,0,158.55026245117188,0,-0.030517578125,-158.55026245117188,0,-0.0048293529883523343,0,-0.0044,0,0,-24
2575.25,0,158.55026245117188,0,0,-158.55026245117188,0,-0.0048293525638780617,0,-0.005,0,0,-24
2575.375,0,158.54263305664063,0,-0.06103515625,-158.54263305664063,0,-0.0048284910264451818,0,-0.0044,0,0,-24
2575.5,0,158.5540771484375,0,0.091552734375,-158.5540771484375,0,-0.0048297940289972171,0,-0.0048,0,0,-24
2575.625,0,158.55026245117188,0,-0.030517578125,-158.55026245117188,0,-0.0048293569835501787,0,-0.0054,0,0,-24
2575.75,0,158.5540771484375,0,0.030517578125,-158.5540771484375,0,-0.0048297870449782419,0,-0.0048,0,0,-24
2575.875,0,158.55026245117188,0,-0.030517578125,-158.55026245117188,0,-0.0048293501298288547,0,-0.0048,0,0,-24
2576,0,158.55026245117188,0,0,-158.55026245117188,0,-0.0048293497586847488,0,-0.0038,0,0,-24
2576.125,0,158.5540771484375,0,0.030517578125,-158.5540771484375,0,-0.0048297799549038255,0,-0.0034,0,0,-24
2576.25,0,158.5540771484375,0,0,-158.5540771484375,0,-0.0048297737324696343,0,-0.0046,0,0,-24
2576.375,0,158.55026245117188,0,-0.030517578125,-158.55026245117188,0,-0.0048293370656856387,0,-0.0046,0,0,-24
2576.5,0,158.55026245117188,0,0,-158.55026245117188,0,-0.0048293369382732846,0,-0.005,0,0,-24
2576.625,0,158.55026245117188,0,0,-158.55026245117188,0,-0.0048293368132380048,0,-0.0044,0,0,-24
2576.75,0,158.55026245117188,0,0,-158.55026245117188,0,-0.0048293366905354509,0,-0.0054,0,0,-24
2576.875,0,158.55026245117188,0,0,-158.55026245117188,0,-0.0048293365701221024,0,-0.004,0,0,-24
2577,0,158.55026245117188,0,0,-158.55026245117188,0,-0.004829336451955251,0,-0.004,0,0,-24
2577.125,0,158.55026245117188,0,0,-158.55026245117188,0,-0.0048293363359929843,0,-0.005,0,0,-24
2577.25,0,158.5540771484375,0,0.030517578125,-158.5540771484375,0,-0.0048297667826330895,0,-0.0048,0,0,-24
2577.375,0,158.54644775390625,0,-0.06103515625,-158.54644775390625,0,-0.0048288996850701059,0,-0.0046,0,0,-24
2577.5,0,158.5540771484375,0,0.06103515625,-158.5540771484375,0,-0.0048297666707859321,0,-0.0052,0,0,-24
2577.625,0,158.5540771484375,0,0,-158.5540771484375,0,-0.00482976069618746,0,-0.0042,0,0,-24
2577.75,0,158.54644775390625,0,-0.06103515625,-158.54644775390625,0,-0.0048288937121765121,0,-0.004,0,0,-24
2577.875,0,158.55026245117188,0,0.030517578125,-158.55026245117188,0,-0.0048293302488869681,0,-0.0032,0,0,-24
2578,0,158.55026245117188,0,0,-158.55026245117188,0,-0.0048293302486525124,0,-0.0062,0,0,-24
2578.125,0,158.55026245117188,0,0,-158.55026245117188,0,-0.0048293302484224308,0,-0.0054,0,0,-24
2578.25,0,158.5540771484375,0,0.030517578125,-158.5540771484375,0,-0.0048297608086355585,0,-0.0034,0,0,-24
2578.375,0,158.55026245117188,0,-0.030517578125,-158.55026245117188,0,-0.0048293243829656309,0,-0.0044,0,0,-24
2578.5,0,158.55026245117188,0,0,-158.55026245117188,0,-0.00482932449216899,0,-0.005,0,0,-24
2578.625,0,158.54644775390625,0,-0.030517578125,-158.54644775390625,0,-0.0048288940388960784,0,-0.005,0,0,-24
2578.75,0,158.55026245117188,0,0.030517578125,-158.55026245117188,0,-0.0048293305695110769,0,-0.0046,0,0,-24
2578.875,0,158.54644775390625,0,-0.030517578125,-158.54644775390625,0,-0.00482890000285597,0,-0.0046,0,0,-24
2579,0,158.54644775390625,0,0,-158.54644775390625,0,-0.0048289058617651806,0,-0.0048,0,0,-24
2579.125,0,158.55026245117188,0,0.030517578125,-158.55026245117188,0,-0.0048293421718063117,0,-0.0048,0,0,-24
2579.25,0,158.55026245117188,0,0,-158.55026245117188,0,-0.0048293419491313968,0,-0.0062,0,0,-24
2579.375,0,158.55026245117188,0,0,-158.55026245117188,0,-0.0048293417306108262,0,-0.0048,0,0,-24
2579.5,0,158.55026245117188,0,0,-158.55026245117188,0,-0.0048293415161670943,0,-0.004,0,0,-24
2579.625,0,158.55026245117188,0,0,-158.55026245117188,0,-0.0048293413057241405,0,-0.004,0,0,-24
2579.75,0,158.54263305664063,0,-0.06103515625,-158.54263305664063,0,-0.0048284799783294948,0,-0.005,0,0,-24
2579.875,0,158.55026245117188,0,0.06103515625,-158.55026245117188,0,-0.0048293526265622607,0,-0.004,0,0,-24
2580,0,158.54644775390625,0,-0.030517578125,-158.54644775390625,0,-0.0048289216483988267,0,-0.0046,0,0,-24
2580.125,0,158.55026245117188,0,0.030517578125,-158.55026245117188,0,-0.0048293576639159459,0,-0.0046,0,0,-24
2580.25,0,158.55026245117188,0,0,-158.55026245117188,0,-0.0048293571522118189,0,-0.0048,0,0,-24
2580.375,0,158.54644775390625,0,-0.030517578125,-158.54644775390625,0,-0.0048289260896154087,0,-0.0054,0,0,-24
2580.5,0,158.5540771484375,0,0.06103515625,-158.5540771484375,0,-0.0048297925827136953,0,-0.0058,0,0,-24
2580.625,0,158.54644775390625,0,-0.06103515625,-158.54644775390625,0,-0.0048289250038103942,0,-0.0042,0,0,-24
2580.75,0,158.54644775390625,0,0,-158.54644775390625,0,-0.00482893039628822,0,-0.0044,0,0,-24
2580.875,0,158.55026245117188,0,0.030517578125,-158.55026245117188,0,-0.0048293662485999625,0,-0.0052,0,0,-24
2581,0,158.5540771484375,0,0.030517578125,-158.5540771484375,0,-0.0048297961371742242,0,-0.0052,0,0,-24
2581.125,0,158.55026245117188,0,-0.030517578125,-158.55026245117188,0,-0.0048293590523958907,0,-0.0048,0,0,-24
2581.25,0,158.55026245117188,0,0,-158.55026245117188,0,-0.0048293585147875275,0,-0.0038,0,0,-24
2581.375,0,158.55026245117188,0,0,-158.55026245117188,0,-0.0048293579872090786,0,-0.0048,0,0,-24
2581.5,0,158.54644775390625,0,-0.030517578125,-158.54644775390625,0,-0.0048289269090345064,0,-0.0044,0,0,-24
2581.625,0,158.55026245117188,0,0.030517578125,-158.55026245117188,0,-0.004829362826406349,0,-0.005,0,0,-24
2581.75,0,158.54644775390625,0,-0.030517578125,-158.54644775390625,0,-0.004828931657949084,0,-0.0044,0,0,-24
2581.875,0,158.54644775390625,0,0,-158.54644775390625,0,-0.0048289369262836833,0,-0.0034,0,0,-24
2582,0,158.55026245117188,0,0.030517578125,-158.55026245117188,0,-0.004829372656768284,0,-0.0044,0,0,-24
2582.125,0,158.5540771484375,0,0.030517578125,-158.5540771484375,0,-0.0048298024257882773,0,-0.005,0,0,-24
2582.25,0,158.5540771484375,0,0,-158.5540771484375,0,-0.0048297957841250605,0,-0.0046,0,0,-24
2582.375,0,158.54644775390625,0,-0.06103515625,-158.54644775390625,0,-0.00482892814549449,0,-0.0048,0,0,-24
2582.5,0,158.55026245117188,0,0.030517578125,-158.55026245117188,0,-0.0048293640397982637,0,-0.0034,0,0,-24
2582.625,0,158.55026245117188,0,0,-158.55026245117188,0,-0.0048293634091422129,0,-0.0048,0,0,-24
2582.75,0,158.5540771484375,0,0.030517578125,-158.5540771484375,0,-0.0048297933506909413,0,-0.0052,0,0,-24
2582.875,0,158.55026245117188,0,-0.030517578125,-158.55026245117188,0,-0.0048293563178987533,0,-0.0036,0,0,-24
2583,0,158.55026245117188,0,0,-158.55026245117188,0,-0.0048293558313066542,0,-0.005,0,0,-24
2583.125,0,158.54644775390625,0,-0.030517578125,-158.54644775390625,0,-0.0048289247933537682,0,-0.0038,0,0,-24
2583.25,0,158.55789184570313,0,0.091552734375,-158.55789184570313,0,-0.0048302218710747332,0,-0.0046,0,0,-24
2583.375,0,158.55789184570313,0,0,-158.55789184570313,0,-0.0048302095717724109,0,-0.0056,0,0,-24
2583.5,0,158.55026245117188,0,-0.06103515625,-158.55026245117188,0,-0.00482933638105472,0,-0.0044,0,0,-24
2583.625,0,158.54644775390625,0,-0.030517578125,-158.54644775390625,0,-0.0048289057059762988,0,-0.0054,0,0,-24
2583.75,0,158.55026245117188,0,0.030517578125,-158.55026245117188,0,-0.0048293420189239114,0,-0.0052,0,0,-24
2583.875,0,158.55026245117188,0,0,-158.55026245117188,0,-0.0048293417991012539,0,-0.0058,0,0,-24
2584,0,158.55026245117188,0,0,-158.55026245117188,0,-0.0048293415833797274,0,-0.0052,0,0,-24
2584.125,0,158.54644775390625,0,-0.030517578125,-158.54644775390625,0,-0.004828910811243905,0,-0.0042,0,0,-24
2584.25,0,158.55026245117188,0,0.030517578125,-158.55026245117188,0,-0.0048293470289448729,0,-0.0052,0,0,-24
2584.375,0,158.55026245117188,0,0,-158.55026245117188,0,-0.0048293467156525424,0,-0.0046,0,0,-24
2584.5,0,158.55026245117188,0,0,-158.55026245117188,0,-0.0048293464082051641,0,-0.0044,0,0,-24
2584.625,0,158.54644775390625,0,-0.030517578125,-158.54644775390625,0,-0.0048289155460547782,0,-0.004,0,0,-24
2584.75,0,158.5540771484375,0,0.06103515625,-158.5540771484375,0,-0.004829782235859459,0,-0.0054,0,0,-24
2584.875,0,158.55026245117188,0,-0.030517578125,-158.55026245117188,0,-0.0048293454104316041,0,-0.0052,0,0,-24
2585,0,158.55026245117188,0,0,-158.55026245117188,0,-0.0048293451273351369,0,-0.0044,0,0,-24
2585.125,0,158.54644775390625,0,-0.030517578125,-158.54644775390625,0,-0.0048289142890813579,0,-0.005,0,0,-24
2585.25,0,158.54644775390625,0,0,-158.54644775390625,0,-0.0048289198814589875,0,-0.0048,0,0,-24
2585.375,0,158.55026245117188,0,0.030517578125,-158.55026245117188,0,-0.0048293559299410959,0,-0.0058,0,0,-24
2585.5,0,158.55026245117188,0,0,-158.55026245117188,0,-0.0048293554505869458,0,-0.0044,0,0,-24
2585.625,0,158.54644775390625,0,-0.030517578125,-158.54644775390625,0,-0.0048289244197369735,0,-0.005,0,0,-24
2585.75,0,158.54644775390625,0,0,-158.54644775390625,0,-0.0048289298231115893,0,-0.0058,0,0,-24
2585.875,0,158.54644775390625,0,0,-158.54644775390625,0,-0.0048289351256779137,0,-0.0044,0,0,-24
2586,0,158.54644775390625,0,0,-158.54644775390625,0,-0.004828940329316681,0,-0.0044,0,0,-24
2586.125,0,158.5540771484375,0,0.06103515625,-158.5540771484375,0,-0.0048298065567513671,0,-0.0042,0,0,-24
2586.25,0,158.55026245117188,0,-0.030517578125,-158.55026245117188,0,-0.0048293692775797431,0,-0.0046,0,0,-24
2586.375,0,158.54644775390625,0,-0.030517578125,-158.54644775390625,0,-0.0048289379887658836,0,-0.006,0,0,-24
2586.5,0,158.55026245117188,0,0.030517578125,-158.55026245117188,0,-0.00482937369942824,0,-0.0046,0,0,-24
2586.625,0,158.55026245117188,0,0,-158.55026245117188,0,-0.0048293728885568862,0,-0.0048,0,0,-24
2586.75,0,158.5540771484375,0,0.030517578125,-158.5540771484375,0,-0.0048298026532525053,0,-0.0046,0,0,-24
2586.875,0,158.55026245117188,0,-0.030517578125,-158.55026245117188,0,-0.0048293654469066761,0,-0.005,0,0,-24
2587,0,158.55026245117188,0,0,-158.55026245117188,0,-0.0048293647899988468,0,-0.005,0,0,-24
2587.125,0,158.55026245117188,0,0,-158.55026245117188,0,-0.0048293641453466471,0,-0.005,0,0,-24
2587.25,0,158.54644775390625,0,-0.030517578125,-158.54644775390625,0,-0.0048289329522825152,0,-0.005,0,0,-24
2587.375,0,158.55026245117188,0,0.030517578125,-158.55026245117188,0,-0.0048293687569082406,0,-0.0042,0,0,-24
2587.5,0,158.54644775390625,0,-0.030517578125,-158.54644775390625,0,-0.0048289374778083113,0,-0.0028,0,0,-24
2587.625,0,158.54644775390625,0,0,-158.54644775390625,0,-0.0048289426375644562,0,-0.0046,0,0,-24
2587.75,0,158.538818359375,0,-0.06103515625,-158.538818359375,0,-0.0048280865801795542,0,-0.0046,0,0,-24
2587.875,0,158.55026245117188,0,0.091552734375,-158.55026245117188,0,-0.0048293949605408195,0,-0.0052,0,0,-24
2588,0,158.55026245117188,0,0,-158.55026245117188,0,-0.0048293937530106013,0,-0.0046,0,0,-24
2588.125,0,158.5540771484375,0,0.030517578125,-158.5540771484375,0,-0.0048298231284476393,0,-0.0042,0,0,-24
2588.25,0,158.54644775390625,0,-0.06103515625,-158.54644775390625,0,-0.0048289549796665353,0,-0.0048,0,0,-24
2588.375,0,158.55026245117188,0,0.030517578125,-158.55026245117188,0,-0.00482939037333742,0,-0.0052,0,0,-24
2588.5,0,158.5540771484375,0,0.030517578125,-158.5540771484375,0,-0.0048298198118274767,0,-0.004,0,0,-24
2588.625,0,158.55026245117188,0,-0.030517578125,-158.55026245117188,0,-0.0048293822853619529,0,-0.0038,0,0,-24
2588.75,0,158.5540771484375,0,0.030517578125,-158.5540771484375,0,-0.0048298118747456724,0,-0.004,0,0,-24
2588.875,0,158.5540771484375,0,0,-158.5540771484375,0,-0.0048298050567975748,0,-0.0048,0,0,-24
2589,0,158.5540771484375,0,0,-158.5540771484375,0,-0.0048297983660488195,0,-0.0046,0,0,-24
2589.125,0,158.5540771484375,0,0,-158.5540771484375,0,-0.0048297918001263072,0,-0.005,0,0,-24
2589.25,0,158.55026245117188,0,-0.030517578125,-158.55026245117188,0,-0.0048293547962622949,0,-0.0048,0,0,-24
2589.375,0,158.55026245117188,0,0,-158.55026245117188,0,-0.0048293543380586723,0,-0.0048,0,0,-24
2589.5,0,158.54644775390625,0,-0.030517578125,-158.54644775390625,0,-0.0048289233279646317,0,-0.0044,0,0,-24
2589.625,0,158.55026245117188,0,0.030517578125,-158.55026245117188,0,-0.0048293593121468588,0,-0.0044,0,0,-24
2589.75,0,158.5540771484375,0,0.030517578125,-158.5540771484375,0,-0.0048297893301313573,0,-0.005,0,0,-24
2589.875,0,158.54644775390625,0,-0.06103515625,-158.54644775390625,0,-0.0048289218119099992,0,-0.0052,0,0,-24
2590,0,158.55026245117188,0,0.030517578125,-158.55026245117188,0,-0.0048293578243765647,0,-0.0036,0,0,-24
2590.125,0,158.55026245117188,0,0,-158.55026245117188,0,-0.0048293573096787976,0,-0.0044,0,0,-24
2590.25,0,158.55026245117188,0,0,-158.55026245117188,0,-0.0048293568045835117,0,-0.0048,0,0,-24
2590.375,0,158.54263305664063,0,-0.06103515625,-158.54263305664063,0,-0.0048284951880337278,0,-0.0058,0,0,-24
2590.5,0,158.55026245117188,0,0.06103515625,-158.55026245117188,0,-0.0048293675525059908,0,-0.0054,0,0,-24
2590.625,0,158.55026245117188,0,0,-158.55026245117188,0,-0.0048293668563149572,0,-0.0048,0,0,-24
2590.75,0,158.54644775390625,0,-0.030517578125,-158.54644775390625,0,-0.0048289356126735286,0,-0.0044,0,0,-24
2590.875,0,158.55026245117188,0,0.030517578125,-158.55026245117188,0,-0.0048293713676655541,0,-0.0052,0,0,-24
2591,0,158.5540771484375,0,0.030517578125,-158.5540771484375,0,-0.0048298011607357484,0,-0.0038,0,0,-24
2591.125,0,158.55026245117188,0,-0.030517578125,-158.55026245117188,0,-0.0048293639822351219,0,-0.0046,0,0,-24
2591.25,0,158.5540771484375,0,0.030517578125,-158.5540771484375,0,-0.0048297939130919178,0,-0.005,0,0,-24
2591.375,0,158.5540771484375,0,0,-158.5540771484375,0,-0.004829787430246188,0,-0.0048,0,0,-24
2591.5,0,158.55789184570313,0,0.030517578125,-158.55789184570313,0,-0.0048302116287868664,0,-0.0042,0,0,-24
2591.625,0,158.54644775390625,0,-0.091552734375,-158.54644775390625,0,-0.004828907839253483,0,-0.0044,0,0,-24
2591.75,0,158.55026245117188,0,0.030517578125,-158.55026245117188,0,-0.004829344112401518,0,-0.005,0,0,-24
2591.875,0,158.55026245117188,0,0,-158.55026245117188,0,-0.0048293438535218051,0,-0.0052,0,0,-24
2592,0,158.5540771484375,0,0.030517578125,-158.5540771484375,0,-0.00482977415991081,0,-0.0046,0,0,-24
2592.125,0,158.55026245117188,0,-0.030517578125,-158.55026245117188,0,-0.0048293374851522391,0,-0.0046,0,0,-24
2592.25,0,158.55026245117188,0,0,-158.55026245117188,0,-0.0048293373499140885,0,-0.0054,0,0,-24
2592.375,0,158.55026245117188,0,0,-158.55026245117188,0,-0.0048293372171990144,0,-0.0056,0,0,-24
2592.5,0,158.54644775390625,0,-0.030517578125,-158.54644775390625,0,-0.0048289065265210308,0,-0.0046,0,0,-24
2592.625,0,158.5540771484375,0,0.06103515625,-158.5540771484375,0,-0.0048297733845990322,0,-0.004,0,0,-24
2592.75,0,158.55026245117188,0,-0.030517578125,-158.55026245117188,0,-0.0048293367243050994,0,-0.0048,0,0,-24
2592.875,0,158.5540771484375,0,0.030517578125,-158.5540771484375,0,-0.0048297671637006429,0,-0.005,0,0,-24
2593,0,158.55026245117188,0,-0.030517578125,-158.55026245117188,0,-0.0048293306194671691,0,-0.0038,0,0,-24
2593.125,0,158.54644775390625,0,-0.030517578125,-158.54644775390625,0,-0.0048289000518800546,0,-0.0044,0,0,-24
2593.25,0,158.55026245117188,0,0.030517578125,-158.55026245117188,0,-0.0048293364703135581,0,-0.0058,0,0,-24
2593.375,0,158.55026245117188,0,0,-158.55026245117188,0,-0.0048293363540087885,0,-0.0056,0,0,-24
2593.5,0,158.55789184570313,0,0.06103515625,-158.55789184570313,0,-0.0048301973607516972,0,-0.0046,0,0,-24
2593.625,0,158.54644775390625,0,-0.091552734375,-158.54644775390625,0,-0.004828893837410528,0,-0.0044,0,0,-24
2593.75,0,158.54644775390625,0,0,-158.54644775390625,0,-0.0048288998113456376,0,-0.004,0,0,-24
2593.875,0,158.55026245117188,0,0.030517578125,-158.55026245117188,0,-0.0048293362342666816,0,-0.005,0,0,-24
2594,0,158.55026245117188,0,0,-158.55026245117188,0,-0.0048293361223657313,0,-0.004,0,0,-24
2594.125,0,158.54644775390625,0,-0.030517578125,-158.54644775390625,0,-0.0048289054521135528,0,-0.0046,0,0,-24
2594.25,0,158.54644775390625,0,0,-158.54644775390625,0,-0.0048289112093584542,0,-0.0048,0,0,-24
2594.375,0,158.54644775390625,0,0,-158.54644775390625,0,-0.0048289168591930673,0,-0.0036,0,0,-24
2594.5,0,158.55026245117188,0,0.030517578125,-158.55026245117188,0,-0.00482935296406021,0,-0.0046,0,0,-24
2594.625,0,158.55026245117188,0,0,-158.55026245117188,0,-0.0048293525400391448,0,-0.004,0,0,-24
2594.75,0,158.5540771484375,0,0.030517578125,-158.5540771484375,0,-0.0048297826843677633,0,-0.0044,0,0,-24
2594.875,0,158.5540771484375,0,0,-158.5540771484375,0,-0.00482977641101121,0,-0.005,0,0,-24
2595,0,158.55026245117188,0,-0.030517578125,-158.55026245117188,0,-0.0048293396942548882,0,-0.0048,0,0,-24
2595.125,0,158.55026245117188,0,0,-158.55026245117188,0,-0.0048293395178025181,0,-0.0036,0,0,-24
2595.25,0,158.54644775390625,0,-0.030517578125,-158.54644775390625,0,-0.0048289087842032265,0,-0.0046,0,0,-24
2595.375,0,158.55026245117188,0,0.030517578125,-158.55026245117188,0,-0.0048293450397217663,0,-0.0052,0,0,-24
2595.5,0,158.55026245117188,0,0,-158.55026245117188,0,-0.0048293447635414629,0,-0.0058,0,0,-24
2595.625,0,158.5540771484375,0,0.030517578125,-158.5540771484375,0,-0.0048297750529526463,0,-0.0042,0,0,-24
2595.75,0,158.54644775390625,0,-0.06103515625,-158.54644775390625,0,-0.004828907801094089,0,-0.0048,0,0,-24
2595.875,0,158.55026245117188,0,0.030517578125,-158.55026245117188,0,-0.0048293440749540466,0,-0.004,0,0,-24
2596,0,158.54644775390625,0,-0.030517578125,-158.54644775390625,0,-0.0048289132563340605,0,-0.0048,0,0,-24
2596.125,0,158.54644775390625,0,0,-158.54644775390625,0,-0.0048289188679791848,0,-0.0046,0,0,-24
2596.25,0,158.55026245117188,0,0.030517578125,-158.55026245117188,0,-0.0048293549353693229,0,-0.0044,0,0,-24
2596.375,0,158.55026245117188,0,0,-158.55026245117188,0,-0.0048293544745704438,0,-0.0056,0,0,-24
2596.5,0,158.55026245117188,0,0,-158.55026245117188,0,-0.0048293540223684787,0,-0.0042,0,0,-24
2596.625,0,158.5540771484375,0,0.030517578125,-158.5540771484375,0,-0.0048297841390419561,0,-0.0046,0,0,-24
2596.75,0,158.54644775390625,0,-0.06103515625,-158.54644775390625,0,-0.0048289167176683813,0,-0.0048,0,0,-24
2596.875,0,158.55026245117188,0,0.030517578125,-158.55026245117188,0,-0.0048293528251758854,0,-0.0058,0,0,-24
2597,0,158.55026245117188,0,0,-158.55026245117188,0,-0.0048293524037459215,0,-0.0046,0,0,-24
2597.125,0,158.5540771484375,0,0.030517578125,-158.5540771484375,0,-0.0048297825506173,0,-0.0048,0,0,-24
2597.25,0,158.54644775390625,0,-0.06103515625,-158.54644775390625,0,-0.0048289151588782392,0,-0.0058,0,0,-24
2597.375,0,158.5540771484375,0,0.06103515625,-158.5540771484375,0,-0.0048297818559062955,0,-0.0046,0,0,-24
2597.5,0,158.5540771484375,0,0,-158.5540771484375,0,-0.00482977559800597,0,-0.0042,0,0,-24
2597.625,0,158.55026245117188,0,-0.030517578125,-158.55026245117188,0,-0.0048293388964175147,0,-0.0048,0,0,-24
2597.75,0,158.55026245117188,0,0,-158.55026245117188,0,-0.0048293387348500322,0,-0.005,0,0,-24
2597.875,0,158.5540771484375,0,0.030517578125,-158.5540771484375,0,-0.0048297691367357575,0,-0.005,0,0,-24
2598,0,158.55026245117188,0,-0.030517578125,-158.55026245117188,0,-0.0048293325556922695,0,-0.0048,0,0,-24
2598.125,0,158.55026245117188,0,0,-158.55026245117188,0,-0.0048293325124208015,0,-0.0036,0,0,-24
2598.25,0,158.54644775390625,0,-0.030517578125,-158.54644775390625,0,-0.0048289019095177164,0,-0.0048,0,0,-24
2598.375,0,158.55026245117188,0,0.030517578125,-158.55026245117188,0,-0.0048293382932941224,0,-0.004,0,0,-24
2598.5,0,158.55026245117188,0,0,-158.55026245117188,0,-0.0048293381429788378,0,-0.0046,0,0,-24
2598.625,0,158.54644775390625,0,-0.030517578125,-158.54644775390625,0,-0.0048289074350290036,0,-0.0048,0,0,-24
2598.75,0,158.55026245117188,0,0.030517578125,-158.55026245117188,0,-0.00482934371571847,0,-0.0038,0,0,-24
2598.875,0,158.54644775390625,0,-0.030517578125,-158.54644775390625,0,-0.0048289129038005781,0,-0.0038,0,0,-24
2599,0,158.55026245117188,0,0.030517578125,-158.55026245117188,0,-0.0048293490824616722,0,-0.0044,0,0,-24
2599.125,0,158.54644775390625,0,-0.030517578125,-158.54644775390625,0,-0.0048289181704189044,0,-0.005,0,0,-24
2599.25,0,158.54644775390625,0,0,-158.54644775390625,0,-0.0048289236903841931,0,-0.005,0,0,-24
2599.375,0,158.54263305664063,0,-0.030517578125,-158.54263305664063,0,-0.0048284985469270944,0,-0.0056,0,0,-24
2599.5,0,158.55026245117188,0,0.06103515625,-158.55026245117188,0,-0.0048293708487340183,0,-0.0052,0,0,-24
2599.625,0,158.55026245117188,0,0,-158.55026245117188,0,-0.0048293700910467642,0,-0.004,0,0,-24
2599.75,0,158.54644775390625,0,-0.030517578125,-158.54644775390625,0,-0.0048289387870564214,0,-0.005,0,0,-24
2599.875,0,158.54644775390625,0,0,-158.54644775390625,0,-0.0048289439223865227,0,-0.0042,0,0,-24
2600,0,158.55026245117188,0,0.030517578125,-158.55026245117188,0,-0.0048293795223480294,0,-0.005,0,0,-24
2600.125,0,158.54644775390625,0,-0.030517578125,-158.54644775390625,0,-0.0048289480424022081,0,-0.0056,0,0,-24
2600.25,0,158.54644775390625,0,0,-158.54644775390625,0,-0.0048289530050595513,0,-0.0044,0,0,-24
2600.375,0,158.54263305664063,0,-0.030517578125,-158.54263305664063,0,-0.0048285273146919461,0,-0.0046,0,0,-24
2600.5,0,158.54644775390625,0,0.030517578125,-158.54644775390625,0,-0.00482896851935291,0,-0.0048,0,0,-24
2600.625,0,158.54644775390625,0,0,-158.54644775390625,0,-0.0048289730999811382,0,-0.0046,0,0,-24
2600.75,0,158.54263305664063,0,-0.030517578125,-158.54263305664063,0,-0.004828547034711762,0,-0.0048,0,0,-24
2600.875,0,158.54644775390625,0,0.030517578125,-158.54644775390625,0,-0.0048289878714653251,0,-0.0056,0,0,-24
2601,0,158.54644775390625,0,0,-158.54644775390625,0,-0.0048289920910500328,0,-0.0052,0,0,-24
2601.125,0,158.54263305664063,0,-0.030517578125,-158.54263305664063,0,-0.00482856567147296,0,-0.0058,0,0,-24
2601.25,0,158.55026245117188,0,0.06103515625,-158.55026245117188,0,-0.0048294367209678968,0,-0.0046,0,0,-24
2601.375,0,158.55026245117188,0,0,-158.55026245117188,0,-0.0048294347343324686,0,-0.004,0,0,-24
2601.5,0,158.54263305664063,0,-0.06103515625,-158.54263305664063,0,-0.00482857166388296,0,-0.0046,0,0,-24
2601.625,0,158.55026245117188,0,0.06103515625,-158.55026245117188,0,-0.0048294426015802411,0,-0.0044,0,0,-24
2601.75,0,158.54263305664063,0,-0.06103515625,-158.54263305664063,0,-0.0048285793843550846,0,-0.0054,0,0,-24
2601.875,0,158.54644775390625,0,0.030517578125,-158.54644775390625,0,-0.0048290196175761312,0,-0.0036,0,0,-24
2602,0,158.54644775390625,0,0,-158.54644775390625,0,-0.0048290232448881532,0,-0.0048,0,0,-24
2602.125,0,158.54263305664063,0,-0.030517578125,-158.54263305664063,0,-0.0048285962440881552,0,-0.0042,0,0,-24
2602.25,0,158.55026245117188,0,0.06103515625,-158.55026245117188,0,-0.0048294667232037774,0,-0.0048,0,0,-24
2602.375,0,158.54263305664063,0,-0.06103515625,-158.54263305664063,0,-0.0048286030559525107,0,-0.0048,0,0,-24
2602.5,0,158.54644775390625,0,0.030517578125,-158.54644775390625,0,-0.0048290428475433779,0,-0.004,0,0,-24
2602.625,0,158.54644775390625,0,0,-158.54644775390625,0,-0.0048290460414645133,0,-0.005,0,0,-24
2602.75,0,158.55026245117188,0,0.030517578125,-158.55026245117188,0,-0.0048294797362370342,0,-0.0052,0,0,-24
2602.875,0,158.54644775390625,0,-0.030517578125,-158.54644775390625,0,-0.0048290463866464675,0,-0.0036,0,0,-24
2603,0,158.54644775390625,0,0,-158.54644775390625,0,-0.0048290495145401737,0,-0.0056,0,0,-24
2603.125,0,158.54644775390625,0,0,-158.54644775390625,0,-0.0048290525840781959,0,-0.006,0,0,-24
2603.25,0,158.55026245117188,0,0.030517578125,-158.55026245117188,0,-0.0048294861567881623,0,-0.0046,0,0,-24
2603.375,0,158.54263305664063,0,-0.06103515625,-158.54263305664063,0,-0.00482862212697339,0,-0.0048,0,0,-24
2603.5,0,158.54644775390625,0,0.030517578125,-158.54644775390625,0,-0.0048290615627649336,0,-0.0046,0,0,-24
2603.625,0,158.55026245117188,0,0.030517578125,-158.55026245117188,0,-0.0048294949679636434,0,-0.0056,0,0,-24
2603.75,0,158.55026245117188,0,0,-158.55026245117188,0,-0.0048294918946406255,0,-0.005,0,0,-24
2603.875,0,158.54644775390625,0,-0.030517578125,-158.54644775390625,0,-0.0048290583182162778,0,-0.0058,0,0,-24
2604,0,158.54644775390625,0,0,-158.54644775390625,0,-0.0048290612235081364,0,-0.0046,0,0,-24
2604.125,0,158.5540771484375,0,0.06103515625,-158.5540771484375,0,-0.0048299251954751219,0,-0.0044,0,0,-24
2604.25,0,158.54644775390625,0,-0.06103515625,-158.54644775390625,0,-0.0048290551424761147,0,-0.0052,0,0,-24
2604.375,0,158.54263305664063,0,-0.030517578125,-158.54263305664063,0,-0.00482862754657739,0,-0.0046,0,0,-24
2604.5,0,158.54644775390625,0,0.030517578125,-158.54644775390625,0,-0.0048290668812578583,0,-0.005,0,0,-24
2604.625,0,158.5540771484375,0,0.06103515625,-158.5540771484375,0,-0.0048299307476707921,0,-0.0048,0,0,-24
2604.75,0,158.55026245117188,0,-0.030517578125,-158.55026245117188,0,-0.00482949115152592,0,-0.005,0,0,-24
2604.875,0,158.54644775390625,0,-0.030517578125,-158.54644775390625,0,-0.0048290575889655242,0,-0.0058,0,0,-24
2605,0,158.55026245117188,0,0.030517578125,-158.55026245117188,0,-0.0048294910683015944,0,-0.0052,0,0,-24
2605.125,0,158.5540771484375,0,0.030517578125,-158.5540771484375,0,-0.0048299186281717064,0,-0.0048,0,0,-24
2605.25,0,158.55026245117188,0,-0.030517578125,-158.55026245117188,0,-0.0048294792581347924,0,-0.0054,0,0,-24
2605.375,0,158.55026245117188,0,0,-158.55026245117188,0,-0.0048294764779028745,0,-0.0038,0,0,-24
2605.5,0,158.54644775390625,0,-0.030517578125,-158.54644775390625,0,-0.00482904318910156,0,-0.0044,0,0,-24
2605.625,0,158.55026245117188,0,0.030517578125,-158.55026245117188,0,-0.0048294769370893133,0,-0.0054,0,0,-24
2605.75,0,158.54644775390625,0,-0.030517578125,-158.54644775390625,0,-0.0048290436397211674,0,-0.0044,0,0,-24
2605.875,0,158.5540771484375,0,0.06103515625,-158.5540771484375,0,-0.0048299079397408334,0,-0.004,0,0,-24
2606,0,158.55026245117188,0,-0.030517578125,-158.55026245117188,0,-0.0048294687691130909,0,-0.0054,0,0,-24
2606.125,0,158.55026245117188,0,0,-158.55026245117188,0,-0.004829466184570059,0,-0.0056,0,0,-24
2606.25,0,158.54644775390625,0,-0.030517578125,-158.54644775390625,0,-0.0048290330878067523,0,-0.004,0,0,-24
2606.375,0,158.54263305664063,0,-0.030517578125,-158.54263305664063,0,-0.0048286059033719186,0,-0.0056,0,0,-24
2606.5,0,158.54263305664063,0,0,-158.54263305664063,0,-0.0048286150814008666,0,-0.005,0,0,-24
2606.625,0,158.54644775390625,0,0.030517578125,-158.54644775390625,0,-0.0048290546486384383,0,-0.0054,0,0,-24
2606.75,0,158.54263305664063,0,-0.030517578125,-158.54263305664063,0,-0.0048286270619530176,0,-0.0054,0,0,-24
2606.875,0,158.55026245117188,0,0.06103515625,-158.55026245117188,0,-0.0048294969661138139,0,-0.0048,0,0,-24
2607,0,158.54644775390625,0,-0.030517578125,-158.54644775390625,0,-0.0048290632950733076,0,-0.0046,0,0,-24
2607.125,0,158.54644775390625,0,0,-158.54644775390625,0,-0.0048290661075142179,0,-0.0054,0,0,-24
2607.25,0,158.54644775390625,0,0,-158.54644775390625,0,-0.0048290688674847036,0,-0.0044,0,0,-24
2607.375,0,158.55026245117188,0,0.030517578125,-158.55026245117188,0,-0.0048295021364025935,0,-0.005,0,0,-24
2607.5,0,158.54263305664063,0,-0.06103515625,-158.54263305664063,0,-0.0048286378084634552,0,-0.0046,0,0,-24
2607.625,0,158.55026245117188,0,0.06103515625,-158.55026245117188,0,-0.0048295075121315163,0,-0.0042,0,0,-24
2607.75,0,158.55026245117188,0,0,-158.55026245117188,0,-0.0048295042047776888,0,-0.005,0,0,-24
2607.875,0,158.55026245117188,0,0,-158.55026245117188,0,-0.004829500959127651,0,-0.0054,0,0,-24
2608,0,158.54644775390625,0,-0.030517578125,-158.54644775390625,0,-0.00482906721359131,0,-0.0044,0,0,-24
2608.125,0,158.54644775390625,0,0,-158.54644775390625,0,-0.0048290699529262206,0,-0.0058,0,0,-24
2608.25,0,158.54644775390625,0,0,-158.54644775390625,0,-0.0048290726411546114,0,-0.004,0,0,-24
2608.375,0,158.55026245117188,0,0.030517578125,-158.55026245117188,0,-0.0048295058396688661,0,-0.0048,0,0,-24
2608.5,0,158.54644775390625,0,-0.030517578125,-158.54644775390625,0,-0.0048290720030784969,0,-0.0046,0,0,-24
2608.625,0,158.54644775390625,0,0,-158.54644775390625,0,-0.0048290746530581328,0,-0.0036,0,0,-24
2608.75,0,158.54644775390625,0,0,-158.54644775390625,0,-0.0048290772535983092,0,-0.0054,0,0,-24
2608.875,0,158.5540771484375,0,0.06103515625,-158.5540771484375,0,-0.0048299409264992259,0,-0.005,0,0,-24
2609,0,158.54263305664063,0,-0.091552734375,-158.54263305664063,0,-0.0048286400195747719,0,-0.0058,0,0,-24
2609.125,0,158.54644775390625,0,0.030517578125,-158.54644775390625,0,-0.0048290791215522258,0,-0.0044,0,0,-24
2609.25,0,158.55026245117188,0,0.030517578125,-158.55026245117188,0,-0.0048295121991646624,0,-0.005,0,0,-24
2609.375,0,158.55026245117188,0,0,-158.55026245117188,0,-0.0048295088043669989,0,-0.005,0,0,-24
2609.5,0,158.54644775390625,0,-0.030517578125,-158.54644775390625,0,-0.0048290749124656118,0,-0.0038,0,0,-24
2609.625,0,158.55026245117188,0,0.030517578125,-158.55026245117188,0,-0.0048295080686050545,0,-0.0044,0,0,-24
2609.75,0,158.54263305664063,0,-0.06103515625,-158.54263305664063,0,-0.0048286436299915247,0,-0.0044,0,0,-24
2609.875,0,158.54644775390625,0,0.030517578125,-158.54644775390625,0,-0.0048290826646110825,0,-0.0056,0,0,-24
2610,0,158.54644775390625,0,0,-158.54644775390625,0,-0.0048290851156833755,0,-0.005,0,0,-24
2610.125,0,158.54644775390625,0,0,-158.54644775390625,0,-0.004829087521027133,0,-0.0048,0,0,-24
2610.25,0,158.54644775390625,0,0,-158.54644775390625,0,-0.0048290898814954911,0,-0.0048,0,0,-24
2610.375,0,158.54644775390625,0,0,-158.54644775390625,0,-0.004829092197925669,0,-0.0046,0,0,-24
2610.5,0,158.54644775390625,0,0,-158.54644775390625,0,-0.0048290944711392673,0,-0.004,0,0,-24
2610.625,0,158.54644775390625,0,0,-158.54644775390625,0,-0.0048290967019425576,0,-0.0048,0,0,-24
2610.75,0,158.55026245117188,0,0.030517578125,-158.55026245117188,0,-0.0048295294515656841,0,-0.0054,0,0,-24
2610.875,0,158.54263305664063,0,-0.06103515625,-158.54263305664063,0,-0.0048286646140200265,0,-0.0034,0,0,-24
2611,0,158.54644775390625,0,0.030517578125,-158.54644775390625,0,-0.0048291032571501514,0,-0.0046,0,0,-24
2611.125,0,158.54263305664063,0,-0.030517578125,-158.54263305664063,0,-0.0048286747635979347,0,-0.0052,0,0,-24
2611.25,0,158.54644775390625,0,0.030517578125,-158.54644775390625,0,-0.0048291132173720209,0,-0.0048,0,0,-24
2611.375,0,158.54263305664063,0,-0.030517578125,-158.54263305664063,0,-0.0048286845379964943,0,-0.0048,0,0,-24
2611.5,0,158.54263305664063,0,0,-158.54263305664063,0,-0.0048286922489751754,0,-0.0054,0,0,-24
2611.625,0,158.54644775390625,0,0.030517578125,-158.54644775390625,0,-0.0048291303765325665,0,-0.004,0,0,-24
2611.75,0,158.55026245117188,0,0.030517578125,-158.55026245117188,0,-0.0048295624979042507,0,-0.0054,0,0,-24
2611.875,0,158.54644775390625,0,-0.030517578125,-158.54644775390625,0,-0.0048291276042670686,0,-0.005,0,0,-24
2612,0,158.54644775390625,0,0,-158.54644775390625,0,-0.0048291292169207311,0,-0.0048,0,0,-24
2612.125,0,158.55026245117188,0,0.030517578125,-158.55026245117188,0,-0.0048295613599267642,0,-0.0058,0,0,-24
2612.25,0,158.54644775390625,0,-0.030517578125,-158.54644775390625,0,-0.0048291264875203075,0,-0.0044,0,0,-24
2612.375,0,158.54644775390625,0,0,-158.54644775390625,0,-0.0048291281210086036,0,-0.004,0,0,-24
2612.5,0,158.55026245117188,0,0.030517578125,-158.55026245117188,0,-0.0048295602844605681,0,-0.0054,0,0,-24
2612.625,0,158.55026245117188,0,0,-158.55026245117188,0,-0.0048295559925575068,0,-0.0052,0,0,-24
2612.75,0,158.5540771484375,0,0.030517578125,-158.5540771484375,0,-0.0048299823411654362,0,-0.004,0,0,-24
2612.875,0,158.5540771484375,0,0,-158.5540771484375,0,-0.0048299723429032215,0,-0.005,0,0,-24
2613,0,158.55026245117188,0,-0.030517578125,-158.55026245117188,0,-0.0048295319707351006,0,-0.0054,0,0,-24
2613.125,0,158.54644775390625,0,-0.030517578125,-158.54644775390625,0,-0.0048290976466293664,0,-0.005,0,0,-24
2613.25,0,158.54263305664063,0,-0.030517578125,-158.54263305664063,0,-0.0048286692577500729,0,-0.005,0,0,-24
2613.375,0,158.54644775390625,0,0.030517578125,-158.54644775390625,0,-0.0048291078142442476,0,-0.0048,0,0,-24
2613.5,0,158.5540771484375,0,0.06103515625,-158.5540771484375,0,-0.0048299709169891542,0,-0.004,0,0,-24
2613.625,0,158.55026245117188,0,-0.030517578125,-158.55026245117188,0,-0.00482953057142366,0,-0.0036,0,0,-24
2613.75,0,158.54644775390625,0,-0.030517578125,-158.54644775390625,0,-0.0048290962734242413,0,-0.0046,0,0,-24
2613.875,0,158.55026245117188,0,0.030517578125,-158.55026245117188,0,-0.0048295290310420378,0,-0.0048,0,0,-24
2614,0,158.54644775390625,0,-0.030517578125,-158.54644775390625,0,-0.0048290947617808146,0,-0.0056,0,0,-24
2614.125,0,158.55026245117188,0,0.030517578125,-158.55026245117188,0,-0.0048295275476006516,0,-0.0054,0,0,-24
2614.25,0,158.54644775390625,0,-0.030517578125,-158.54644775390625,0,-0.0048290933060153168,0,-0.0044,0,0,-24
2614.375,0,158.55026245117188,0,0.030517578125,-158.55026245117188,0,-0.0048295261189947062,0,-0.005,0,0,-24
2614.5,0,158.54263305664063,0,-0.06103515625,-158.54263305664063,0,-0.0048286613436233031,0,-0.0038,0,0,-24
2614.625,0,158.54644775390625,0,0.030517578125,-158.54644775390625,0,-0.0048291000477677249,0,-0.0038,0,0,-24
2614.75,0,158.54263305664063,0,-0.030517578125,-158.54263305664063,0,-0.0048286716140914891,0,-0.0044,0,0,-24
2614.875,0,158.54644775390625,0,0.030517578125,-158.54644775390625,0,-0.0048291101266244784,0,-0.0046,0,0,-24
2615,0,158.54644775390625,0,0,-158.54644775390625,0,-0.004829112065350534,0,-0.005,0,0,-24
2615.125,0,158.54263305664063,0,-0.030517578125,-158.54263305664063,0,-0.0048286834074677465,0,-0.0044,0,0,-24
2615.25,0,158.55026245117188,0,0.06103515625,-158.55026245117188,0,-0.004829552260416016,0,-0.0044,0,0,-24
2615.375,0,158.54644775390625,0,-0.030517578125,-158.54644775390625,0,-0.0048291175577749746,0,-0.0052,0,0,-24
2615.5,0,158.54263305664063,0,-0.030517578125,-158.54263305664063,0,-0.0048286887974225336,0,-0.0042,0,0,-24
2615.625,0,158.54644775390625,0,0.030517578125,-158.54644775390625,0,-0.004829126989373966,0,-0.0066,0,0,-24
2615.75,0,158.55026245117188,0,0.030517578125,-158.55026245117188,0,-0.004829559173938321,0,-0.004,0,0,-24
2615.875,0,158.55026245117188,0,0,-158.55026245117188,0,-0.0048295549027537656,0,-0.0056,0,0,-24
2616,0,158.54263305664063,0,-0.06103515625,-158.54263305664063,0,-0.004828689590376919,0,-0.004,0,0,-24
2616.125,0,158.5540771484375,0,0.091552734375,-158.5540771484375,0,-0.0048299888884123935,0,-0.004,0,0,-24
2616.25,0,158.5540771484375,0,0,-158.5540771484375,0,-0.004829978768001183,0,-0.0052,0,0,-24
2616.375,0,158.54644775390625,0,-0.06103515625,-158.54644775390625,0,-0.0048291077155240315,0,-0.0044,0,0,-24
2616.5,0,158.55026245117188,0,0.030517578125,-158.55026245117188,0,-0.0048295402596718,0,-0.004,0,0,-24
2616.625,0,158.54644775390625,0,-0.030517578125,-158.54644775390625,0,-0.0048291057809231605,0,-0.0046,0,0,-24
2616.75,0,158.55026245117188,0,0.030517578125,-158.55026245117188,0,-0.0048295383611638935,0,-0.0046,0,0,-24
2616.875,0,158.55026245117188,0,0,-158.55026245117188,0,-0.0048295344782737625,0,-0.0054,0,0,-24
2617,0,158.55026245117188,0,0,-158.55026245117188,0,-0.0048295306678249389,0,-0.0048,0,0,-24
2617.125,0,158.54644775390625,0,-0.030517578125,-158.54644775390625,0,-0.0048290963680270044,0,-0.0046,0,0,-24
2617.25,0,158.55026245117188,0,0.030517578125,-158.55026245117188,0,-0.00482952912387984,0,-0.0046,0,0,-24
2617.375,0,158.55026245117188,0,0,-158.55026245117188,0,-0.0048295254133254974,0,-0.0044,0,0,-24
2617.5,0,158.55026245117188,0,0,-158.55026245117188,0,-0.0048295217719972723,0,-0.0046,0,0,-24
2617.625,0,158.54644775390625,0,-0.030517578125,-158.54644775390625,0,-0.0048290876381647313,0,-0.0046,0,0,-24
2617.75,0,158.55026245117188,0,0.030517578125,-158.55026245117188,0,-0.00482952055688662,0,-0.0046,0,0,-24
2617.875,0,158.55026245117188,0,0,-158.55026245117188,0,-0.0048295170061627554,0,-0.0044,0,0,-24
2618,0,158.538818359375,0,-0.091552734375,-158.538818359375,0,-0.0048282218403663778,0,-0.0048,0,0,-24
2618.125,0,158.54263305664063,0,0.030517578125,-158.54263305664063,0,-0.0048286665763623005,0,-0.0056,0,0,-24
2618.25,0,158.54263305664063,0,0,-158.54263305664063,0,-0.004828674622442985,0,-0.0046,0,0,-24
2618.375,0,158.54263305664063,0,0,-158.54263305664063,0,-0.0048286825184116183,0,-0.0036,0,0,-24
2618.5,0,158.55026245117188,0,0.06103515625,-158.55026245117188,0,-0.0048295513879466016,0,-0.0046,0,0,-24
2618.625,0,158.54263305664063,0,-0.06103515625,-158.54263305664063,0,-0.0048286861411439069,0,-0.005,0,0,-24
2618.75,0,158.54263305664063,0,0,-158.54263305664063,0,-0.0048286938222133991,0,-0.005,0,0,-24
2618.875,0,158.54644775390625,0,0.030517578125,-158.54644775390625,0,-0.0048291319204196038,0,-0.0048,0,0,-24
2619,0,158.54263305664063,0,-0.030517578125,-158.54263305664063,0,-0.0048287028921098632,0,-0.0044,0,0,-24
2619.125,0,158.54644775390625,0,0.030517578125,-158.54644775390625,0,-0.0048291408211031525,0,-0.0038,0,0,-24
2619.25,0,158.54644775390625,0,0,-158.54644775390625,0,-0.0048291421871763419,0,-0.0046,0,0,-24
2619.375,0,158.54644775390625,0,0,-158.54644775390625,0,-0.004829143527763328,0,-0.0048,0,0,-24
2619.5,0,158.54644775390625,0,0,-158.54644775390625,0,-0.0048291448433395948,0,-0.0044,0,0,-24
2619.625,0,158.54644775390625,0,0,-158.54644775390625,0,-0.0048291461343717562,0,-0.0044,0,0,-24
2619.75,0,158.54263305664063,0,-0.030517578125,-158.54263305664063,0,-0.0048287168408788035,0,-0.0044,0,0,-24
2619.875,0,158.5540771484375,0,0.091552734375,-158.5540771484375,0,-0.0048300156305141131,0,-0.0044,0,0,-24
2620,0,158.54644775390625,0,-0.06103515625,-158.54644775390625,0,-0.004829143890309898,0,-0.0044,0,0,-24
2620.125,0,158.54644775390625,0,0,-158.54644775390625,0,-0.0048291451991222993,0,-0.0054,0,0,-24
2620.25,0,158.54644775390625,0,0,-158.54644775390625,0,-0.0048291464835167859,0,-0.0052,0,0,-24
2620.375,0,158.54263305664063,0,-0.030517578125,-158.54263305664063,0,-0.0048287171835099943,0,-0.0038,0,0,-24
2620.5,0,158.54644775390625,0,0.030517578125,-158.54644775390625,0,-0.00482915484587516,0,-0.0046,0,0,-24
2620.625,0,158.54644775390625,0,0,-158.54644775390625,0,-0.0048291559502945851,0,-0.0056,0,0,-24
2620.75,0,158.54644775390625,0,0,-158.54644775390625,0,-0.0048291570341093618,0,-0.006,0,0,-24
2620.875,0,158.55026245117188,0,0.030517578125,-158.55026245117188,0,-0.0048295886581428147,0,-0.0046,0,0,-24
2621,0,158.5540771484375,0,0.030517578125,-158.5540771484375,0,-0.0048300143973238428,0,-0.004,0,0,-24
2621.125,0,158.5540771484375,0,0,-158.5540771484375,0,-0.0048300038010045251,0,-0.005,0,0,-24
2621.25,0,158.5540771484375,0,0,-158.5540771484375,0,-0.0048299934023758959,0,-0.005,0,0,-24
2621.375,0,158.54263305664063,0,-0.091552734375,-158.54263305664063,0,-0.0048286915164329845,0,-0.0048,0,0,-24
2621.5,0,158.55026245117188,0,0.06103515625,-158.55026245117188,0,-0.0048295602180959936,0,-0.004,0,0,-24
2621.625,0,158.54644775390625,0,-0.030517578125,-158.54644775390625,0,-0.004829125366992152,0,-0.0058,0,0,-24
2621.75,0,158.54644775390625,0,0,-158.54644775390625,0,-0.00482912702138563,0,-0.0048,0,0,-24
2621.875,0,158.55026245117188,0,0.030517578125,-158.55026245117188,0,-0.004829559205352758,0,-0.0042,0,0,-24
2622,0,158.55026245117188,0,0,-158.55026245117188,0,-0.0048295549335821177,0,-0.0042,0,0,-24
2622.125,0,158.54263305664063,0,-0.06103515625,-158.54263305664063,0,-0.0048286896206301208,0,-0.0062,0,0,-24
2622.25,0,158.54263305664063,0,0,-158.54263305664063,0,-0.0048286972367844279,0,-0.0054,0,0,-24
2622.375,0,158.54644775390625,0,0.030517578125,-158.54644775390625,0,-0.00482913527128654,0,-0.005,0,0,-24
2622.5,0,158.54263305664063,0,-0.030517578125,-158.54263305664063,0,-0.0048287061804612062,0,-0.0036,0,0,-24
2622.625,0,158.54644775390625,0,0.030517578125,-158.54644775390625,0,-0.0048291440481052269,0,-0.0044,0,0,-24
2622.75,0,158.55026245117188,0,0.030517578125,-158.55026245117188,0,-0.0048295759144126264,0,-0.0054,0,0,-24
2622.875,0,158.54644775390625,0,-0.030517578125,-158.54644775390625,0,-0.0048291407704697765,0,-0.005,0,0,-24
2623,0,158.54644775390625,0,0,-158.54644775390625,0,-0.00482914213748761,0,-0.0046,0,0,-24
2623.125,0,158.54263305664063,0,-0.030517578125,-158.54263305664063,0,-0.0048287129185626988,0,-0.0044,0,0,-24
2623.25,0,158.54263305664063,0,0,-158.54263305664063,0,-0.0048287201000581214,0,-0.0042,0,0,-24
2623.375,0,158.54263305664063,0,0,-158.54263305664063,0,-0.0048287271475716646,0,-0.0056,0,0,-24
2623.5,0,158.54644775390625,0,0.030517578125,-158.54644775390625,0,-0.0048291646240418845,0,-0.0048,0,0,-24
2623.625,0,158.54263305664063,0,-0.030517578125,-158.54263305664063,0,-0.0048287349855956037,0,-0.0044,0,0,-24
2623.75,0,158.55026245117188,0,0.06103515625,-158.55026245117188,0,-0.0048296028762743045,0,-0.0044,0,0,-24
2623.875,0,158.54644775390625,0,-0.030517578125,-158.54644775390625,0,-0.0048291672293163191,0,-0.0042,0,0,-24
2624,0,158.55026245117188,0,0.030517578125,-158.55026245117188,0,-0.0048295986631424533,0,-0.0042,0,0,-24
2624.125,0,158.54644775390625,0,-0.030517578125,-158.54644775390625,0,-0.004829163094786944,0,-0.006,0,0,-24
2624.25,0,158.54263305664063,0,-0.030517578125,-158.54263305664063,0,-0.0048287334848712733,0,-0.0042,0,0,-24
2624.375,0,158.54644775390625,0,0.030517578125,-158.54644775390625,0,-0.0048291708431093894,0,-0.0044,0,0,-24
2624.5,0,158.54644775390625,0,0,-158.54644775390625,0,-0.0048291716490757239,0,-0.0048,0,0,-24
2624.625,0,158.54263305664063,0,-0.030517578125,-158.54263305664063,0,-0.0048287418795665959,0,-0.0044,0,0,-24
2624.75,0,158.54644775390625,0,0.030517578125,-158.54644775390625,0,-0.0048291790811887166,0,-0.0052,0,0,-24
2624.875,0,158.54644775390625,0,0,-158.54644775390625,0,-0.0048291797334609685,0,-0.0048,0,0,-24
2625,0,158.538818359375,0,-0.06103515625,-158.538818359375,0,-0.0048283192526862419,0,-0.0046,0,0,-24
2625.125,0,158.54644775390625,0,0.06103515625,-158.54644775390625,0,-0.0048291927317439323,0,-0.0044,0,0,-24
2625.25,0,158.538818359375,0,-0.06103515625,-158.538818359375,0,-0.0048283320084661786,0,-0.005,0,0,-24
2625.375,0,158.54263305664063,0,0.030517578125,-158.54263305664063,0,-0.0048287746891061932,0,-0.0042,0,0,-24
2625.5,0,158.538818359375,0,-0.030517578125,-158.538818359375,0,-0.0048283501577378891,0,-0.005,0,0,-24
2625.625,0,158.54263305664063,0,0.030517578125,-158.54263305664063,0,-0.0048287924997752326,0,-0.0054,0,0,-24
2625.75,0,158.54644775390625,0,0.030517578125,-158.54644775390625,0,-0.0048292287569992459,0,-0.004,0,0,-24
2625.875,0,158.55026245117188,0,0.030517578125,-158.55026245117188,0,-0.0048296590429315082,0,-0.0042,0,0,-24
2626,0,158.54263305664063,0,-0.06103515625,-158.54263305664063,0,-0.0048287917876589414,0,-0.0058,0,0,-24
2626.125,0,158.54644775390625,0,0.030517578125,-158.54644775390625,0,-0.0048292280581685833,0,-0.0046,0,0,-24
2626.25,0,158.54263305664063,0,-0.030517578125,-158.54263305664063,0,-0.00482879723626078,0,-0.005,0,0,-24
2626.375,0,158.54644775390625,0,0.030517578125,-158.54644775390625,0,-0.0048292334051183465,0,-0.0048,0,0,-24
2626.5,0,158.54644775390625,0,0,-158.54644775390625,0,-0.0048292330438938613,0,-0.005,0,0,-24
2626.625,0,158.54263305664063,0,-0.030517578125,-158.54263305664063,0,-0.0048288021289696588,0,-0.0048,0,0,-24
2626.75,0,158.55026245117188,0,0.06103515625,-158.55026245117188,0,-0.0048296687669851044,0,-0.0056,0,0,-24
2626.875,0,158.54263305664063,0,-0.06103515625,-158.54263305664063,0,-0.0048288013302953126,0,-0.0058,0,0,-24
2627,0,158.54644775390625,0,0.030517578125,-158.54644775390625,0,-0.0048292374227723468,0,-0.0048,0,0,-24
2627.125,0,158.54644775390625,0,0,-158.54644775390625,0,-0.0048292369865923258,0,-0.0046,0,0,-24
2627.25,0,158.5540771484375,0,0.06103515625,-158.5540771484375,0,-0.004830097679427746,0,-0.0044,0,0,-24
2627.375,0,158.54644775390625,0,-0.06103515625,-158.54644775390625,0,-0.0048292244084744331,0,-0.0046,0,0,-24
2627.5,0,158.5540771484375,0,0.06103515625,-158.5540771484375,0,-0.0048300853359740529,0,-0.0048,0,0,-24
2627.625,0,158.54644775390625,0,-0.06103515625,-158.54644775390625,0,-0.0048292122953069163,0,-0.0046,0,0,-24
2627.75,0,158.5540771484375,0,0.06103515625,-158.5540771484375,0,-0.0048300734487963688,0,-0.0048,0,0,-24
2627.875,0,158.55026245117188,0,-0.030517578125,-158.55026245117188,0,-0.0048296311903417892,0,-0.0042,0,0,-24
2628,0,158.54263305664063,0,-0.06103515625,-158.54263305664063,0,-0.0048287644547022647,0,-0.0052,0,0,-24
2628.125,0,158.55026245117188,0,0.06103515625,-158.55026245117188,0,-0.0048296317955893054,0,-0.005,0,0,-24
2628.25,0,158.54644775390625,0,-0.030517578125,-158.54644775390625,0,-0.0048291956090968716,0,-0.0046,0,0,-24
2628.375,0,158.54644775390625,0,0,-158.54644775390625,0,-0.0048291959530154917,0,-0.0036,0,0,-24
2628.5,0,158.54263305664063,0,-0.030517578125,-158.54263305664063,0,-0.0048287657300788624,0,-0.0052,0,0,-24
2628.625,0,158.538818359375,0,-0.030517578125,-158.538818359375,0,-0.004828341365855038,0,-0.0042,0,0,-24
2628.75,0,158.54644775390625,0,0.06103515625,-158.54644775390625,0,-0.0048292144323574407,0,-0.0034,0,0,-24
2628.875,0,158.54263305664063,0,-0.030517578125,-158.54263305664063,0,-0.0048287838646601713,0,-0.0044,0,0,-24
2629,0,158.55026245117188,0,0.06103515625,-158.55026245117188,0,-0.0048296508434244947,0,-0.0054,0,0,-24
2629.125,0,158.55026245117188,0,0,-158.55026245117188,0,-0.0048296448620042147,0,-0.0052,0,0,-24
2629.25,0,158.55026245117188,0,0,-158.55026245117188,0,-0.00482963899217656,0,-0.0042,0,0,-24
2629.375,0,158.538818359375,0,-0.091552734375,-158.538818359375,0,-0.0048283415505428525,0,-0.0046,0,0,-24
2629.5,0,158.54263305664063,0,0.030517578125,-158.54263305664063,0,-0.0048287840531607024,0,-0.0032,0,0,-24
2629.625,0,158.55026245117188,0,0.06103515625,-158.55026245117188,0,-0.0048296510284082574,0,-0.0054,0,0,-24
2629.75,0,158.55026245117188,0,0,-158.55026245117188,0,-0.00482964504353682,0,-0.0048,0,0,-24
2629.875,0,158.55026245117188,0,0,-158.55026245117188,0,-0.0048296391703223944,0,-0.0048,0,0,-24
2630,0,158.54263305664063,0,-0.06103515625,-158.54263305664063,0,-0.004828772285804017,0,-0.0048,0,0,-24
2630.125,0,158.54644775390625,0,0.030517578125,-158.54644775390625,0,-0.0048292089201508572,0,-0.0048,0,0,-24
2630.25,0,158.55026245117188,0,0.030517578125,-158.55026245117188,0,-0.0048296395761701378,0,-0.005,0,0,-24
2630.375,0,158.54263305664063,0,-0.06103515625,-158.54263305664063,0,-0.0048287726840800446,0,-0.0046,0,0,-24
2630.5,0,158.54644775390625,0,0.030517578125,-158.54644775390625,0,-0.004829209310996431,0,-0.0052,0,0,-24
2630.625,0,158.54263305664063,0,-0.030517578125,-158.54263305664063,0,-0.004828778838846054,0,-0.0048,0,0,-24
2630.75,0,158.54644775390625,0,0.030517578125,-158.54644775390625,0,-0.0048292153509357826,0,-0.005,0,0,-24
2630.875,0,158.54263305664063,0,-0.030517578125,-158.54263305664063,0,-0.0048287847661010169,0,-0.0048,0,0,-24
2631,0,158.55026245117188,0,0.06103515625,-158.55026245117188,0,-0.00482965172804757,0,-0.0052,0,0,-24
2631.125,0,158.54263305664063,0,-0.06103515625,-158.54263305664063,0,-0.0048287846092454519,0,-0.0038,0,0,-24
2631.25,0,158.55026245117188,0,0.06103515625,-158.55026245117188,0,-0.0048296515741183882,0,-0.0046,0,0,-24
2631.375,0,158.54263305664063,0,-0.06103515625,-158.54263305664063,0,-0.0048287844581880561,0,-0.0054,0,0,-24
2631.5,0,158.54644775390625,0,0.030517578125,-158.54644775390625,0,-0.0048292208654402875,0,-0.0046,0,0,-24
2631.625,0,158.54644775390625,0,0,-158.54644775390625,0,-0.0048292207381628472,0,-0.0044,0,0,-24
2631.75,0,158.54263305664063,0,-0.030517578125,-158.54263305664063,0,-0.0048287900528210465,0,-0.0046,0,0,-24
2631.875,0,158.54263305664063,0,0,-158.54263305664063,0,-0.0048287957952578495,0,-0.0048,0,0,-24
2632,0,158.55026245117188,0,0.06103515625,-158.55026245117188,0,-0.0048296625514384628,0,-0.0044,0,0,-24
2632.125,0,158.54644775390625,0,-0.030517578125,-158.54644775390625,0,-0.004829225791148202,0,-0.006,0,0,-24
2632.25,0,158.54644775390625,0,0,-158.54644775390625,0,-0.0048292255719740787,0,-0.0056,0,0,-24
2632.375,0,158.54263305664063,0,-0.030517578125,-158.54263305664063,0,-0.0048287947964500708,0,-0.005,0,0,-24
2632.5,0,158.55026245117188,0,0.06103515625,-158.55026245117188,0,-0.004829661571264984,0,-0.0054,0,0,-24
2632.625,0,158.54644775390625,0,-0.030517578125,-158.54644775390625,0,-0.0048292248292613714,0,-0.005,0,0,-24
2632.75,0,158.54644775390625,0,0,-158.54644775390625,0,-0.0048292246280327317,0,-0.004,0,0,-24
2632.875,0,158.54644775390625,0,0,-158.54644775390625,0,-0.0048292244305583225,0,-0.0042,0,0,-24
2633,0,158.54263305664063,0,-0.030517578125,-158.54263305664063,0,-0.0048287936763291867,0,-0.0054,0,0,-24
2633.125,0,158.54644775390625,0,0.030517578125,-158.54644775390625,0,-0.0048292299116027707,0,-0.0054,0,0,-24
2633.25,0,158.55026245117188,0,0.030517578125,-158.55026245117188,0,-0.0048296601759941224,0,-0.0046,0,0,-24
2633.375,0,158.54644775390625,0,-0.030517578125,-158.54644775390625,0,-0.0048292234600214408,0,-0.005,0,0,-24
2633.5,0,158.54263305664063,0,-0.030517578125,-158.54263305664063,0,-0.0048287927238991682,0,-0.0042,0,0,-24
2633.625,0,158.54644775390625,0,0.030517578125,-158.54644775390625,0,-0.004829228976941804,0,-0.004,0,0,-24
2633.75,0,158.54263305664063,0,-0.030517578125,-158.54263305664063,0,-0.0048287981378928686,0,-0.0046,0,0,-24
2633.875,0,158.54644775390625,0,0.030517578125,-158.54644775390625,0,-0.0048292342899290972,0,-0.0048,0,0,-24
2634,0,158.54644775390625,0,0,-158.54644775390625,0,-0.0048292339121971013,0,-0.0054,0,0,-24
2634.125,0,158.54644775390625,0,0,-158.54644775390625,0,-0.0048292335415122791,0,-0.0046,0,0,-24
2634.25,0,158.54644775390625,0,0,-158.54644775390625,0,-0.004829233177743154,0,-0.0056,0,0,-24
2634.375,0,158.54644775390625,0,0,-158.54644775390625,0,-0.0048292328207607035,0,-0.005,0,0,-24
2634.5,0,158.55026245117188,0,0.030517578125,-158.55026245117188,0,-0.0048296630308772249,0,-0.0044,0,0,-24
2634.625,0,158.55026245117188,0,0,-158.55026245117188,0,-0.0048296568220812068,0,-0.0046,0,0,-24
2634.75,0,158.5540771484375,0,0.030517578125,-158.5540771484375,0,-0.0048300812895587762,0,-0.0056,0,0,-24
2634.875,0,158.54644775390625,0,-0.06103515625,-158.54644775390625,0,-0.0048292083243837609,0,-0.0046,0,0,-24
2635,0,158.54644775390625,0,0,-158.54644775390625,0,-0.0048292084310790828,0,-0.0046,0,0,-24
2635.125,0,158.55026245117188,0,0.030517578125,-158.55026245117188,0,-0.0048296390962227513,0,-0.0044,0,0,-24
2635.25,0,158.54263305664063,0,-0.06103515625,-158.54263305664063,0,-0.0048287722130868176,0,-0.005,0,0,-24
2635.375,0,158.54644775390625,0,0.030517578125,-158.54644775390625,0,-0.0048292088487903086,0,-0.0044,0,0,-24
2635.5,0,158.5540771484375,0,0.06103515625,-158.5540771484375,0,-0.0048300700665798463,0,-0.0048,0,0,-24
2635.625,0,158.54644775390625,0,-0.06103515625,-158.54644775390625,0,-0.004829197310786822,0,-0.0044,0,0,-24
2635.75,0,158.54644775390625,0,0,-158.54644775390625,0,-0.00482919762295779,0,-0.0048,0,0,-24
2635.875,0,158.54644775390625,0,0,-158.54644775390625,0,-0.0048291979293047273,0,-0.0052,0,0,-24
2636,0,158.54644775390625,0,0,-158.54644775390625,0,-0.0048291982299362895,0,-0.0034,0,0,-24
2636.125,0,158.54644775390625,0,0,-158.54644775390625,0,-0.0048291985249591055,0,-0.0046,0,0,-24
2636.25,0,158.55026245117188,0,0.030517578125,-158.55026245117188,0,-0.004829629374916729,0,-0.0038,0,0,-24
2636.375,0,158.55026245117188,0,0,-158.55026245117188,0,-0.0048296237940245908,0,-0.0042,0,0,-24
2636.5,0,158.55026245117188,0,0,-158.55026245117188,0,-0.0048296183172526069,0,-0.0044,0,0,-24
2636.625,0,158.55026245117188,0,0,-158.55026245117188,0,-0.0048296129426582566,0,-0.0054,0,0,-24
2636.75,0,158.54644775390625,0,-0.030517578125,-158.54644775390625,0,-0.0048291771078963442,0,-0.0044,0,0,-24
2636.875,0,158.54644775390625,0,0,-158.54644775390625,0,-0.00482917779698341,0,-0.0048,0,0,-24
2637,0,158.55026245117188,0,0.030517578125,-158.55026245117188,0,-0.0048296090336534068,0,-0.004,0,0,-24
2637.125,0,158.54263305664063,0,-0.06103515625,-158.54263305664063,0,-0.0048287427113810951,0,-0.0056,0,0,-24
2637.25,0,158.54263305664063,0,0,-158.54263305664063,0,-0.0048287493370455159,0,-0.0048,0,0,-24
2637.375,0,158.55026245117188,0,0.06103515625,-158.55026245117188,0,-0.0048296169599757726,0,-0.0042,0,0,-24
2637.5,0,158.55026245117188,0,0,-158.55026245117188,0,-0.0048296116107035157,0,-0.0054,0,0,-24
2637.625,0,158.55026245117188,0,0,-158.55026245117188,0,-0.0048296063612301874,0,-0.0044,0,0,-24
2637.75,0,158.55026245117188,0,0,-158.55026245117188,0,-0.0048296012096938849,0,-0.0044,0,0,-24
2637.875,0,158.54644775390625,0,-0.030517578125,-158.54644775390625,0,-0.0048291655938285287,0,-0.0052,0,0,-24
2638,0,158.54644775390625,0,0,-158.54644775390625,0,-0.004829166497728298,0,-0.0056,0,0,-24
2638.125,0,158.54263305664063,0,-0.030517578125,-158.54263305664063,0,-0.0048287368243255056,0,-0.005,0,0,-24
2638.25,0,158.538818359375,0,-0.030517578125,-158.538818359375,0,-0.0048283129993831166,0,-0.005,0,0,-24
2638.375,0,158.54644775390625,0,0.06103515625,-158.54644775390625,0,-0.0048291865951058267,0,-0.0046,0,0,-24
2638.5,0,158.54644775390625,0,0,-158.54644775390625,0,-0.00482918710719436,0,-0.005,0,0,-24
2638.625,0,158.54644775390625,0,0,-158.54644775390625,0,-0.0048291876097290905,0,-0.0044,0,0,-24
2638.75,0,158.54644775390625,0,0,-158.54644775390625,0,-0.0048291881028882612,0,-0.005,0,0,-24
2638.875,0,158.54644775390625,0,0,-158.54644775390625,0,-0.0048291885868467863,0,-0.0052,0,0,-24
2639,0,158.55026245117188,0,0.030517578125,-158.55026245117188,0,-0.0048296196222152319,0,-0.0054,0,0,-24
2639.125,0,158.55026245117188,0,0,-158.55026245117188,0,-0.00482961422327479,0,-0.0046,0,0,-24
2639.25,0,158.54644775390625,0,-0.030517578125,-158.54644775390625,0,-0.0048291783646209991,0,-0.0044,0,0,-24
2639.375,0,158.54644775390625,0,0,-158.54644775390625,0,-0.0048291790302619278,0,-0.004,0,0,-24
2639.5,0,158.54644775390625,0,0,-158.54644775390625,0,-0.0048291796834842972,0,-0.0044,0,0,-24
2639.625,0,158.55026245117188,0,0.030517578125,-158.55026245117188,0,-0.0048296108849587086,0,-0.0042,0,0,-24
2639.75,0,158.55026245117188,0,0,-158.55026245117188,0,-0.00482960564902527,0,-0.004,0,0,-24
2639.875,0,158.54644775390625,0,-0.030517578125,-158.54644775390625,0,-0.0048291699503373361,0,-0.005,0,0,-24
2640,0,158.54644775390625,0,0,-158.54644775390625,0,-0.0048291707729597108,0,-0.004,0,0,-24
2640.125,0,158.54644775390625,0,0,-158.54644775390625,0,-0.0048291715802347961,0,-0.0042,0,0,-24
2640.25,0,158.55026245117188,0,0.030517578125,-158.55026245117188,0,-0.0048296029328878318,0,-0.0052,0,0,-24
2640.375,0,158.55026245117188,0,0,-158.55026245117188,0,-0.0048295978453125462,0,-0.0048,0,0,-24
2640.5,0,158.54644775390625,0,-0.030517578125,-158.54644775390625,0,-0.0048291622922149152,0,-0.0044,0,0,-24
2640.625,0,158.54644775390625,0,0,-158.54644775390625,0,-0.0048291632577113809,0,-0.0054,0,0,-24
2640.75,0,158.55026245117188,0,0.030517578125,-158.55026245117188,0,-0.0048295947656339334,0,-0.0044,0,0,-24
2640.875,0,158.54644775390625,0,-0.030517578125,-158.54644775390625,0,-0.0048291592699924593,0,-0.0056,0,0,-24
2641,0,158.55026245117188,0,0.030517578125,-158.55026245117188,0,-0.004829590852312062,0,-0.0052,0,0,-24
2641.125,0,158.55026245117188,0,0,-158.55026245117188,0,-0.00482958599011856,0,-0.0052,0,0,-24
2641.25,0,158.55026245117188,0,0,-158.55026245117188,0,-0.0048295812186367809,0,-0.005,0,0,-24
2641.375,0,158.54263305664063,0,-0.06103515625,-158.54263305664063,0,-0.0048287154152965271,0,-0.0044,0,0,-24
2641.5,0,158.54644775390625,0,0.030517578125,-158.54644775390625,0,-0.0048291531106504446,0,-0.005,0,0,-24
2641.625,0,158.54263305664063,0,-0.030517578125,-158.54263305664063,0,-0.0048287236870042478,0,-0.004,0,0,-24
2641.75,0,158.54644775390625,0,0.030517578125,-158.54644775390625,0,-0.004829161228036693,0,-0.004,0,0,-24
2641.875,0,158.54644775390625,0,0,-158.54644775390625,0,-0.0048291622133870464,0,-0.0048,0,0,-24
2642,0,158.54644775390625,0,0,-158.54644775390625,0,-0.0048291631803541683,0,-0.004,0,0,-24
2642.125,0,158.55026245117188,0,0.030517578125,-158.55026245117188,0,-0.00482959468971994,0,-0.0056,0,0,-24
2642.25,0,158.54644775390625,0,-0.030517578125,-158.54644775390625,0,-0.0048291591954947588,0,-0.0042,0,0,-24
2642.375,0,158.55026245117188,0,0.030517578125,-158.55026245117188,0,-0.0048295907792042314,0,-0.0048,0,0,-24
2642.5,0,158.55026245117188,0,0,-158.55026245117188,0,-0.0048295859183746688,0,-0.0052,0,0,-24
2642.625,0,158.54644775390625,0,-0.030517578125,-158.54644775390625,0,-0.0048291505877924691,0,-0.0036,0,0,-24
2642.75,0,158.54644775390625,0,0,-158.54644775390625,0,-0.0048291517716529979,0,-0.005,0,0,-24
2642.875,0,158.55026245117188,0,0.030517578125,-158.55026245117188,0,-0.004829583493865695,0,-0.0046,0,0,-24
2643,0,158.54263305664063,0,-0.06103515625,-158.54263305664063,0,-0.0048287176480775349,0,-0.0052,0,0,-24
2643.125,0,158.55026245117188,0,0.06103515625,-158.55026245117188,0,-0.00482958586221439,0,-0.0048,0,0,-24
2643.25,0,158.54263305664063,0,-0.06103515625,-158.54263305664063,0,-0.00482871997224103,0,-0.0038,0,0,-24
2643.375,0,158.54644775390625,0,0.030517578125,-158.54644775390625,0,-0.0048291575825781157,0,-0.0054,0,0,-24
2643.5,0,158.54644775390625,0,0,-158.54644775390625,0,-0.0048291586359401244,0,-0.0046,0,0,-24
2643.625,0,158.54644775390625,0,0,-158.54644775390625,0,-0.0048291596696500389,0,-0.0054,0,0,-24
2643.75,0,158.5540771484375,0,0.06103515625,-158.5540771484375,0,-0.00483002180495233,0,-0.0052,0,0,-24
2643.875,0,158.54644775390625,0,-0.06103515625,-158.54644775390625,0,-0.0048291499495544425,0,-0.0048,0,0,-24
2644,0,158.54263305664063,0,-0.030517578125,-158.54263305664063,0,-0.00482872058488337,0,-0.005,0,0,-24
2644.125,0,158.54263305664063,0,0,-158.54263305664063,0,-0.00482872762335175,0,-0.0042,0,0,-24
2644.25,0,158.54263305664063,0,0,-158.54263305664063,0,-0.0048287345305066415,0,-0.005,0,0,-24
2644.375,0,158.54263305664063,0,0,-158.54263305664063,0,-0.0048287413087979,0,-0.0052,0,0,-24
2644.5,0,158.54644775390625,0,0.030517578125,-158.54644775390625,0,-0.004829178521068591,0,-0.004,0,0,-24
2644.625,0,158.54644775390625,0,0,-158.54644775390625,0,-0.0048291791837907485,0,-0.0044,0,0,-24
2644.75,0,158.54644775390625,0,0,-158.54644775390625,0,-0.0048291798341488015,0,-0.0046,0,0,-24
2644.875,0,158.5540771484375,0,0.06103515625,-158.5540771484375,0,-0.0048300415932512513,0,-0.005,0,0,-24
2645,0,158.54263305664063,0,-0.091552734375,-158.54263305664063,0,-0.0048287388082331939,0,-0.0036,0,0,-24
2645.125,0,158.55026245117188,0,0.06103515625,-158.55026245117188,0,-0.0048296066275946917,0,-0.0046,0,0,-24
2645.25,0,158.54644775390625,0,-0.030517578125,-158.54644775390625,0,-0.0048291709106500352,0,-0.0034,0,0,-24
2645.375,0,158.55026245117188,0,0.030517578125,-158.55026245117188,0,-0.0048296022757952075,0,-0.004,0,0,-24
2645.5,0,158.538818359375,0,-0.091552734375,-158.538818359375,0,-0.0048283055191622529,0,-0.0046,0,0,-24
2645.625,0,158.55026245117188,0,0.091552734375,-158.55026245117188,0,-0.00482960981487894,0,-0.0044,0,0,-24
2645.75,0,158.54644775390625,0,-0.030517578125,-158.54644775390625,0,-0.0048291740384705769,0,-0.0044,0,0,-24
2645.875,0,158.55026245117188,0,0.030517578125,-158.55026245117188,0,-0.00482960534526143,0,-0.0046,0,0,-24
2646,0,158.55026245117188,0,0,-158.55026245117188,0,-0.0048296002126795926,0,-0.0048,0,0,-24
2646.125,0,158.54644775390625,0,-0.030517578125,-158.54644775390625,0,-0.004829164615415076,0,-0.0058,0,0,-24
2646.25,0,158.54263305664063,0,-0.030517578125,-158.54263305664063,0,-0.0048287349771297412,0,-0.0046,0,0,-24
2646.375,0,158.54644775390625,0,0.030517578125,-158.54644775390625,0,-0.0048291723075274727,0,-0.0048,0,0,-24
2646.5,0,158.54644775390625,0,0,-158.54644775390625,0,-0.0048291730861728284,0,-0.0056,0,0,-24
2646.625,0,158.538818359375,0,-0.06103515625,-158.538818359375,0,-0.00482831272941352,0,-0.0044,0,0,-24
2646.75,0,158.55026245117188,0,0.091552734375,-158.55026245117188,0,-0.0048296168906118422,0,-0.005,0,0,-24
2646.875,0,158.54263305664063,0,-0.06103515625,-158.54263305664063,0,-0.004828750421755847,0,-0.0036,0,0,-24
2647,0,158.538818359375,0,-0.030517578125,-158.538818359375,0,-0.0048283263431324113,0,-0.0044,0,0,-24
2647.125,0,158.54644775390625,0,0.06103515625,-158.54644775390625,0,-0.004829199689906887,0,-0.0038,0,0,-24
2647.25,0,158.55026245117188,0,0.030517578125,-158.55026245117188,0,-0.0048296305181306119,0,-0.0048,0,0,-24
2647.375,0,158.54644775390625,0,-0.030517578125,-158.54644775390625,0,-0.0048291943554711406,0,-0.0046,0,0,-24
2647.5,0,158.54644775390625,0,0,-158.54644775390625,0,-0.0048291947227780832,0,-0.0052,0,0,-24
2647.625,0,158.54644775390625,0,0,-158.54644775390625,0,-0.0048291950832323478,0,-0.0036,0,0,-24
2647.75,0,158.54644775390625,0,0,-158.54644775390625,0,-0.0048291954369617824,0,-0.0048,0,0,-24
2647.875,0,158.54644775390625,0,0,-158.54644775390625,0,-0.0048291957840918484,0,-0.0052,0,0,-24
2648,0,158.5540771484375,0,0.06103515625,-158.5540771484375,0,-0.0048300572456234968,0,-0.0044,0,0,-24
2648.125,0,158.54644775390625,0,-0.06103515625,-158.54644775390625,0,-0.0048291847290251981,0,-0.0042,0,0,-24
2648.25,0,158.54263305664063,0,-0.030517578125,-158.54263305664063,0,-0.0048287547154894283,0,-0.0048,0,0,-24
2648.375,0,158.54263305664063,0,0,-158.54263305664063,0,-0.0048287611171986839,0,-0.005,0,0,-24
2648.5,0,158.54644775390625,0,0.030517578125,-158.54644775390625,0,-0.0048291979599130912,0,-0.0054,0,0,-24
2648.625,0,158.54644775390625,0,0,-158.54644775390625,0,-0.0048291982599736067,0,-0.004,0,0,-24
2648.75,0,158.54644775390625,0,0,-158.54644775390625,0,-0.0048291985544360308,0,-0.0046,0,0,-24
2648.875,0,158.55026245117188,0,0.030517578125,-158.55026245117188,0,-0.0048296294038437174,0,-0.0046,0,0,-24
2649,0,158.54263305664063,0,-0.06103515625,-158.54263305664063,0,-0.0048287627015340716,0,-0.0044,0,0,-24
2649.125,0,158.54644775390625,0,0.030517578125,-158.54644775390625,0,-0.0048291995146902576,0,-0.0048,0,0,-24
2649.25,0,158.55026245117188,0,0.030517578125,-158.55026245117188,0,-0.00482963034618292,0,-0.005,0,0,-24
2649.375,0,158.5540771484375,0,0.030517578125,-158.5540771484375,0,-0.0048300553076092278,0,-0.0052,0,0,-24
2649.5,0,158.54644775390625,0,-0.06103515625,-158.54644775390625,0,-0.0048291828271675753,0,-0.0038,0,0,-24
2649.625,0,158.55026245117188,0,0.030517578125,-158.55026245117188,0,-0.0048296139699917241,0,-0.0046,0,0,-24
2649.75,0,158.54644775390625,0,-0.030517578125,-158.54644775390625,0,-0.00482917811606332,0,-0.0046,0,0,-24
2649.875,0,158.55026245117188,0,0.030517578125,-158.55026245117188,0,-0.0048296093467803895,0,-0.005,0,0,-24
2650,0,158.5540771484375,0,0.030517578125,-158.5540771484375,0,-0.0048300346999829574,0,-0.0054,0,0,-24
2650.125,0,158.54644775390625,0,-0.06103515625,-158.54644775390625,0,-0.0048291626040083743,0,-0.0048,0,0,-24
2650.25,0,158.55026245117188,0,0.030517578125,-158.55026245117188,0,-0.0048295941241267657,0,-0.0042,0,0,-24
2650.375,0,158.5540771484375,0,0.030517578125,-158.5540771484375,0,-0.0048300197613314281,0,-0.0046,0,0,-24
2650.5,0,158.55026245117188,0,-0.030517578125,-158.55026245117188,0,-0.0048295785044993548,0,-0.0046,0,0,-24
2650.625,0,158.54644775390625,0,-0.030517578125,-158.54644775390625,0,-0.00482914331223444,0,-0.0042,0,0,-24
2650.75,0,158.54263305664063,0,-0.030517578125,-158.54263305664063,0,-0.004828714071392814,0,-0.0048,0,0,-24
2650.875,0,158.55026245117188,0,0.06103515625,-158.55026245117188,0,-0.0048295823522582423,0,-0.0038,0,0,-24
2651,0,158.54263305664063,0,-0.06103515625,-158.54263305664063,0,-0.0048287165277685314,0,-0.0048,0,0,-24
2651.125,0,158.54644775390625,0,0.030517578125,-158.54644775390625,0,-0.0048291542023675667,0,-0.0048,0,0,-24
2651.25,0,158.55026245117188,0,0.030517578125,-158.55026245117188,0,-0.0048295858792315322,0,-0.0044,0,0,-24
2651.375,0,158.54263305664063,0,-0.06103515625,-158.54263305664063,0,-0.0048287199889406919,0,-0.0056,0,0,-24
2651.5,0,158.54263305664063,0,0,-158.54263305664063,0,-0.0048287270385273025,0,-0.0046,0,0,-24
2651.625,0,158.538818359375,0,-0.030517578125,-158.538818359375,0,-0.00482830339615408,0,-0.0058,0,0,-24
2651.75,0,158.54644775390625,0,0.06103515625,-158.54644775390625,0,-0.0048291771710398468,0,-0.0054,0,0,-24
2651.875,0,158.54263305664063,0,-0.030517578125,-158.54263305664063,0,-0.0048287472985099568,0,-0.0048,0,0,-24
2652,0,158.54644775390625,0,0.030517578125,-158.54644775390625,0,-0.0048291843990333266,0,-0.0042,0,0,-24
2652.125,0,158.538818359375,0,-0.06103515625,-158.538818359375,0,-0.0048283238312151477,0,-0.0054,0,0,-24
2652.25,0,158.54644775390625,0,0.06103515625,-158.54644775390625,0,-0.004829197224853316,0,-0.0046,0,0,-24
2652.375,0,158.54263305664063,0,-0.030517578125,-158.54263305664063,0,-0.00482876697818859,0,-0.0054,0,0,-24
2652.5,0,158.54263305664063,0,0,-158.54263305664063,0,-0.0048287731511182696,0,-0.005,0,0,-24
2652.625,0,158.54644775390625,0,0.030517578125,-158.54644775390625,0,-0.0048292097693213368,0,-0.0054,0,0,-24
2652.75,0,158.54263305664063,0,-0.030517578125,-158.54263305664063,0,-0.0048287792886202016,0,-0.0042,0,0,-24
2652.875,0,158.54263305664063,0,0,-158.54263305664063,0,-0.0048287852318797822,0,-0.004,0,0,-24
2653,0,158.54263305664063,0,0,-158.54263305664063,0,-0.0048287910642586841,0,-0.005,0,0,-24
2653.125,0,158.55026245117188,0,0.06103515625,-158.55026245117188,0,-0.0048296579087033871,0,-0.0056,0,0,-24
2653.25,0,158.54263305664063,0,-0.06103515625,-158.54263305664063,0,-0.0048287906745915965,0,-0.0048,0,0,-24
2653.375,0,158.54644775390625,0,0.030517578125,-158.54644775390625,0,-0.0048292269658672272,0,-0.0052,0,0,-24
2653.5,0,158.54263305664063,0,-0.030517578125,-158.54263305664063,0,-0.0048287961643379909,0,-0.0044,0,0,-24
2653.625,0,158.55026245117188,0,0.06103515625,-158.55026245117188,0,-0.004829662913632844,0,-0.0046,0,0,-24
2653.75,0,158.54644775390625,0,-0.030517578125,-158.54644775390625,0,-0.004829226146585288,0,-0.0042,0,0,-24
2653.875,0,158.54263305664063,0,-0.030517578125,-158.54263305664063,0,-0.0048287953603410212,0,-0.005,0,0,-24
2654,0,158.54644775390625,0,0.030517578125,-158.54644775390625,0,-0.0048292315641967655,0,-0.0038,0,0,-24
2654.125,0,158.54644775390625,0,0,-158.54644775390625,0,-0.0048292312373175127,0,-0.0048,0,0,-24
2654.25,0,158.55026245117188,0,0.030517578125,-158.55026245117188,0,-0.00482966147697561,0,-0.0056,0,0,-24
2654.375,0,158.54263305664063,0,-0.06103515625,-158.54263305664063,0,-0.0048287941762921944,0,-0.0052,0,0,-24
2654.5,0,158.55026245117188,0,0.06103515625,-158.55026245117188,0,-0.00482966096267711,0,-0.0042,0,0,-24
2654.625,0,158.55026245117188,0,0,-158.55026245117188,0,-0.0048296547924665569,0,-0.0054,0,0,-24
2654.75,0,158.54644775390625,0,-0.030517578125,-158.54644775390625,0,-0.00482921817693189,0,-0.0054,0,0,-24
2654.875,0,158.55026245117188,0,0.030517578125,-158.55026245117188,0,-0.0048296486602516352,0,-0.0042,0,0,-24
2655,0,158.55026245117188,0,0,-158.55026245117188,0,-0.0048296427195618141,0,-0.0056,0,0,-24
2655.125,0,158.54644775390625,0,-0.030517578125,-158.54644775390625,0,-0.0048292063292658151,0,-0.005,0,0,-24
2655.25,0,158.54644775390625,0,0,-158.54644775390625,0,-0.0048292064731831411,0,-0.0046,0,0,-24
2655.375,0,158.54263305664063,0,-0.030517578125,-158.54263305664063,0,-0.0048287760539765506,0,-0.0038,0,0,-24
2655.5,0,158.538818359375,0,-0.030517578125,-158.538818359375,0,-0.0048283514971444834,0,-0.0044,0,0,-24
2655.625,0,158.54263305664063,0,0.030517578125,-158.54263305664063,0,-0.00482879381419313,0,-0.0052,0,0,-24
2655.75,0,158.54263305664063,0,0,-158.54263305664063,0,-0.0048287994864557324,0,-0.004,0,0,-24
2655.875,0,158.55026245117188,0,0.06103515625,-158.55026245117188,0,-0.004829666173771353,0,-0.0048,0,0,-24
2656,0,158.54644775390625,0,-0.030517578125,-158.54644775390625,0,-0.0048292293459008817,0,-0.0044,0,0,-24
2656.125,0,158.538818359375,0,-0.06103515625,-158.538818359375,0,-0.0048283679395295289,0,-0.0054,0,0,-24
2656.25,0,158.54263305664063,0,0.030517578125,-158.54263305664063,0,-0.00482880994982011,0,-0.0054,0,0,-24
2656.375,0,158.54263305664063,0,0,-158.54263305664063,0,-0.0048288153210476912,0,-0.004,0,0,-24
2656.5,0,158.54644775390625,0,0.030517578125,-158.54644775390625,0,-0.00482925115250565,0,-0.005,0,0,-24
2656.625,0,158.54263305664063,0,-0.030517578125,-158.54263305664063,0,-0.00482881989973735,0,-0.004,0,0,-24
2656.75,0,158.54644775390625,0,0.030517578125,-158.54644775390625,0,-0.0048292556457727887,0,-0.0048,0,0,-24
2656.875,0,158.54644775390625,0,0,-158.54644775390625,0,-0.0048292548696145738,0,-0.005,0,0,-24
2657,0,158.538818359375,0,-0.06103515625,-158.538818359375,0,-0.0048283929870589545,0,-0.0046,0,0,-24
2657.125,0,158.55026245117188,0,0.091552734375,-158.55026245117188,0,-0.0048296956509270511,0,-0.005,0,0,-24
2657.25,0,158.54644775390625,0,-0.030517578125,-158.54644775390625,0,-0.0048292582731147525,0,-0.0046,0,0,-24
2657.375,0,158.54263305664063,0,-0.030517578125,-158.54263305664063,0,-0.0048288268875005024,0,-0.005,0,0,-24
2657.5,0,158.54263305664063,0,0,-158.54263305664063,0,-0.004828831942729519,0,-0.0042,0,0,-24
2657.625,0,158.54644775390625,0,0.030517578125,-158.54644775390625,0,-0.0048292674640843542,0,-0.004,0,0,-24
2657.75,0,158.538818359375,0,-0.06103515625,-158.538818359375,0,-0.004828405346559466,0,-0.0046,0,0,-24
2657.875,0,158.54644775390625,0,0.06103515625,-158.54644775390625,0,-0.0048292772194030954,0,-0.003,0,0,-24
2658,0,158.55026245117188,0,0.030517578125,-158.55026245117188,0,-0.0048297066011944289,0,-0.0054,0,0,-24
2658.125,0,158.54263305664063,0,-0.06103515625,-158.54263305664063,0,-0.0048288384586490781,0,-0.005,0,0,-24
2658.25,0,158.54263305664063,0,0,-158.54263305664063,0,-0.0048288432980004622,0,-0.004,0,0,-24
2658.375,0,158.54263305664063,0,0,-158.54263305664063,0,-0.0048288480470662781,0,-0.005,0,0,-24
2658.5,0,158.55026245117188,0,0.06103515625,-158.55026245117188,0,-0.0048297138284087724,0,-0.0058,0,0,-24
2658.625,0,158.54644775390625,0,-0.030517578125,-158.54644775390625,0,-0.0048292761114675014,0,-0.0046,0,0,-24
2658.75,0,158.54644775390625,0,0,-158.54644775390625,0,-0.00482927495349017,0,-0.005,0,0,-24
2658.875,0,158.54263305664063,0,-0.030517578125,-158.54263305664063,0,-0.0048288432566777765,0,-0.0044,0,0,-24
2659,0,158.54263305664063,0,0,-158.54263305664063,0,-0.00482884800651453,0,-0.0056,0,0,-24
2659.125,0,158.54263305664063,0,0,-158.54263305664063,0,-0.00482885266773575,0,-0.0048,0,0,-24
2659.25,0,158.54263305664063,0,0,-158.54263305664063,0,-0.0048288572419946949,0,-0.0048,0,0,-24
2659.375,0,158.54263305664063,0,0,-158.54263305664063,0,-0.00482886173091378,0,-0.0044,0,0,-24
2659.5,0,158.54263305664063,0,0,-158.54263305664063,0,-0.0048288661360851529,0,-0.0054,0,0,-24
2659.625,0,158.54644775390625,0,0.030517578125,-158.54644775390625,0,-0.0048293010195101724,0,-0.004,0,0,-24
2659.75,0,158.54263305664063,0,-0.030517578125,-158.54263305664063,0,-0.0048288688363959508,0,-0.005,0,0,-24
2659.875,0,158.5540771484375,0,0.091552734375,-158.5540771484375,0,-0.0048301647903203357,0,-0.0048,0,0,-24
2660,0,158.54644775390625,0,-0.06103515625,-158.54644775390625,0,-0.0048292902673097594,0,-0.0044,0,0,-24
2660.125,0,158.55026245117188,0,0.030517578125,-158.55026245117188,0,-0.0048297194056722594,0,-0.0048,0,0,-24
2660.25,0,158.54644775390625,0,-0.030517578125,-158.54644775390625,0,-0.0048292815846785317,0,-0.0046,0,0,-24
2660.375,0,158.54263305664063,0,-0.030517578125,-158.54263305664063,0,-0.0048288497641510858,0,-0.0054,0,0,-24
2660.5,0,158.54644775390625,0,0.030517578125,-158.54644775390625,0,-0.0048292849530198,0,-0.0052,0,0,-24
2660.625,0,158.55026245117188,0,0.030517578125,-158.55026245117188,0,-0.00482971419052858,0,-0.0046,0,0,-24
2660.75,0,158.54263305664063,0,-0.06103515625,-158.54263305664063,0,-0.0048288459063924889,0,-0.0046,0,0,-24
2660.875,0,158.54644775390625,0,0.030517578125,-158.54644775390625,0,-0.0048292811672336431,0,-0.0044,0,0,-24
2661,0,158.55026245117188,0,0.030517578125,-158.55026245117188,0,-0.0048297104753721055,0,-0.0044,0,0,-24
2661.125,0,158.54263305664063,0,-0.06103515625,-158.54263305664063,0,-0.004828842260547991,0,-0.0054,0,0,-24
2661.25,0,158.54263305664063,0,0,-158.54263305664063,0,-0.0048288470289690839,0,-0.0044,0,0,-24
2661.375,0,158.54263305664063,0,0,-158.54263305664063,0,-0.0048288517084279226,0,-0.0036,0,0,-24
2661.5,0,158.54263305664063,0,0,-158.54263305664063,0,-0.0048288563005842357,0,-0.0048,0,0,-24
2661.625,0,158.54644775390625,0,0.030517578125,-158.54644775390625,0,-0.0048292913675057033,0,-0.0048,0,0,-24
2661.75,0,158.54644775390625,0,0,-158.54644775390625,0,-0.0048292899249034365,0,-0.005,0,0,-24
2661.875,0,158.55026245117188,0,0.030517578125,-158.55026245117188,0,-0.0048297190696540548,0,-0.0048,0,0,-24
2662,0,158.54644775390625,0,-0.030517578125,-158.54644775390625,0,-0.0048292812549292656,0,-0.0054,0,0,-24
2662.125,0,158.55789184570313,0,0.091552734375,-158.55789184570313,0,-0.0048305716823094638,0,-0.004,0,0,-24
2662.25,0,158.54263305664063,0,-0.1220703125,-158.54263305664063,0,-0.0048288306149830811,0,-0.005,0,0,-24
2662.375,0,158.54263305664063,0,0,-158.54263305664063,0,-0.0048288356006701578,0,-0.0044,0,0,-24
2662.5,0,158.55026245117188,0,0.06103515625,-158.55026245117188,0,-0.0048297016142193781,0,-0.0054,0,0,-24
2662.625,0,158.54644775390625,0,-0.030517578125,-158.54644775390625,0,-0.0048292641251526588,0,-0.0048,0,0,-24
2662.75,0,158.55026245117188,0,0.030517578125,-158.55026245117188,0,-0.0048296937512374407,0,-0.004,0,0,-24
2662.875,0,158.54644775390625,0,-0.030517578125,-158.54644775390625,0,-0.0048292564088667838,0,-0.0046,0,0,-24
2663,0,158.54263305664063,0,-0.030517578125,-158.54263305664063,0,-0.0048288250580329562,0,-0.0042,0,0,-24
2663.125,0,158.54644775390625,0,0.030517578125,-158.54644775390625,0,-0.0048292607078324291,0,-0.0046,0,0,-24
2663.25,0,158.54263305664063,0,-0.030517578125,-158.54263305664063,0,-0.0048288292767947631,0,-0.0042,0,0,-24
2663.375,0,158.54644775390625,0,0.030517578125,-158.54644775390625,0,-0.004829264847886725,0,-0.0048,0,0,-24
2663.5,0,158.54644775390625,0,0,-158.54644775390625,0,-0.0048292639000488743,0,-0.005,0,0,-24
2663.625,0,158.54644775390625,0,0,-158.54644775390625,0,-0.0048292629698944017,0,-0.0044,0,0,-24
2663.75,0,158.54644775390625,0,0,-158.54644775390625,0,-0.0048292620570933959,0,-0.0054,0,0,-24
2663.875,0,158.538818359375,0,-0.06103515625,-158.538818359375,0,-0.0048284000404442678,0,-0.0044,0,0,-24
2664,0,158.54644775390625,0,0.06103515625,-158.54644775390625,0,-0.0048292720122816643,0,-0.0048,0,0,-24
2664.125,0,158.54644775390625,0,0,-158.54644775390625,0,-0.0048292709307809706,0,-0.005,0,0,-24
2664.25,0,158.54263305664063,0,-0.030517578125,-158.54263305664063,0,-0.0048288393090184243,0,-0.0046,0,0,-24
2664.375,0,158.54644775390625,0,0.030517578125,-158.54644775390625,0,-0.0048292746929437724,0,-0.0046,0,0,-24
2664.5,0,158.54644775390625,0,0,-158.54644775390625,0,-0.00482927356143119,0,-0.0046,0,0,-24
2664.625,0,158.54644775390625,0,0,-158.54644775390625,0,-0.0048292724510287212,0,-0.004,0,0,-24
2664.75,0,158.54644775390625,0,0,-158.54644775390625,0,-0.004829271361342524,0,-0.0048,0,0,-24
2664.875,0,158.54644775390625,0,0,-158.54644775390625,0,-0.0048292702919861038,0,-0.005,0,0,-24
2665,0,158.538818359375,0,-0.06103515625,-158.538818359375,0,-0.0048284081217023446,0,-0.0044,0,0,-24
2665.125,0,158.55026245117188,0,0.091552734375,-158.55026245117188,0,-0.0048297105032103138,0,-0.0048,0,0,-24
2665.25,0,158.54263305664063,0,-0.06103515625,-158.54263305664063,0,-0.0048288422878668353,0,-0.005,0,0,-24
2665.375,0,158.54644775390625,0,0.030517578125,-158.54644775390625,0,-0.0048292776162171692,0,-0.0036,0,0,-24
2665.5,0,158.54644775390625,0,0,-158.54644775390625,0,-0.0048292764301664107,0,-0.0044,0,0,-24
2665.625,0,158.54644775390625,0,0,-158.54644775390625,0,-0.0048292752662432593,0,-0.0048,0,0,-24
2665.75,0,158.54263305664063,0,-0.030517578125,-158.54263305664063,0,-0.0048288435635959739,0,-0.0044,0,0,-24
2665.875,0,158.54263305664063,0,0,-158.54263305664063,0,-0.0048288483077066954,0,-0.0038,0,0,-24
2666,0,158.54263305664063,0,0,-158.54263305664063,0,-0.00482885296330871,0,-0.0052,0,0,-24
2666.125,0,158.54644775390625,0,0.030517578125,-158.54644775390625,0,-0.0048292880924922024,0,-0.0048,0,0,-24
2666.25,0,158.55026245117188,0,0.030517578125,-158.55026245117188,0,-0.00482971727142928,0,-0.005,0,0,-24
2666.375,0,158.54644775390625,0,-0.030517578125,-158.54644775390625,0,-0.0048292794902531485,0,-0.005,0,0,-24
2666.5,0,158.54644775390625,0,0,-158.54644775390625,0,-0.0048292782692393567,0,-0.0042,0,0,-24
2666.625,0,158.54644775390625,0,0,-158.54644775390625,0,-0.0048292770710054618,0,-0.0058,0,0,-24
2666.75,0,158.55026245117188,0,0.030517578125,-158.55026245117188,0,-0.0048297064555653819,0,-0.0042,0,0,-24
2666.875,0,158.54263305664063,0,-0.06103515625,-158.54263305664063,0,-0.0048288383157369654,0,-0.0044,0,0,-24
2667,0,158.54644775390625,0,0.030517578125,-158.54644775390625,0,-0.0048292737181935119,0,-0.0052,0,0,-24
2667.125,0,158.54263305664063,0,-0.030517578125,-158.54263305664063,0,-0.0048288420444274833,0,-0.0036,0,0,-24
2667.25,0,158.55026245117188,0,0.06103515625,-158.55026245117188,0,-0.0048297079377584672,0,-0.0046,0,0,-24
2667.375,0,158.54263305664063,0,-0.06103515625,-158.54263305664063,0,-0.0048288397702774518,0,-0.004,0,0,-24
2667.5,0,158.54644775390625,0,0.030517578125,-158.54644775390625,0,-0.0048292751455973008,0,-0.0044,0,0,-24
2667.625,0,158.55026245117188,0,0.030517578125,-158.55026245117188,0,-0.0048297045660786811,0,-0.0046,0,0,-24
2667.75,0,158.54644775390625,0,-0.030517578125,-158.54644775390625,0,-0.0048292670219404719,0,-0.0048,0,0,-24
2667.875,0,158.54644775390625,0,0,-158.54644775390625,0,-0.0048292660335422935,0,-0.0052,0,0,-24
2668,0,158.54644775390625,0,0,-158.54644775390625,0,-0.0048292650635842083,0,-0.0048,0,0,-24
2668.125,0,158.54644775390625,0,0,-158.54644775390625,0,-0.0048292641117221886,0,-0.0048,0,0,-24
2668.25,0,158.54263305664063,0,-0.030517578125,-158.54263305664063,0,-0.0048288326171797066,0,-0.0044,0,0,-24
2668.375,0,158.5540771484375,0,0.091552734375,-158.5540771484375,0,-0.0048301292468294621,0,-0.0048,0,0,-24
2668.5,0,158.54644775390625,0,-0.06103515625,-158.54644775390625,0,-0.0048292553869375568,0,-0.0054,0,0,-24
2668.625,0,158.54263305664063,0,-0.030517578125,-158.54263305664063,0,-0.0048288240551693958,0,-0.0052,0,0,-24
2668.75,0,158.54644775390625,0,0.030517578125,-158.54644775390625,0,-0.0048292597236788363,0,-0.0036,0,0,-24
2668.875,0,158.5540771484375,0,0.06103515625,-158.5540771484375,0,-0.0048301199923188208,0,-0.0056,0,0,-24
2669,0,158.55026245117188,0,-0.030517578125,-158.55026245117188,0,-0.0048296768655230063,0,-0.0056,0,0,-24
2669.125,0,158.54644775390625,0,-0.030517578125,-158.54644775390625,0,-0.0048292398381814088,0,-0.0042,0,0,-24
2669.25,0,158.55026245117188,0,0.030517578125,-158.55026245117188,0,-0.0048296699173771178,0,-0.0044,0,0,-24
2669.375,0,158.54644775390625,0,-0.030517578125,-158.54644775390625,0,-0.0048292330196639038,0,-0.0046,0,0,-24
2669.5,0,158.54644775390625,0,0,-158.54644775390625,0,-0.0048292326656306653,0,-0.0042,0,0,-24
2669.625,0,158.54644775390625,0,0,-158.54644775390625,0,-0.0048292323182024637,0,-0.004,0,0,-24
2669.75,0,158.54644775390625,0,0,-158.54644775390625,0,-0.004829231977256071,0,-0.0042,0,0,-24
2669.875,0,158.54644775390625,0,0,-158.54644775390625,0,-0.00482923164267056,0,-0.0046,0,0,-24
2670,0,158.55026245117188,0,0.030517578125,-158.55026245117188,0,-0.0048296618747661708,0,-0.0054,0,0,-24
2670.125,0,158.54263305664063,0,-0.06103515625,-158.54263305664063,0,-0.0048287945666613584,0,-0.004,0,0,-24
2670.25,0,158.54263305664063,0,0,-158.54263305664063,0,-0.0048288002248855055,0,-0.0044,0,0,-24
2670.375,0,158.54263305664063,0,0,-158.54263305664063,0,-0.0048288057775467495,0,-0.0038,0,0,-24
2670.5,0,158.54644775390625,0,0.030517578125,-158.54644775390625,0,-0.0048292417870534456,0,-0.0056,0,0,-24
2670.625,0,158.54263305664063,0,-0.030517578125,-158.54263305664063,0,-0.00482881070901211,0,-0.005,0,0,-24
2670.75,0,158.54263305664063,0,0,-158.54263305664063,0,-0.0048288160660757929,0,-0.0048,0,0,-24
2670.875,0,158.55026245117188,0,0.06103515625,-158.55026245117188,0,-0.0048296824440730163,0,-0.0042,0,0,-24
2671,0,158.54644775390625,0,-0.030517578125,-158.54644775390625,0,-0.00482924531265496,0,-0.005,0,0,-24
2671.125,0,158.54644775390625,0,0,-158.54644775390625,0,-0.0048292447292770041,0,-0.004,0,0,-24
2671.25,0,158.54644775390625,0,0,-158.54644775390625,0,-0.0048292441567828635,0,-0.0046,0,0,-24
2671.375,0,158.55026245117188,0,0.030517578125,-158.55026245117188,0,-0.0048296741554083979,0,-0.0036,0,0,-24
2671.5,0,158.55026245117188,0,0,-158.55026245117188,0,-0.0048296677390670837,0,-0.0046,0,0,-24
2671.625,0,158.55026245117188,0,0,-158.55026245117188,0,-0.0048296614424325184,0,-0.0048,0,0,-24
2671.75,0,158.54263305664063,0,-0.06103515625,-158.54263305664063,0,-0.0048287941423935579,0,-0.0048,0,0,-24
2671.875,0,158.54644775390625,0,0.030517578125,-158.54644775390625,0,-0.0048292303689719922,0,-0.005,0,0,-24
2672,0,158.55026245117188,0,0.030517578125,-158.55026245117188,0,-0.0048296606248304152,0,-0.0044,0,0,-24
2672.125,0,158.55026245117188,0,0,-158.55026245117188,0,-0.0048296544609229136,0,-0.0044,0,0,-24
2672.25,0,158.538818359375,0,-0.091552734375,-158.538818359375,0,-0.0048283567306958717,0,-0.0044,0,0,-24
2672.375,0,158.55026245117188,0,0.091552734375,-158.55026245117188,0,-0.0048296600709823714,0,-0.0042,0,0,-24
2672.5,0,158.54263305664063,0,-0.06103515625,-158.54263305664063,0,-0.00482879279652993,0,-0.004,0,0,-24
2672.625,0,158.54263305664063,0,0,-158.54263305664063,0,-0.00482879848777861,0,-0.004,0,0,-24
2672.75,0,158.54644775390625,0,0.030517578125,-158.54644775390625,0,-0.00482923463328718,0,-0.0048,0,0,-24
2672.875,0,158.54644775390625,0,0,-158.54644775390625,0,-0.0048292342491493088,0,-0.005,0,0,-24
2673,0,158.54263305664063,0,-0.030517578125,-158.54263305664063,0,-0.0048288033117392061,0,-0.0042,0,0,-24
2673.125,0,158.54644775390625,0,0.030517578125,-158.54644775390625,0,-0.0048292393672493472,0,-0.0048,0,0,-24
2673.25,0,158.54263305664063,0,-0.030517578125,-158.54263305664063,0,-0.0048288083343531905,0,-0.0052,0,0,-24
2673.375,0,158.54644775390625,0,0.030517578125,-158.54644775390625,0,-0.0048292442961587172,0,-0.005,0,0,-24
2673.5,0,158.538818359375,0,-0.06103515625,-158.538818359375,0,-0.0048283826108672335,0,-0.0046,0,0,-24
2673.625,0,158.54644775390625,0,0.06103515625,-158.54644775390625,0,-0.0048292549078802864,0,-0.004,0,0,-24
2673.75,0,158.54644775390625,0,0,-158.54644775390625,0,-0.004829254145488595,0,-0.004,0,0,-24
2673.875,0,158.54263305664063,0,-0.030517578125,-158.54263305664063,0,-0.0048288228368815805,0,-0.0056,0,0,-24
2674,0,158.54263305664063,0,0,-158.54263305664063,0,-0.0048288279676811435,0,-0.005,0,0,-24
2674.125,0,158.54263305664063,0,0,-158.54263305664063,0,-0.0048288330027577231,0,-0.0038,0,0,-24
2674.25,0,158.54263305664063,0,0,-158.54263305664063,0,-0.0048288379438971791,0,-0.0054,0,0,-24
2674.375,0,158.54263305664063,0,0,-158.54263305664063,0,-0.0048288427928520538,0,-0.0054,0,0,-24
2674.5,0,158.54644775390625,0,0.030517578125,-158.54644775390625,0,-0.0048292781117811089,0,-0.0048,0,0,-24
2674.625,0,158.54644775390625,0,0,-158.54644775390625,0,-0.00482927691648484,0,-0.0048,0,0,-24
2674.75,0,158.54263305664063,0,-0.030517578125,-158.54263305664063,0,-0.0048288451830497507,0,-0.0054,0,0,-24
2674.875,0,158.54644775390625,0,0.030517578125,-158.54644775390625,0,-0.00482928045738598,0,-0.004,0,0,-24
2675,0,158.54263305664063,0,-0.030517578125,-158.54263305664063,0,-0.0048288486578899163,0,-0.0054,0,0,-24
2675.125,0,158.54644775390625,0,0.030517578125,-158.54644775390625,0,-0.00482928386739764,0,-0.0048,0,0,-24
2675.25,0,158.54644775390625,0,0,-158.54644775390625,0,-0.004829282564721463,0,-0.0048,0,0,-24
2675.375,0,158.55026245117188,0,0.030517578125,-158.55026245117188,0,-0.0048297118467876335,0,-0.0046,0,0,-24
2675.5,0,158.54263305664063,0,-0.06103515625,-158.54263305664063,0,-0.0048288436063776462,0,-0.0044,0,0,-24
2675.625,0,158.54644775390625,0,0.030517578125,-158.54644775390625,0,-0.0048292789101291268,0,-0.0044,0,0,-24
2675.75,0,158.54644775390625,0,0,-158.54644775390625,0,-0.0048292776999384439,0,-0.005,0,0,-24
2675.875,0,158.54263305664063,0,-0.030517578125,-158.54263305664063,0,-0.0048288459518868194,0,-0.005,0,0,-24
2676,0,158.55026245117188,0,0.06103515625,-158.55026245117188,0,-0.00482971177231812,0,-0.0052,0,0,-24
2676.125,0,158.54263305664063,0,-0.06103515625,-158.54263305664063,0,-0.0048288435332974767,0,-0.0042,0,0,-24
2676.25,0,158.54644775390625,0,0.030517578125,-158.54644775390625,0,-0.0048292788384123805,0,-0.0042,0,0,-24
2676.375,0,158.55026245117188,0,0.030517578125,-158.55026245117188,0,-0.004829708189998597,0,-0.0054,0,0,-24
2676.5,0,158.54263305664063,0,-0.06103515625,-158.54263305664063,0,-0.0048288400178116524,0,-0.004,0,0,-24
2676.625,0,158.55026245117188,0,0.06103515625,-158.55026245117188,0,-0.0048297059489522823,0,-0.0042,0,0,-24
2676.75,0,158.54263305664063,0,-0.06103515625,-158.54263305664063,0,-0.0048288378185755154,0,-0.0054,0,0,-24
2676.875,0,158.54263305664063,0,0,-158.54263305664063,0,-0.0048288426698684592,0,-0.0038,0,0,-24
2677,0,158.55026245117188,0,0.06103515625,-158.55026245117188,0,-0.0048297085515308768,0,-0.005,0,0,-24
2677.125,0,158.54263305664063,0,-0.06103515625,-158.54263305664063,0,-0.00482884037259899,0,-0.0048,0,0,-24
2677.25,0,158.54644775390625,0,0.030517578125,-158.54644775390625,0,-0.0048292757366816012,0,-0.0048,0,0,-24
2677.375,0,158.54263305664063,0,-0.030517578125,-158.54263305664063,0,-0.0048288440252575622,0,-0.0054,0,0,-24
2677.5,0,158.54644775390625,0,0.030517578125,-158.54644775390625,0,-0.0048292793211941907,0,-0.0046,0,0,-24
2677.625,0,158.54644775390625,0,0,-158.54644775390625,0,-0.0048292781033344549,0,-0.005,0,0,-24
2677.75,0,158.54263305664063,0,-0.030517578125,-158.54263305664063,0,-0.0048288463477568549,0,-0.0062,0,0,-24
2677.875,0,158.54644775390625,0,0.030517578125,-158.54644775390625,0,-0.0048292816003636758,0,-0.0042,0,0,-24
2678,0,158.54644775390625,0,0,-158.54644775390625,0,-0.0048292803399825161,0,-0.0048,0,0,-24
2678.125,0,158.538818359375,0,-0.06103515625,-158.538818359375,0,-0.0048284179822378785,0,-0.0046,0,0,-24
2678.25,0,158.54263305664063,0,0.030517578125,-158.54263305664063,0,-0.0048288590589045111,0,-0.0048,0,0,-24
2678.375,0,158.54263305664063,0,0,-158.54263305664063,0,-0.00482886351392634,0,-0.0042,0,0,-24
2678.5,0,158.538818359375,0,-0.030517578125,-158.538818359375,0,-0.0048284373253939458,0,-0.0042,0,0,-24
2678.625,0,158.54263305664063,0,0.030517578125,-158.54263305664063,0,-0.0048288780411841524,0,-0.0038,0,0,-24
2678.75,0,158.54263305664063,0,0,-158.54263305664063,0,-0.0048288821420622626,0,-0.0044,0,0,-24
2678.875,0,158.54644775390625,0,0.030517578125,-158.54644775390625,0,-0.00482931672687108,0,-0.0054,0,0,-24
2679,0,158.54263305664063,0,-0.030517578125,-158.54263305664063,0,-0.0048288842507118023,0,-0.005,0,0,-24
2679.125,0,158.54644775390625,0,0.030517578125,-158.54644775390625,0,-0.0048293187961805087,0,-0.0044,0,0,-24
2679.25,0,158.54263305664063,0,-0.030517578125,-158.54263305664063,0,-0.00482888628141507,0,-0.0058,0,0,-24
2679.375,0,158.54263305664063,0,0,-158.54263305664063,0,-0.0048288902285589562,0,-0.0034,0,0,-24
2679.5,0,158.54644775390625,0,0.030517578125,-158.54644775390625,0,-0.0048293246625016988,0,-0.0048,0,0,-24
2679.625,0,158.54263305664063,0,-0.030517578125,-158.54263305664063,0,-0.0048288920382909863,0,-0.004,0,0,-24
2679.75,0,158.54644775390625,0,0.030517578125,-158.54644775390625,0,-0.0048293264384703851,0,-0.0052,0,0,-24
2679.875,0,158.54263305664063,0,-0.030517578125,-158.54263305664063,0,-0.0048288937811262356,0,-0.005,0,0,-24
2680,0,158.54263305664063,0,0,-158.54263305664063,0,-0.0048288975883514365,0,-0.0046,0,0,-24
2680.125,0,158.54263305664063,0,0,-158.54263305664063,0,-0.0048289013245469761,0,-0.005,0,0,-24
2680.25,0,158.55026245117188,0,0.06103515625,-158.55026245117188,0,-0.0048297661119158525,0,-0.004,0,0,-24
2680.375,0,158.55026245117188,0,0,-158.55026245117188,0,-0.0048297579799839894,0,-0.005,0,0,-24
2680.5,0,158.54644775390625,0,-0.030517578125,-158.54644775390625,0,-0.00482931943932695,0,-0.0046,0,0,-24
2680.625,0,158.538818359375,0,-0.06103515625,-158.538818359375,0,-0.0048284563521237053,0,-0.005,0,0,-24
2680.75,0,158.54263305664063,0,0.030517578125,-158.54263305664063,0,-0.0048288967129409078,0,-0.0044,0,0,-24
2680.875,0,158.54263305664063,0,0,-158.54263305664063,0,-0.0048289004654685818,0,-0.0042,0,0,-24
2681,0,158.54263305664063,0,0,-158.54263305664063,0,-0.0048289041479870612,0,-0.0052,0,0,-24
2681.125,0,158.54263305664063,0,0,-158.54263305664063,0,-0.0048289077618024756,0,-0.0054,0,0,-24
2681.25,0,158.538818359375,0,-0.030517578125,-158.538818359375,0,-0.0048284807477576705,0,-0.006,0,0,-24
2681.375,0,158.54644775390625,0,0.06103515625,-158.54644775390625,0,-0.0048293512138755917,0,-0.0054,0,0,-24
2681.5,0,158.54263305664063,0,-0.030517578125,-158.54263305664063,0,-0.0048289180943080256,0,-0.0046,0,0,-24
2681.625,0,158.538818359375,0,-0.030517578125,-158.538818359375,0,-0.0048284908874943848,0,-0.0058,0,0,-24
2681.75,0,158.54263305664063,0,0.030517578125,-158.54263305664063,0,-0.0048289306040009538,0,-0.004,0,0,-24
2681.875,0,158.54263305664063,0,0,-158.54263305664063,0,-0.0048289337242386036,0,-0.0048,0,0,-24
2682,0,158.54263305664063,0,0,-158.54263305664063,0,-0.0048289367862634049,0,-0.005,0,0,-24
2682.125,0,158.538818359375,0,-0.030517578125,-158.538818359375,0,-0.0048285092307224923,0,-0.0052,0,0,-24
2682.25,0,158.54644775390625,0,0.06103515625,-158.54644775390625,0,-0.0048293791654467509,0,-0.0044,0,0,-24
2682.375,0,158.54263305664063,0,-0.030517578125,-158.54263305664063,0,-0.0048289455243994911,0,-0.0046,0,0,-24
2682.5,0,158.54263305664063,0,0,-158.54263305664063,0,-0.0048289483662740818,0,-0.0048,0,0,-24
2682.625,0,158.54644775390625,0,0.030517578125,-158.54644775390625,0,-0.0048293817155680334,0,-0.0044,0,0,-24
2682.75,0,158.54644775390625,0,0,-158.54644775390625,0,-0.0048293785873832432,0,-0.0048,0,0,-24
2682.875,0,158.55026245117188,0,0.030517578125,-158.55026245117188,0,-0.0048298060779984808,0,-0.0054,0,0,-24
2683,0,158.55026245117188,0,0,-158.55026245117188,0,-0.0048297972004376719,0,-0.0048,0,0,-24
2683.125,0,158.54263305664063,0,-0.06103515625,-158.54263305664063,0,-0.00482892736762363,0,-0.0054,0,0,-24
2683.25,0,158.54644775390625,0,0.030517578125,-158.54644775390625,0,-0.00482936110867981,0,-0.0044,0,0,-24
2683.375,0,158.55026245117188,0,0.030517578125,-158.55026245117188,0,-0.0048297889253872319,0,-0.0048,0,0,-24
2683.5,0,158.54263305664063,0,-0.06103515625,-158.54263305664063,0,-0.0048289192469570252,0,-0.0048,0,0,-24
2683.625,0,158.55026245117188,0,0.06103515625,-158.55026245117188,0,-0.0048297836999556852,0,-0.0038,0,0,-24
2683.75,0,158.54644775390625,0,-0.030517578125,-158.54644775390625,0,-0.0048293446794528848,0,-0.0048,0,0,-24
2683.875,0,158.54644775390625,0,0,-158.54644775390625,0,-0.0048293422422339746,0,-0.006,0,0,-24
2684,0,158.54263305664063,0,-0.030517578125,-158.54263305664063,0,-0.0048289092900462276,0,-0.0046,0,0,-24
2684.125,0,158.54263305664063,0,0,-158.54263305664063,0,-0.0048289128079285933,0,-0.0046,0,0,-24
2684.25,0,158.55026245117188,0,0.06103515625,-158.55026245117188,0,-0.0048297773810572651,0,-0.004,0,0,-24
2684.375,0,158.54644775390625,0,-0.030517578125,-158.54644775390625,0,-0.0048293384784432649,0,-0.0056,0,0,-24
2684.5,0,158.54263305664063,0,-0.030517578125,-158.54263305664063,0,-0.0048289055964748423,0,-0.0042,0,0,-24
2684.625,0,158.54263305664063,0,0,-158.54263305664063,0,-0.004828909183266482,0,-0.004,0,0,-24
2684.75,0,158.54263305664063,0,0,-158.54263305664063,0,-0.0048289127031409893,0,-0.0048,0,0,-24
2684.875,0,158.54263305664063,0,0,-158.54263305664063,0,-0.0048289161573468057,0,-0.0044,0,0,-24
2685,0,158.54263305664063,0,0,-158.54263305664063,0,-0.0048289195471090821,0,-0.0044,0,0,-24
2685.125,0,158.54263305664063,0,0,-158.54263305664063,0,-0.0048289228736301121,0,-0.0048,0,0,-24
2685.25,0,158.54263305664063,0,0,-158.54263305664063,0,-0.0048289261380897591,0,-0.0048,0,0,-24
2685.375,0,158.538818359375,0,-0.030517578125,-158.538818359375,0,-0.0048284987812069573,0,-0.0046,0,0,-24
2685.5,0,158.54263305664063,0,0.030517578125,-158.54263305664063,0,-0.0048289383504441369,0,-0.0038,0,0,-24
2685.625,0,158.54263305664063,0,0,-158.54263305664063,0,-0.0048289413261599357,0,-0.0048,0,0,-24
2685.75,0,158.54263305664063,0,0,-158.54263305664063,0,-0.0048289442463591639,0,-0.0052,0,0,-24
2685.875,0,158.53500366210938,0,-0.06103515625,-158.53500366210938,0,-0.0048280859911997362,0,-0.005,0,0,-24
2686,0,158.54263305664063,0,0.06103515625,-158.54263305664063,0,-0.0048289616543504372,0,-0.0052,0,0,-24
2686.125,0,158.54263305664063,0,0,-158.54263305664063,0,-0.0048289641952959017,0,-0.0038,0,0,-24
2686.25,0,158.54263305664063,0,0,-158.54263305664063,0,-0.0048289666888361076,0,-0.0044,0,0,-24
2686.375,0,158.538818359375,0,-0.030517578125,-158.538818359375,0,-0.0048285385754165567,0,-0.0044,0,0,-24
2686.5,0,158.55026245117188,0,0.091552734375,-158.55026245117188,0,-0.004829838523109177,0,-0.0042,0,0,-24
2686.625,0,158.54644775390625,0,-0.030517578125,-158.54644775390625,0,-0.0048293984797958475,0,-0.0044,0,0,-24
2686.75,0,158.54644775390625,0,0,-158.54644775390625,0,-0.0048293950388485175,0,-0.0042,0,0,-24
2686.875,0,158.54644775390625,0,0,-158.54644775390625,0,-0.00482939166209737,0,-0.0038,0,0,-24
2687,0,158.54263305664063,0,-0.030517578125,-158.54263305664063,0,-0.0048289577879058092,0,-0.0042,0,0,-24
2687.125,0,158.54263305664063,0,0,-158.54263305664063,0,-0.0048289604009857648,0,-0.0056,0,0,-24
2687.25,0,158.54644775390625,0,0.030517578125,-158.54644775390625,0,-0.0048293935257535982,0,-0.0046,0,0,-24
2687.375,0,158.54644775390625,0,0,-158.54644775390625,0,-0.0048293901772315708,0,-0.005,0,0,-24
2687.5,0,158.54263305664063,0,-0.030517578125,-158.54263305664063,0,-0.004828956330742473,0,-0.005,0,0,-24
2687.625,0,158.54644775390625,0,0.030517578125,-158.54644775390625,0,-0.0048293895314469766,0,-0.0054,0,0,-24
2687.75,0,158.54644775390625,0,0,-158.54644775390625,0,-0.0048293862574449037,0,-0.0048,0,0,-24
2687.875,0,158.54644775390625,0,0,-158.54644775390625,0,-0.0048293830445243916,0,-0.0044,0,0,-24
2688,0,158.54644775390625,0,0,-158.54644775390625,0,-0.0048293798915458692,0,-0.0058,0,0,-24
2688.125,0,158.54644775390625,0,0,-158.54644775390625,0,-0.0048293767973910271,0,-0.0038,0,0,-24
2688.25,0,158.54644775390625,0,0,-158.54644775390625,0,-0.0048293737609624186,0,-0.0044,0,0,-24
2688.375,0,158.54644775390625,0,0,-158.54644775390625,0,-0.0048293707811830709,0,-0.0042,0,0,-24
2688.5,0,158.54644775390625,0,0,-158.54644775390625,0,-0.0048293678569961054,0,-0.0048,0,0,-24
2688.625,0,158.55026245117188,0,0.030517578125,-158.55026245117188,0,-0.0048297955478032737,0,-0.005,0,0,-24
2688.75,0,158.54263305664063,0,-0.06103515625,-158.54263305664063,0,-0.0048289257458216765,0,-0.0058,0,0,-24
2688.875,0,158.5540771484375,0,0.091552734375,-158.5540771484375,0,-0.0048302206380129043,0,-0.0044,0,0,-24
2689,0,158.54644775390625,0,-0.06103515625,-158.54644775390625,0,-0.0048293450730774413,0,-0.0042,0,0,-24
2689.125,0,158.54644775390625,0,0,-158.54644775390625,0,-0.0048293426285148577,0,-0.0044,0,0,-24
2689.25,0,158.54263305664063,0,-0.030517578125,-158.54263305664063,0,-0.004828909669120445,0,-0.0052,0,0,-24
2689.375,0,158.54644775390625,0,0.030517578125,-158.54644775390625,0,-0.0048293437403695129,0,-0.0044,0,0,-24
2689.5,0,158.54263305664063,0,-0.030517578125,-158.54263305664063,0,-0.0048289107602317357,0,-0.0048,0,0,-24
2689.625,0,158.54644775390625,0,0.030517578125,-158.54644775390625,0,-0.0048293448111244386,0,-0.0042,0,0,-24
2689.75,0,158.54263305664063,0,-0.030517578125,-158.54263305664063,0,-0.0048289118110100759,0,-0.0054,0,0,-24
2689.875,0,158.54644775390625,0,0.030517578125,-158.54644775390625,0,-0.0048293458422988874,0,-0.0044,0,0,-24
2690,0,158.54644775390625,0,0,-158.54644775390625,0,-0.0048293433833852912,0,-0.0042,0,0,-24
2690.125,0,158.54263305664063,0,-0.030517578125,-158.54263305664063,0,-0.0048289104099076057,0,-0.0046,0,0,-24
2690.25,0,158.538818359375,0,-0.030517578125,-158.538818359375,0,-0.0048284833464583132,0,-0.004,0,0,-24
2690.375,0,158.54263305664063,0,0.030517578125,-158.54263305664063,0,-0.0048289232036545469,0,-0.0044,0,0,-24
2690.5,0,158.54263305664063,0,0,-158.54263305664063,0,-0.0048289264619570792,0,-0.0046,0,0,-24
2690.625,0,158.5540771484375,0,0.091552734375,-158.5540771484375,0,-0.0048302213407876958,0,-0.0054,0,0,-24
2690.75,0,158.54263305664063,0,-0.091552734375,-158.54263305664063,0,-0.0048289152023019682,0,-0.0044,0,0,-24
2690.875,0,158.54644775390625,0,0.030517578125,-158.54644775390625,0,-0.0048293491703209962,0,-0.0046,0,0,-24
2691,0,158.54263305664063,0,-0.030517578125,-158.54263305664063,0,-0.004828916088879095,0,-0.005,0,0,-24
2691.125,0,158.538818359375,0,-0.030517578125,-158.538818359375,0,-0.0048284889194798253,0,-0.0046,0,0,-24
2691.25,0,158.54644775390625,0,0.06103515625,-158.54644775390625,0,-0.00482935923314166,0,-0.0046,0,0,-24
2691.375,0,158.538818359375,0,-0.06103515625,-158.538818359375,0,-0.0048284954035233939,0,-0.0038,0,0,-24
2691.5,0,158.538818359375,0,0,-158.538818359375,0,-0.0048285044753375557,0,-0.0046,0,0,-24
2691.625,0,158.54263305664063,0,0.030517578125,-158.54263305664063,0,-0.0048289439383419419,0,-0.0052,0,0,-24
2691.75,0,158.54263305664063,0,0,-158.54263305664063,0,-0.0048289468098068836,0,-0.0048,0,0,-24
2691.875,0,158.54644775390625,0,0.030517578125,-158.54644775390625,0,-0.0048293801881391322,0,-0.0054,0,0,-24
2692,0,158.54263305664063,0,-0.030517578125,-158.54263305664063,0,-0.0048289465280119681,0,-0.0042,0,0,-24
2692.125,0,158.55026245117188,0,0.06103515625,-158.55026245117188,0,-0.00482981047204045,0,-0.0046,0,0,-24
2692.25,0,158.54644775390625,0,-0.030517578125,-158.54644775390625,0,-0.0048293709520630937,0,-0.0046,0,0,-24
2692.375,0,158.54644775390625,0,0,-158.54644775390625,0,-0.0048293680246880976,0,-0.0048,0,0,-24
2692.5,0,158.54263305664063,0,-0.030517578125,-158.54263305664063,0,-0.0048289345914888831,0,-0.0042,0,0,-24
2692.625,0,158.54263305664063,0,0,-158.54263305664063,0,-0.0048289376373337927,0,-0.0058,0,0,-24
2692.75,0,158.54644775390625,0,0.030517578125,-158.54644775390625,0,-0.0048293711867926819,0,-0.0046,0,0,-24
2692.875,0,158.54644775390625,0,0,-158.54644775390625,0,-0.0048293682550384432,0,-0.0042,0,0,-24
2693,0,158.538818359375,0,-0.06103515625,-158.538818359375,0,-0.0048285042571027705,0,-0.005,0,0,-24
2693.125,0,158.54263305664063,0,0.030517578125,-158.54263305664063,0,-0.0048289437241786637,0,-0.0042,0,0,-24
2693.25,0,158.54644775390625,0,0.030517578125,-158.54644775390625,0,-0.004829377160078069,0,-0.0048,0,0,-24
2693.375,0,158.538818359375,0,-0.06103515625,-158.538818359375,0,-0.00482851299600514,0,-0.0046,0,0,-24
2693.5,0,158.54263305664063,0,0.030517578125,-158.54263305664063,0,-0.0048289523000433245,0,-0.0044,0,0,-24
2693.625,0,158.54263305664063,0,0,-158.54263305664063,0,-0.0048289550155078236,0,-0.005,0,0,-24
2693.75,0,158.54263305664063,0,0,-158.54263305664063,0,-0.0048289576803111417,0,-0.0052,0,0,-24
2693.875,0,158.54644775390625,0,0.030517578125,-158.54644775390625,0,-0.0048293908558373587,0,-0.005,0,0,-24
2694,0,158.54263305664063,0,-0.030517578125,-158.54263305664063,0,-0.0048289569966878223,0,-0.006,0,0,-24
2694.125,0,158.54263305664063,0,0,-158.54263305664063,0,-0.00482895962452917,0,-0.0046,0,0,-24
2694.25,0,158.538818359375,0,-0.030517578125,-158.538818359375,0,-0.0048285316429051662,0,-0.0046,0,0,-24
2694.375,0,158.54644775390625,0,0.06103515625,-158.54644775390625,0,-0.0048294011594955718,0,-0.0052,0,0,-24
2694.5,0,158.54644775390625,0,0,-158.54644775390625,0,-0.0048293976685543083,0,-0.005,0,0,-24
2694.625,0,158.538818359375,0,-0.06103515625,-158.538818359375,0,-0.0048285331218641077,0,-0.0042,0,0,-24
2694.75,0,158.538818359375,0,0,-158.538818359375,0,-0.0048285414899844181,0,-0.0044,0,0,-24
2694.875,0,158.54263305664063,0,0.030517578125,-158.54263305664063,0,-0.0048289802624234476,0,-0.005,0,0,-24
2695,0,158.54263305664063,0,0,-158.54263305664063,0,-0.004828982456206595,0,-0.0058,0,0,-24
2695.125,0,158.538818359375,0,-0.030517578125,-158.538818359375,0,-0.0048285540486224156,0,-0.0048,0,0,-24
2695.25,0,158.54263305664063,0,0.030517578125,-158.54263305664063,0,-0.0048289925867606737,0,-0.0042,0,0,-24
2695.375,0,158.538818359375,0,-0.030517578125,-158.538818359375,0,-0.004828563990175375,0,-0.0046,0,0,-24
2695.5,0,158.538818359375,0,0,-158.538818359375,0,-0.0048285717823997043,0,-0.0054,0,0,-24
2695.625,0,158.54263305664063,0,0.030517578125,-158.54263305664063,0,-0.0048290099896869812,0,-0.0046,0,0,-24
2695.75,0,158.55026245117188,0,0.06103515625,-158.55026245117188,0,-0.0048298727497399834,0,-0.0046,0,0,-24
2695.875,0,158.54644775390625,0,-0.030517578125,-158.54644775390625,0,-0.0048294320678760388,0,-0.0038,0,0,-24
2696,0,158.54263305664063,0,-0.030517578125,-158.54263305664063,0,-0.0048289974398523245,0,-0.0058,0,0,-24
2696.125,0,158.55026245117188,0,0.06103515625,-158.55026245117188,0,-0.0048298604340418589,0,-0.004,0,0,-24
2696.25,0,158.538818359375,0,-0.091552734375,-158.538818359375,0,-0.0048285588610684346,0,-0.005,0,0,-24
2696.375,0,158.55026245117188,0,0.091552734375,-158.55026245117188,0,-0.0048298584303009158,0,-0.0046,0,0,-24
2696.5,0,158.54644775390625,0,-0.030517578125,-158.54644775390625,0,-0.0048294180155882037,0,-0.0042,0,0,-24
2696.625,0,158.538818359375,0,-0.06103515625,-158.538818359375,0,-0.0048285530892926871,0,-0.0048,0,0,-24
2696.75,0,158.538818359375,0,0,-158.538818359375,0,-0.0048285610848898047,0,-0.005,0,0,-24
2696.875,0,158.54644775390625,0,0.06103515625,-158.54644775390625,0,-0.0048294300521945534,0,-0.0048,0,0,-24
2697,0,158.54263305664063,0,-0.030517578125,-158.54263305664063,0,-0.0048289954617764877,0,-0.005,0,0,-24
2697.125,0,158.538818359375,0,-0.030517578125,-158.538818359375,0,-0.0048285668115533326,0,-0.0034,0,0,-24
2697.25,0,158.54263305664063,0,0.030517578125,-158.54263305664063,0,-0.0048290051115794192,0,-0.0038,0,0,-24
2697.375,0,158.538818359375,0,-0.030517578125,-158.538818359375,0,-0.0048285762813242991,0,-0.0046,0,0,-24
2697.5,0,158.54263305664063,0,0.030517578125,-158.54263305664063,0,-0.0048290144046771949,0,-0.0046,0,0,-24
2697.625,0,158.54644775390625,0,0.030517578125,-158.54644775390625,0,-0.004829446521922829,0,-0.0052,0,0,-24
2697.75,0,158.53500366210938,0,-0.091552734375,-158.53500366210938,0,-0.0048281505033587338,0,-0.0048,0,0,-24
2697.875,0,158.54263305664063,0,0.06103515625,-158.54263305664063,0,-0.0048290249629355563,0,-0.0042,0,0,-24
2698,0,158.54263305664063,0,0,-158.54263305664063,0,-0.0048290263227616708,0,-0.0046,0,0,-24
2698.125,0,158.55026245117188,0,0.06103515625,-158.55026245117188,0,-0.004829888778095961,0,-0.005,0,0,-24
2698.25,0,158.54263305664063,0,-0.06103515625,-158.54263305664063,0,-0.0048290172367593844,0,-0.0044,0,0,-24
2698.375,0,158.538818359375,0,-0.030517578125,-158.538818359375,0,-0.0048285881802903217,0,-0.0036,0,0,-24
2698.5,0,158.54644775390625,0,0.06103515625,-158.54644775390625,0,-0.0048294566420885613,0,-0.004,0,0,-24
2698.625,0,158.54263305664063,0,-0.030517578125,-158.54263305664063,0,-0.00482902155559499,0,-0.0058,0,0,-24
2698.75,0,158.54263305664063,0,0,-158.54263305664063,0,-0.0048290229789903008,0,-0.0044,0,0,-24
2698.875,0,158.54644775390625,0,0.030517578125,-158.54644775390625,0,-0.0048294549362688918,0,-0.0048,0,0,-24
2699,0,158.538818359375,0,-0.06103515625,-158.538818359375,0,-0.0048285893211611024,0,-0.0032,0,0,-24
2699.125,0,158.54263305664063,0,0.030517578125,-158.54263305664063,0,-0.00482902720123572,0,-0.0044,0,0,-24
2699.25,0,158.54644775390625,0,0.030517578125,-158.54644775390625,0,-0.0048294590797418081,0,-0.0048,0,0,-24
2699.375,0,158.54263305664063,0,-0.030517578125,-158.54263305664063,0,-0.0048290239477700543,0,-0.004,0,0,-24
2699.5,0,158.54263305664063,0,0,-158.54263305664063,0,-0.0048290253265356482,0,-0.0062,0,0,-24
2699.625,0,158.54263305664063,0,0,-158.54263305664063,0,-0.0048290266795782419,0,-0.0038,0,0,-24
2699.75,0,158.54263305664063,0,0,-158.54263305664063,0,-0.0048290280073777381,0,-0.0038,0,0,-24
2699.875,0,158.54644775390625,0,0.030517578125,-158.54644775390625,0,-0.0048294598708440023,0,-0.0036,0,0,-24
2700,0,158.54644775390625,0,0,-158.54644775390625,0,-0.0048294552845519331,0,-0.004,0,0,-24
2700.125,0,158.53500366210938,0,-0.091552734375,-158.53500366210938,0,-0.00482815910250747,0,-0.005,0,0,-24
2700.25,0,158.538818359375,0,0.030517578125,-158.538818359375,0,-0.0048286028412149861,0,-0.0052,0,0,-24
2700.375,0,158.54263305664063,0,0.030517578125,-158.54263305664063,0,-0.0048290404690521354,0,-0.0038,0,0,-24
2700.5,0,158.54263305664063,0,0,-158.54263305664063,0,-0.0048290415395877166,0,-0.0044,0,0,-24
2700.625,0,158.538818359375,0,-0.030517578125,-158.538818359375,0,-0.0048286120297118878,0,-0.004,0,0,-24
2700.75,0,158.54263305664063,0,0.030517578125,-158.54263305664063,0,-0.0048290494861234481,0,-0.0058,0,0,-24
2700.875,0,158.54263305664063,0,0,-158.54263305664063,0,-0.0048290503884316494,0,-0.0044,0,0,-24
2701,0,158.538818359375,0,-0.030517578125,-158.538818359375,0,-0.0048286207134669822,0,-0.0054,0,0,-24
2701.125,0,158.54263305664063,0,0.030517578125,-158.54263305664063,0,-0.0048290580078696908,0,-0.005,0,0,-24
2701.25,0,158.54644775390625,0,0.030517578125,-158.54644775390625,0,-0.004829489311630482,0,-0.0048,0,0,-24
2701.375,0,158.54263305664063,0,-0.030517578125,-158.54263305664063,0,-0.0048290536156361929,0,-0.0052,0,0,-24
2701.5,0,158.54644775390625,0,0.030517578125,-158.54644775390625,0,-0.0048294850013408785,0,-0.0034,0,0,-24
2701.625,0,158.54644775390625,0,0,-158.54644775390625,0,-0.0048294799462006094,0,-0.0044,0,0,-24
2701.75,0,158.54644775390625,0,0,-158.54644775390625,0,-0.0048294749853717836,0,-0.0066,0,0,-24
2701.875,0,158.54644775390625,0,0,-158.54644775390625,0,-0.0048294701170948744,0,-0.0042,0,0,-24
2702,0,158.54263305664063,0,-0.030517578125,-158.54263305664063,0,-0.0048290347792042665,0,-0.005,0,0,-24
2702.125,0,158.54263305664063,0,0,-158.54263305664063,0,-0.00482903595589274,0,-0.0044,0,0,-24
2702.25,0,158.54644775390625,0,0.030517578125,-158.54644775390625,0,-0.004829467671067191,0,-0.0056,0,0,-24
2702.375,0,158.54644775390625,0,0,-158.54644775390625,0,-0.0048294629392499214,0,-0.0052,0,0,-24
2702.5,0,158.54263305664063,0,-0.030517578125,-158.54263305664063,0,-0.0048290277352730877,0,-0.0036,0,0,-24
2702.625,0,158.54263305664063,0,0,-158.54263305664063,0,-0.0048290290433769673,0,-0.0046,0,0,-24
2702.75,0,158.54263305664063,0,0,-158.54263305664063,0,-0.0048290303270761507,0,-0.0042,0,0,-24
2702.875,0,158.55026245117188,0,0.06103515625,-158.55026245117188,0,-0.0048298927077037746,0,-0.004,0,0,-24
2703,0,158.538818359375,0,-0.091552734375,-158.538818359375,0,-0.0048285905326153839,0,-0.0054,0,0,-24
2703.125,0,158.54644775390625,0,0.06103515625,-158.54644775390625,0,-0.0048294589505273695,0,-0.005,0,0,-24
2703.25,0,158.54644775390625,0,0,-158.54644775390625,0,-0.0048294543814052272,0,-0.0046,0,0,-24
2703.375,0,158.54263305664063,0,-0.030517578125,-158.54263305664063,0,-0.0048290193370881928,0,-0.0048,0,0,-24
2703.5,0,158.54263305664063,0,0,-158.54263305664063,0,-0.004829020801873171,0,-0.0062,0,0,-24
2703.625,0,158.54644775390625,0,0.030517578125,-158.54644775390625,0,-0.0048294527997692419,0,-0.0048,0,0,-24
2703.75,0,158.54263305664063,0,-0.030517578125,-158.54263305664063,0,-0.0048290177849600671,0,-0.004,0,0,-24
2703.875,0,158.54644775390625,0,0.030517578125,-158.54644775390625,0,-0.0048294498391413081,0,-0.004,0,0,-24
2704,0,158.538818359375,0,-0.06103515625,-158.538818359375,0,-0.0048285843191283,0,-0.005,0,0,-24
2704.125,0,158.54644775390625,0,0.06103515625,-158.54644775390625,0,-0.0048294528529624747,0,-0.0044,0,0,-24
2704.25,0,158.54644775390625,0,0,-158.54644775390625,0,-0.0048294483975998151,0,-0.0054,0,0,-24
2704.375,0,158.54644775390625,0,0,-158.54644775390625,0,-0.0048294440253588214,0,-0.0044,0,0,-24
2704.5,0,158.54263305664063,0,-0.030517578125,-158.54263305664063,0,-0.0048290091742498138,0,-0.004,0,0,-24
2704.625,0,158.54644775390625,0,0.030517578125,-158.54644775390625,0,-0.0048294413890771415,0,-0.0048,0,0,-24
2704.75,0,158.538818359375,0,-0.06103515625,-158.538818359375,0,-0.00482857602671312,0,-0.0048,0,0,-24
2704.875,0,158.54263305664063,0,0.030517578125,-158.54263305664063,0,-0.00482901415481618,0,-0.0044,0,0,-24
2705,0,158.54644775390625,0,0.030517578125,-158.54644775390625,0,-0.0048294462767233572,0,-0.005,0,0,-24
2705.125,0,158.54263305664063,0,-0.030517578125,-158.54263305664063,0,-0.00482901138361167,0,-0.0054,0,0,-24
2705.25,0,158.54263305664063,0,0,-158.54263305664063,0,-0.0048290129967810264,0,-0.0058,0,0,-24
2705.375,0,158.54263305664063,0,0,-158.54263305664063,0,-0.0048290145798542189,0,-0.0048,0,0,-24
2705.5,0,158.54644775390625,0,0.030517578125,-158.54644775390625,0,-0.0048294466938316547,0,-0.005,0,0,-24
2705.625,0,158.538818359375,0,-0.06103515625,-158.538818359375,0,-0.0048285812324992518,0,-0.0056,0,0,-24
2705.75,0,158.54644775390625,0,0.06103515625,-158.54644775390625,0,-0.0048294498239192553,0,-0.0048,0,0,-24
2705.875,0,158.54644775390625,0,0,-158.54644775390625,0,-0.0048294454250680709,0,-0.005,0,0,-24
2706,0,158.54263305664063,0,-0.030517578125,-158.54263305664063,0,-0.0048290105478453272,0,-0.0054,0,0,-24
2706.125,0,158.54263305664063,0,0,-158.54263305664063,0,-0.0048290121766071947,0,-0.0054,0,0,-24
2706.25,0,158.54644775390625,0,0.030517578125,-158.54644775390625,0,-0.0048294443354209128,0,-0.0044,0,0,-24
2706.375,0,158.54644775390625,0,0,-158.54644775390625,0,-0.004829440038966135,0,-0.0054,0,0,-24
2706.5,0,158.54644775390625,0,0,-158.54644775390625,0,-0.004829435822668351,0,-0.005,0,0,-24
2706.625,0,158.54263305664063,0,-0.030517578125,-158.54263305664063,0,-0.004829001124593192,0,-0.0042,0,0,-24
2706.75,0,158.54263305664063,0,0,-158.54263305664063,0,-0.0048290029291603691,0,-0.0044,0,0,-24
2706.875,0,158.54263305664063,0,0,-158.54263305664063,0,-0.0048290047000605612,0,-0.0054,0,0,-24
2707,0,158.54644775390625,0,0.030517578125,-158.54644775390625,0,-0.0048294369983607945,0,-0.0054,0,0,-24
2707.125,0,158.538818359375,0,-0.06103515625,-158.538818359375,0,-0.0048285717179123618,0,-0.0046,0,0,-24
2707.25,0,158.55026245117188,0,0.091552734375,-158.55026245117188,0,-0.0048298710472805791,0,-0.005,0,0,-24
2707.375,0,158.54263305664063,0,-0.06103515625,-158.54263305664063,0,-0.0048289998367397249,0,-0.005,0,0,-24
2707.5,0,158.54644775390625,0,0.030517578125,-158.54644775390625,0,-0.0048294322257727128,0,-0.0036,0,0,-24
2707.625,0,158.54263305664063,0,-0.030517578125,-158.54263305664063,0,-0.0048289975948031926,0,-0.0054,0,0,-24
2707.75,0,158.54263305664063,0,0,-158.54263305664063,0,-0.00482899946522405,0,-0.0048,0,0,-24
2707.875,0,158.54644775390625,0,0.030517578125,-158.54644775390625,0,-0.0048294318611882357,0,-0.0056,0,0,-24
2708,0,158.538818359375,0,-0.06103515625,-158.538818359375,0,-0.0048285666765816842,0,-0.0042,0,0,-24
2708.125,0,158.54263305664063,0,0.030517578125,-158.54263305664063,0,-0.0048290049791258755,0,-0.0048,0,0,-24
2708.25,0,158.538818359375,0,-0.030517578125,-158.538818359375,0,-0.0048285761513418811,0,-0.0058,0,0,-24
2708.375,0,158.54644775390625,0,0.06103515625,-158.54644775390625,0,-0.0048294448375587164,0,-0.0044,0,0,-24
2708.5,0,158.54263305664063,0,-0.030517578125,-158.54263305664063,0,-0.0048290099712968663,0,-0.0048,0,0,-24
2708.625,0,158.54263305664063,0,0,-158.54263305664063,0,-0.0048290116108151348,0,-0.005,0,0,-24
2708.75,0,158.54644775390625,0,0.030517578125,-158.54644775390625,0,-0.0048294437801845768,0,-0.0052,0,0,-24
2708.875,0,158.54263305664063,0,-0.030517578125,-158.54263305664063,0,-0.0048290089336496724,0,-0.0042,0,0,-24
2709,0,158.54263305664063,0,0,-158.54263305664063,0,-0.00482901059252685,0,-0.005,0,0,-24
2709.125,0,158.54644775390625,0,0.030517578125,-158.54644775390625,0,-0.0048294427808940315,0,-0.0044,0,0,-24
2709.25,0,158.54644775390625,0,0,-158.54644775390625,0,-0.0048294385134413512,0,-0.0046,0,0,-24
2709.375,0,158.54263305664063,0,-0.030517578125,-158.54263305664063,0,-0.00482900376516567,0,-0.0044,0,0,-24
2709.5,0,158.54263305664063,0,0,-158.54263305664063,0,-0.0048290055204688927,0,-0.0044,0,0,-24
2709.625,0,158.54644775390625,0,0.030517578125,-158.54644775390625,0,-0.0048294378034631422,0,-0.0044,0,0,-24
2709.75,0,158.54263305664063,0,-0.030517578125,-158.54263305664063,0,-0.0048290030684331993,0,-0.0042,0,0,-24
2709.875,0,158.54263305664063,0,0,-158.54263305664063,0,-0.004829004836735042,0,-0.0046,0,0,-24
2710,0,158.54644775390625,0,0.030517578125,-158.54644775390625,0,-0.0048294371324854018,0,-0.0058,0,0,-24
2710.125,0,158.54263305664063,0,-0.030517578125,-158.54263305664063,0,-0.0048290024099735844,0,-0.0042,0,0,-24
2710.25,0,158.54263305664063,0,0,-158.54263305664063,0,-0.0048290041905600075,0,-0.0054,0,0,-24
2710.375,0,158.55026245117188,0,0.06103515625,-158.55026245117188,0,-0.0048298670588046728,0,-0.0048,0,0,-24
2710.5,0,158.54644775390625,0,-0.030517578125,-158.54644775390625,0,-0.0048294264831139086,0,-0.0054,0,0,-24
2710.625,0,158.5540771484375,0,0.06103515625,-158.5540771484375,0,-0.0048302836405992962,0,-0.0054,0,0,-24
2710.75,0,158.54263305664063,0,-0.091552734375,-158.54263305664063,0,-0.0048289763398144444,0,-0.0044,0,0,-24
2710.875,0,158.54263305664063,0,0,-158.54263305664063,0,-0.0048289786067799165,0,-0.0044,0,0,-24
2711,0,158.54644775390625,0,0.030517578125,-158.54644775390625,0,-0.0048294113918905656,0,-0.0048,0,0,-24
2711.125,0,158.54263305664063,0,-0.030517578125,-158.54263305664063,0,-0.0048289771496092667,0,-0.0036,0,0,-24
2711.25,0,158.538818359375,0,-0.030517578125,-158.538818359375,0,-0.00482854884102785,0,-0.0054,0,0,-24
2711.375,0,158.54263305664063,0,0.030517578125,-158.54263305664063,0,-0.00482898747632182,0,-0.0044,0,0,-24
2711.5,0,158.54644775390625,0,0.030517578125,-158.54644775390625,0,-0.0048294200959574781,0,-0.005,0,0,-24
2711.625,0,158.54263305664063,0,-0.030517578125,-158.54263305664063,0,-0.004828985691288379,0,-0.0044,0,0,-24
2711.75,0,158.54644775390625,0,0.030517578125,-158.54644775390625,0,-0.00482941834422659,0,-0.0054,0,0,-24
2711.875,0,158.54644775390625,0,0,-158.54644775390625,0,-0.0048294145326776509,0,-0.0046,0,0,-24
2712,0,158.54263305664063,0,-0.030517578125,-158.54263305664063,0,-0.0048289802318001217,0,-0.0048,0,0,-24
2712.125,0,158.54644775390625,0,0.030517578125,-158.54644775390625,0,-0.0048294129865935117,0,-0.0054,0,0,-24
2712.25,0,158.54644775390625,0,0,-158.54644775390625,0,-0.0048294092749994848,0,-0.0044,0,0,-24
2712.375,0,158.54263305664063,0,-0.030517578125,-158.54263305664063,0,-0.0048289750722120559,0,-0.0042,0,0,-24
2712.5,0,158.54644775390625,0,0.030517578125,-158.54644775390625,0,-0.004829407923265523,0,-0.0062,0,0,-24
2712.625,0,158.54263305664063,0,-0.030517578125,-158.54263305664063,0,-0.0048289737456967763,0,-0.0054,0,0,-24
2712.75,0,158.54263305664063,0,0,-158.54263305664063,0,-0.0048289760610595164,0,-0.004,0,0,-24
2712.875,0,158.54263305664063,0,0,-158.54263305664063,0,-0.0048289783332255915,0,-0.0052,0,0,-24
2713,0,158.54644775390625,0,0.030517578125,-158.54644775390625,0,-0.0048294111234398187,0,-0.0048,0,0,-24
2713.125,0,158.54263305664063,0,-0.030517578125,-158.54263305664063,0,-0.0048289768861668825,0,-0.0052,0,0,-24
2713.25,0,158.54644775390625,0,0.030517578125,-158.54644775390625,0,-0.0048294097033782235,0,-0.0044,0,0,-24
2713.375,0,158.54263305664063,0,-0.030517578125,-158.54263305664063,0,-0.0048289754925987275,0,-0.0052,0,0,-24
2713.5,0,158.54644775390625,0,0.030517578125,-158.54644775390625,0,-0.0048294083358092323,0,-0.0046,0,0,-24
2713.625,0,158.55026245117188,0,0.030517578125,-158.55026245117188,0,-0.0048298352714216761,0,-0.0038,0,0,-24
2713.75,0,158.54644775390625,0,-0.030517578125,-158.54644775390625,0,-0.0048293952887735947,0,-0.0048,0,0,-24
2713.875,0,158.5540771484375,0,0.06103515625,-158.5540771484375,0,-0.0048302530282375387,0,-0.0042,0,0,-24
2714,0,158.54644775390625,0,-0.06103515625,-158.54644775390625,0,-0.0048293768590124521,0,-0.0054,0,0,-24
2714.125,0,158.55026245117188,0,0.030517578125,-158.55026245117188,0,-0.0048298043818731139,0,-0.0036,0,0,-24
2714.25,0,158.54263305664063,0,-0.06103515625,-158.54263305664063,0,-0.0048289344150783111,0,-0.005,0,0,-24
2714.375,0,158.55026245117188,0,0.06103515625,-158.55026245117188,0,-0.0048297985850922617,0,-0.0046,0,0,-24
2714.5,0,158.54263305664063,0,-0.06103515625,-158.54263305664063,0,-0.0048289287264453515,0,-0.0042,0,0,-24
2714.625,0,158.54644775390625,0,0.030517578125,-158.54644775390625,0,-0.004829362442150615,0,-0.0054,0,0,-24
2714.75,0,158.54263305664063,0,-0.030517578125,-158.54263305664063,0,-0.0048289291131022516,0,-0.0046,0,0,-24
2714.875,0,158.54644775390625,0,0.030517578125,-158.54644775390625,0,-0.004829362821593834,0,-0.0052,0,0,-24
2715,0,158.54644775390625,0,0,-158.54644775390625,0,-0.0048293600459052887,0,-0.004,0,0,-24
2715.125,0,158.54644775390625,0,0,-158.54644775390625,0,-0.004829357322001496,0,-0.004,0,0,-24
2715.25,0,158.54263305664063,0,-0.030517578125,-158.54263305664063,0,-0.0048289240884774156,0,-0.0048,0,0,-24
2715.375,0,158.54644775390625,0,0.030517578125,-158.54644775390625,0,-0.0048293578907111284,0,-0.0046,0,0,-24
2715.5,0,158.54263305664063,0,-0.030517578125,-158.54263305664063,0,-0.0048289246465768919,0,-0.0046,0,0,-24
2715.625,0,158.54263305664063,0,0,-158.54263305664063,0,-0.0048289278779594805,0,-0.0046,0,0,-24
2715.75,0,158.54644775390625,0,0.030517578125,-158.54644775390625,0,-0.0048293616094945572,0,-0.0052,0,0,-24
2715.875,0,158.54644775390625,0,0,-158.54644775390625,0,-0.0048293588564195938,0,-0.0048,0,0,-24
2716,0,158.54263305664063,0,-0.030517578125,-158.54263305664063,0,-0.0048289255942685757,0,-0.0042,0,0,-24
2716.125,0,158.54263305664063,0,0,-158.54263305664063,0,-0.004828928807970514,0,-0.0054,0,0,-24
2716.25,0,158.54644775390625,0,0.030517578125,-158.54644775390625,0,-0.0048293625221548,0,-0.0052,0,0,-24
2716.375,0,158.54263305664063,0,-0.030517578125,-158.54263305664063,0,-0.0048289291916138351,0,-0.0046,0,0,-24
2716.5,0,158.54263305664063,0,0,-158.54263305664063,0,-0.0048289323382017463,0,-0.0038,0,0,-24
2716.625,0,158.54263305664063,0,0,-158.54263305664063,0,-0.0048289354260852039,0,-0.004,0,0,-24
2716.75,0,158.54644775390625,0,0.030517578125,-158.54644775390625,0,-0.0048293690167983475,0,-0.0038,0,0,-24
2716.875,0,158.54263305664063,0,-0.030517578125,-158.54263305664063,0,-0.0048289355650897852,0,-0.0046,0,0,-24
2717,0,158.538818359375,0,-0.030517578125,-158.538818359375,0,-0.0048285080323317506,0,-0.0046,0,0,-24
2717.125,0,158.538818359375,0,0,-158.538818359375,0,-0.0048285168685360041,0,-0.0038,0,0,-24
2717.25,0,158.54263305664063,0,0.030517578125,-158.54263305664063,0,-0.004828956100326149,0,-0.005,0,0,-24
2717.375,0,158.54263305664063,0,0,-158.54263305664063,0,-0.0048289587448905073,0,-0.0046,0,0,-24
2717.5,0,158.54644775390625,0,0.030517578125,-158.54644775390625,0,-0.0048293919005553531,0,-0.0042,0,0,-24
2717.625,0,158.54644775390625,0,0,-158.54644775390625,0,-0.0048293885823539068,0,-0.004,0,0,-24
2717.75,0,158.54263305664063,0,-0.030517578125,-158.54263305664063,0,-0.0048289547656197125,0,-0.0046,0,0,-24
2717.875,0,158.54263305664063,0,0,-158.54263305664063,0,-0.0048289574350850791,0,-0.0044,0,0,-24
2718,0,158.54644775390625,0,0.030517578125,-158.54644775390625,0,-0.0048293906151863665,0,-0.0044,0,0,-24
2718.125,0,158.54263305664063,0,-0.030517578125,-158.54263305664063,0,-0.004828956760526546,0,-0.0056,0,0,-24
2718.25,0,158.54644775390625,0,0.030517578125,-158.54644775390625,0,-0.0048293899532127638,0,-0.0044,0,0,-24
2718.375,0,158.54644775390625,0,0,-158.54644775390625,0,-0.0048293866713419991,0,-0.005,0,0,-24
2718.5,0,158.54644775390625,0,0,-158.54644775390625,0,-0.0048293834506995979,0,-0.005,0,0,-24
2718.625,0,158.538818359375,0,-0.06103515625,-158.538818359375,0,-0.0048285191692654175,0,-0.005,0,0,-24
2718.75,0,158.54263305664063,0,0.030517578125,-158.54263305664063,0,-0.0048289583581319047,0,-0.0048,0,0,-24
2718.875,0,158.54263305664063,0,0,-158.54263305664063,0,-0.0048289609605734127,0,-0.0048,0,0,-24
2719,0,158.54263305664063,0,0,-158.54263305664063,0,-0.0048289635144623585,0,-0.004,0,0,-24
2719.125,0,158.54263305664063,0,0,-158.54263305664063,0,-0.0048289660207045653,0,-0.0036,0,0,-24
2719.25,0,158.54263305664063,0,0,-158.54263305664063,0,-0.0048289684801889558,0,-0.0058,0,0,-24
2719.375,0,158.54644775390625,0,0.030517578125,-158.54644775390625,0,-0.0048294014542267861,0,-0.006,0,0,-24
2719.5,0,158.53500366210938,0,-0.091552734375,-158.53500366210938,0,-0.0048281062764701068,0,-0.0052,0,0,-24
2719.625,0,158.538818359375,0,0.030517578125,-158.538818359375,0,-0.00482855100072887,0,-0.0054,0,0,-24
2719.75,0,158.54644775390625,0,0.06103515625,-158.54644775390625,0,-0.0048294201561692018,0,-0.0052,0,0,-24
2719.875,0,158.54263305664063,0,-0.030517578125,-158.54263305664063,0,-0.00482898575037676,0,-0.0052,0,0,-24
2720,0,158.54263305664063,0,0,-158.54263305664063,0,-0.00482898784177367,0,-0.0048,0,0,-24
2720.125,0,158.54263305664063,0,0,-158.54263305664063,0,-0.004828989894152343,0,-0.0046,0,0,-24
2720.25,0,158.54263305664063,0,0,-158.54263305664063,0,-0.0048289919082407252,0,-0.0048,0,0,-24
2720.375,0,158.538818359375,0,-0.030517578125,-158.538818359375,0,-0.0048285633243142639,0,-0.004,0,0,-24
2720.5,0,158.538818359375,0,0,-158.538818359375,0,-0.00482857112896126,0,-0.0052,0,0,-24
2720.625,0,158.538818359375,0,0,-158.538818359375,0,-0.0048285787880005225,0,-0.0048,0,0,-24
2720.75,0,158.53500366210938,0,-0.030517578125,-158.53500366210938,0,-0.0048281557437096717,0,-0.0044,0,0,-24
2720.875,0,158.538818359375,0,0.030517578125,-158.538818359375,0,-0.0048285995450807447,0,-0.0044,0,0,-24
2721,0,158.538818359375,0,0,-158.538818359375,0,-0.0048286066739734474,0,-0.0042,0,0,-24
2721.125,0,158.538818359375,0,0,-158.538818359375,0,-0.0048286136698656558,0,-0.0044,0,0,-24
2721.25,0,158.53118896484375,0,-0.06103515625,-158.53118896484375,0,-0.0048277594143608694,0,-0.005,0,0,-24
2721.375,0,158.538818359375,0,0.06103515625,-158.538818359375,0,-0.0048286390025464795,0,-0.0054,0,0,-24
2721.5,0,158.54263305664063,0,0.030517578125,-158.54263305664063,0,-0.0048290759557381869,0,-0.0046,0,0,-24
2721.625,0,158.538818359375,0,-0.030517578125,-158.538818359375,0,-0.0048286458037759619,0,-0.0044,0,0,-24
2721.75,0,158.538818359375,0,0,-158.538818359375,0,-0.0048286520696413215,0,-0.0052,0,0,-24
2721.875,0,158.538818359375,0,0,-158.538818359375,0,-0.0048286582186072933,0,-0.0038,0,0,-24
2722,0,158.54263305664063,0,0.030517578125,-158.54263305664063,0,-0.0048290948132937326,0,-0.004,0,0,-24
2722.125,0,158.538818359375,0,-0.030517578125,-158.538818359375,0,-0.0048286643095147089,0,-0.0048,0,0,-24
2722.25,0,158.54644775390625,0,0.06103515625,-158.54644775390625,0,-0.0048295313510047884,0,-0.0054,0,0,-24
2722.375,0,158.54263305664063,0,-0.030517578125,-158.54263305664063,0,-0.0048290948707010979,0,-0.0042,0,0,-24
2722.5,0,158.54644775390625,0,0.030517578125,-158.54644775390625,0,-0.0048295254867288841,0,-0.0048,0,0,-24
2722.625,0,158.538818359375,0,-0.06103515625,-158.538818359375,0,-0.0048286585553933932,0,-0.0038,0,0,-24
2722.75,0,158.54263305664063,0,0.030517578125,-158.54263305664063,0,-0.0048290951437965687,0,-0.005,0,0,-24
2722.875,0,158.54644775390625,0,0.030517578125,-158.54644775390625,0,-0.0048295257547293375,0,-0.0044,0,0,-24
2723,0,158.54644775390625,0,0,-158.54644775390625,0,-0.0048295199392717186,0,-0.0046,0,0,-24
2723.125,0,158.54263305664063,0,-0.030517578125,-158.54263305664063,0,-0.004829083671871519,0,-0.004,0,0,-24
2723.25,0,158.54263305664063,0,0,-158.54263305664063,0,-0.0048290839363918361,0,-0.0042,0,0,-24
2723.375,0,158.54263305664063,0,0,-158.54263305664063,0,-0.0048290841959771182,0,-0.0054,0,0,-24
2723.5,0,158.54644775390625,0,0.030517578125,-158.54644775390625,0,-0.0048295150111583533,0,-0.005,0,0,-24
2723.625,0,158.54263305664063,0,-0.030517578125,-158.54263305664063,0,-0.0048290788356997131,0,-0.0048,0,0,-24
2723.75,0,158.54644775390625,0,0.030517578125,-158.54644775390625,0,-0.0048295097508851952,0,-0.0048,0,0,-24
2723.875,0,158.54263305664063,0,-0.030517578125,-158.54263305664063,0,-0.004829073673565068,0,-0.004,0,0,-24
2724,0,158.54644775390625,0,0.030517578125,-158.54644775390625,0,-0.0048295046850581379,0,-0.0046,0,0,-24
2724.125,0,158.54263305664063,0,-0.030517578125,-158.54263305664063,0,-0.0048290687022488317,0,-0.0048,0,0,-24
2724.25,0,158.538818359375,0,-0.030517578125,-158.538818359375,0,-0.0048286386856116435,0,-0.0038,0,0,-24
2724.375,0,158.54644775390625,0,0.06103515625,-158.54644775390625,0,-0.0048295062051551757,0,-0.0044,0,0,-24
2724.5,0,158.54263305664063,0,-0.030517578125,-158.54263305664063,0,-0.004829070193986114,0,-0.0042,0,0,-24
2724.625,0,158.54644775390625,0,0.030517578125,-158.54644775390625,0,-0.0048295012703960987,0,-0.005,0,0,-24
2724.75,0,158.54263305664063,0,-0.030517578125,-158.54263305664063,0,-0.0048290653512925823,0,-0.0042,0,0,-24
2724.875,0,158.54263305664063,0,0,-158.54263305664063,0,-0.0048290659576115712,0,-0.0046,0,0,-24
2725,0,158.54263305664063,0,0,-158.54263305664063,0,-0.0048290665526187432,0,-0.0054,0,0,-24
2725.125,0,158.538818359375,0,-0.030517578125,-158.538818359375,0,-0.004828636576086222,0,-0.004,0,0,-24
2725.25,0,158.538818359375,0,0,-158.538818359375,0,-0.004828643014108373,0,-0.0054,0,0,-24
2725.375,0,158.538818359375,0,0,-158.538818359375,0,-0.0048286493320192862,0,-0.0054,0,0,-24
2725.5,0,158.54263305664063,0,0.030517578125,-158.54263305664063,0,-0.0048290860924987385,0,-0.0046,0,0,-24
2725.625,0,158.538818359375,0,-0.030517578125,-158.538818359375,0,-0.004828655751419603,0,-0.0038,0,0,-24
2725.75,0,158.538818359375,0,0,-158.538818359375,0,-0.0048286618316963192,0,-0.0044,0,0,-24
2725.875,0,158.54263305664063,0,0.030517578125,-158.54263305664063,0,-0.0048290983589750073,0,-0.0052,0,0,-24
2726,0,158.538818359375,0,-0.030517578125,-158.538818359375,0,-0.0048286677890458278,0,-0.0046,0,0,-24
2726.125,0,158.538818359375,0,0,-158.538818359375,0,-0.0048286736447420509,0,-0.0052,0,0,-24
2726.25,0,158.538818359375,0,0,-158.538818359375,0,-0.004828679391191225,0,-0.0054,0,0,-24
2726.375,0,158.54644775390625,0,0.06103515625,-158.54644775390625,0,-0.0048295461513093553,0,-0.0044,0,0,-24
2726.5,0,158.54263305664063,0,-0.030517578125,-158.54263305664063,0,-0.0048291093948831442,0,-0.005,0,0,-24
2726.625,0,158.54263305664063,0,0,-158.54263305664063,0,-0.0048291091795009851,0,-0.0042,0,0,-24
2726.75,0,158.538818359375,0,-0.030517578125,-158.538818359375,0,-0.0048286784076981958,0,-0.0056,0,0,-24
2726.875,0,158.54263305664063,0,0.030517578125,-158.54263305664063,0,-0.00482911462572599,0,-0.0048,0,0,-24
2727,0,158.54263305664063,0,0,-158.54263305664063,0,-0.0048291143127543856,0,-0.0048,0,0,-24
2727.125,0,158.54263305664063,0,0,-158.54263305664063,0,-0.0048291140056217494,0,-0.0044,0,0,-24
2727.25,0,158.54263305664063,0,0,-158.54263305664063,0,-0.004829113704219146,0,-0.0048,0,0,-24
2727.375,0,158.53500366210938,0,-0.06103515625,-158.53500366210938,0,-0.0048282522875618406,0,-0.0056,0,0,-24
2727.5,0,158.538818359375,0,0.030517578125,-158.538818359375,0,-0.0048286942877583689,0,-0.0036,0,0,-24
2727.625,0,158.54263305664063,0,0.030517578125,-158.54263305664063,0,-0.0048291302095191347,0,-0.0054,0,0,-24
2727.75,0,158.54263305664063,0,0,-158.54263305664063,0,-0.0048291296058078212,0,-0.0052,0,0,-24
2727.875,0,158.54263305664063,0,0,-158.54263305664063,0,-0.0048291290133596733,0,-0.0054,0,0,-24
2728,0,158.54263305664063,0,0,-158.54263305664063,0,-0.00482912843196456,0,-0.0048,0,0,-24
2728.125,0,158.538818359375,0,-0.030517578125,-158.538818359375,0,-0.0048286973009773531,0,-0.0052,0,0,-24
2728.25,0,158.54644775390625,0,0.06103515625,-158.54644775390625,0,-0.0048295637269607861,0,-0.005,0,0,-24
2728.375,0,158.54644775390625,0,0,-158.54644775390625,0,-0.0048295572030725925,0,-0.0036,0,0,-24
2728.5,0,158.54644775390625,0,0,-158.54644775390625,0,-0.0048295508008976,0,-0.0054,0,0,-24
2728.625,0,158.54263305664063,0,-0.030517578125,-158.54263305664063,0,-0.0048291139577261452,0,-0.004,0,0,-24
2728.75,0,158.538818359375,0,-0.030517578125,-158.538818359375,0,-0.0048286830967781916,0,-0.0042,0,0,-24
2728.875,0,158.538818359375,0,0,-158.538818359375,0,-0.0048286886668850457,0,-0.0044,0,0,-24
2729,0,158.54263305664063,0,0.030517578125,-158.54263305664063,0,-0.0048291246935118779,0,-0.0042,0,0,-24
2729.125,0,158.54263305664063,0,0,-158.54263305664063,0,-0.0048291241927101913,0,-0.0046,0,0,-24
2729.25,0,158.538818359375,0,-0.030517578125,-158.538818359375,0,-0.0048286931408128165,0,-0.0034,0,0,-24
2729.375,0,158.54263305664063,0,0.030517578125,-158.54263305664063,0,-0.0048291290839716219,0,-0.0064,0,0,-24
2729.5,0,158.54644775390625,0,0.030517578125,-158.54644775390625,0,-0.00482955906169805,0,-0.0046,0,0,-24
2729.625,0,158.54263305664063,0,-0.030517578125,-158.54263305664063,0,-0.0048291220644086147,0,-0.0048,0,0,-24
2729.75,0,158.54263305664063,0,0,-158.54263305664063,0,-0.0048291216126569066,0,-0.0044,0,0,-24
2729.875,0,158.54263305664063,0,0,-158.54263305664063,0,-0.0048291211693333239,0,-0.0044,0,0,-24
2730,0,158.538818359375,0,-0.030517578125,-158.538818359375,0,-0.00482869017384171,0,-0.0044,0,0,-24
2730.125,0,158.54263305664063,0,0.030517578125,-158.54263305664063,0,-0.00482912617235394,0,-0.005,0,0,-24
2730.25,0,158.54263305664063,0,0,-158.54263305664063,0,-0.0048291256439621727,0,-0.0048,0,0,-24
2730.375,0,158.54263305664063,0,0,-158.54263305664063,0,-0.0048291251254283692,0,-0.005,0,0,-24
2730.5,0,158.54263305664063,0,0,-158.54263305664063,0,-0.0048291246165686136,0,-0.005,0,0,-24
2730.625,0,158.538818359375,0,-0.030517578125,-158.538818359375,0,-0.0048286935567635053,0,-0.004,0,0,-24
2730.75,0,158.538818359375,0,0,-158.538818359375,0,-0.0048286989317231918,0,-0.005,0,0,-24
2730.875,0,158.54644775390625,0,0.06103515625,-158.54644775390625,0,-0.004829565327282544,0,-0.005,0,0,-24
2731,0,158.54263305664063,0,-0.030517578125,-158.54263305664063,0,-0.0048291282130989615,0,-0.0052,0,0,-24
2731.125,0,158.54644775390625,0,0.030517578125,-158.54644775390625,0,-0.0048295582070728635,0,-0.0054,0,0,-24
2731.25,0,158.538818359375,0,-0.06103515625,-158.538818359375,0,-0.0048286906652888631,0,-0.0056,0,0,-24
2731.375,0,158.54263305664063,0,0.030517578125,-158.54263305664063,0,-0.0048291266546323878,0,-0.0054,0,0,-24
2731.5,0,158.54263305664063,0,0,-158.54263305664063,0,-0.0048291261172429718,0,-0.003,0,0,-24
2731.625,0,158.54644775390625,0,0.030517578125,-158.54644775390625,0,-0.0048295561503183017,0,-0.0052,0,0,-24
2731.75,0,158.54644775390625,0,0,-158.54644775390625,0,-0.0048295497677840653,0,-0.0048,0,0,-24
2731.875,0,158.54263305664063,0,-0.030517578125,-158.54263305664063,0,-0.0048291129438869373,0,-0.005,0,0,-24
2732,0,158.54644775390625,0,0.030517578125,-158.54644775390625,0,-0.0048295432227315523,0,-0.0036,0,0,-24
2732.125,0,158.54263305664063,0,-0.030517578125,-158.54263305664063,0,-0.0048291065209424789,0,-0.0042,0,0,-24
2732.25,0,158.54644775390625,0,0.030517578125,-158.54644775390625,0,-0.0048295369196170342,0,-0.0054,0,0,-24
2732.375,0,158.54263305664063,0,-0.030517578125,-158.54263305664063,0,-0.0048291003354222891,0,-0.0046,0,0,-24
2732.5,0,158.538818359375,0,-0.030517578125,-158.538818359375,0,-0.0048286697286194355,0,-0.0044,0,0,-24
2732.625,0,158.54263305664063,0,0.030517578125,-158.54263305664063,0,-0.0048291061085688368,0,-0.0044,0,0,-24
2732.75,0,158.54263305664063,0,0,-158.54263305664063,0,-0.0048291059544979418,0,-0.0048,0,0,-24
2732.875,0,158.54263305664063,0,0,-158.54263305664063,0,-0.0048291058033014776,0,-0.0044,0,0,-24
2733,0,158.54263305664063,0,0,-158.54263305664063,0,-0.0048291056549258169,0,-0.005,0,0,-24
2733.125,0,158.54263305664063,0,0,-158.54263305664063,0,-0.0048291055093183325,0,-0.004,0,0,-24
2733.25,0,158.538818359375,0,-0.030517578125,-158.538818359375,0,-0.0048286748059884642,0,-0.0044,0,0,-24
2733.375,0,158.538818359375,0,0,-158.538818359375,0,-0.0048286805307727948,0,-0.0058,0,0,-24
2733.5,0,158.54263305664063,0,0.030517578125,-158.54263305664063,0,-0.0048291167091913554,0,-0.0042,0,0,-24
2733.625,0,158.54263305664063,0,0,-158.54263305664063,0,-0.004829116357349489,0,-0.0046,0,0,-24
2733.75,0,158.54263305664063,0,0,-158.54263305664063,0,-0.0048291160120717755,0,-0.0046,0,0,-24
2733.875,0,158.538818359375,0,-0.030517578125,-158.538818359375,0,-0.0048286851127968345,0,-0.005,0,0,-24
2734,0,158.54263305664063,0,0.030517578125,-158.54263305664063,0,-0.0048291212057306665,0,-0.0052,0,0,-24
2734.125,0,158.538818359375,0,-0.030517578125,-158.538818359375,0,-0.004828690209560004,0,-0.004,0,0,-24
2734.25,0,158.54644775390625,0,0.06103515625,-158.54644775390625,0,-0.0048295567678447709,0,-0.0042,0,0,-24
2734.375,0,158.54263305664063,0,-0.030517578125,-158.54263305664063,0,-0.0048291198133507086,0,-0.0048,0,0,-24
2734.5,0,158.54263305664063,0,0,-158.54263305664063,0,-0.0048291194035959594,0,-0.005,0,0,-24
2734.625,0,158.54263305664063,0,0,-158.54263305664063,0,-0.0048291190014858173,0,-0.004,0,0,-24
2734.75,0,158.54263305664063,0,0,-158.54263305664063,0,-0.00482911860687766,0,-0.0044,0,0,-24
2734.875,0,158.538818359375,0,-0.030517578125,-158.538818359375,0,-0.004828687659192611,0,-0.0046,0,0,-24
2735,0,158.54263305664063,0,0.030517578125,-158.54263305664063,0,-0.0048291237046195,0,-0.0056,0,0,-24
2735.125,0,158.54263305664063,0,0,-158.54263305664063,0,-0.0048291232222671268,0,-0.004,0,0,-24
2735.25,0,158.53500366210938,0,-0.06103515625,-158.53500366210938,0,-0.0048282616280359483,0,-0.0048,0,0,-24
2735.375,0,158.54263305664063,0,0.06103515625,-158.54263305664063,0,-0.0048291340144104352,0,-0.0048,0,0,-24
2735.5,0,158.54263305664063,0,0,-158.54263305664063,0,-0.0048291333397130027,0,-0.0054,0,0,-24
2735.625,0,158.54263305664063,0,0,-158.54263305664063,0,-0.0048291326776030916,0,-0.0034,0,0,-24
2735.75,0,158.538818359375,0,-0.030517578125,-158.538818359375,0,-0.004828701467406946,0,-0.0044,0,0,-24
2735.875,0,158.54644775390625,0,0.06103515625,-158.54644775390625,0,-0.004829567815659205,0,-0.0044,0,0,-24
2736,0,158.54263305664063,0,-0.030517578125,-158.54263305664063,0,-0.0048291306550511158,0,-0.0042,0,0,-24
2736.125,0,158.54644775390625,0,0.030517578125,-158.54644775390625,0,-0.0048295606034666318,0,-0.0048,0,0,-24
2736.25,0,158.54263305664063,0,-0.030517578125,-158.54263305664063,0,-0.0048291235774131245,0,-0.0046,0,0,-24
2736.375,0,158.54263305664063,0,0,-158.54263305664063,0,-0.0048291230974339822,0,-0.004,0,0,-24
2736.5,0,158.54644775390625,0,0.030517578125,-158.54644775390625,0,-0.0048295531868485083,0,-0.0048,0,0,-24
2736.625,0,158.54644775390625,0,0,-158.54644775390625,0,-0.0048295468596023742,0,-0.005,0,0,-24
2736.75,0,158.54263305664063,0,-0.030517578125,-158.54263305664063,0,-0.0048291100899618637,0,-0.0058,0,0,-24
2736.875,0,158.55026245117188,0,0.06103515625,-158.55026245117188,0,-0.0048299709824897678,0,-0.0042,0,0,-24
2737,0,158.55026245117188,0,0,-158.55026245117188,0,-0.004829959028381201,0,-0.0044,0,0,-24
2737.125,0,158.54644775390625,0,-0.030517578125,-158.54644775390625,0,-0.004829516736856063,0,-0.0052,0,0,-24
2737.25,0,158.54644775390625,0,0,-158.54644775390625,0,-0.004829511089640786,0,-0.0054,0,0,-24
2737.375,0,158.54263305664063,0,-0.030517578125,-158.54263305664063,0,-0.0048290749873441076,0,-0.005,0,0,-24
2737.5,0,158.538818359375,0,-0.030517578125,-158.538818359375,0,-0.0048286448534487682,0,-0.0038,0,0,-24
2737.625,0,158.54263305664063,0,0.030517578125,-158.54263305664063,0,-0.0048290816974828647,0,-0.0044,0,0,-24
2737.75,0,158.54644775390625,0,0.030517578125,-158.54644775390625,0,-0.004829512559277366,0,-0.005,0,0,-24
2737.875,0,158.54644775390625,0,0,-158.54644775390625,0,-0.0048295069900012658,0,-0.0046,0,0,-24
2738,0,158.54263305664063,0,-0.030517578125,-158.54263305664063,0,-0.0048290709641896886,0,-0.0054,0,0,-24
2738.125,0,158.538818359375,0,-0.030517578125,-158.538818359375,0,-0.0048286409053525034,0,-0.004,0,0,-24
2738.25,0,158.54644775390625,0,0.06103515625,-158.54644775390625,0,-0.0048295083834833446,0,-0.004,0,0,-24
2738.375,0,158.54263305664063,0,-0.030517578125,-158.54263305664063,0,-0.0048290723316742092,0,-0.0054,0,0,-24
2738.5,0,158.54263305664063,0,0,-158.54263305664063,0,-0.0048290728077634067,0,-0.0038,0,0,-24
2738.625,0,158.55026245117188,0,0.06103515625,-158.55026245117188,0,-0.0048299343958482554,0,-0.0034,0,0,-24
2738.75,0,158.54263305664063,0,-0.06103515625,-158.54263305664063,0,-0.0048290620034421149,0,-0.0046,0,0,-24
2738.875,0,158.54644775390625,0,0.030517578125,-158.54644775390625,0,-0.0048294932326593369,0,-0.0042,0,0,-24
2739,0,158.54644775390625,0,0,-158.54644775390625,0,-0.0048294880239511204,0,-0.0046,0,0,-24
2739.125,0,158.54263305664063,0,-0.030517578125,-158.54263305664063,0,-0.0048290523519804764,0,-0.0048,0,0,-24
2739.25,0,158.54263305664063,0,0,-158.54263305664063,0,-0.0048290532008216924,0,-0.0052,0,0,-24
2739.375,0,158.54644775390625,0,0.030517578125,-158.54644775390625,0,-0.0048294845942653819,0,-0.006,0,0,-24
2739.5,0,158.53500366210938,0,-0.091552734375,-158.53500366210938,0,-0.0048281878654029848,0,-0.0042,0,0,-24
2739.625,0,158.54263305664063,0,0.06103515625,-158.54263305664063,0,-0.0048290616279332167,0,-0.005,0,0,-24
2739.75,0,158.54263305664063,0,0,-158.54263305664063,0,-0.00482906230371722,0,-0.0036,0,0,-24
2739.875,0,158.54263305664063,0,0,-158.54263305664063,0,-0.00482906296689343,0,-0.005,0,0,-24
2740,0,158.54263305664063,0,0,-158.54263305664063,0,-0.0048290636176970643,0,-0.0042,0,0,-24
2740.125,0,158.54644775390625,0,0.030517578125,-158.54644775390625,0,-0.0048294948167978691,0,-0.005,0,0,-24
2740.25,0,158.538818359375,0,-0.06103515625,-158.538818359375,0,-0.00482862845765727,0,-0.0044,0,0,-24
2740.375,0,158.54263305664063,0,0.030517578125,-158.54263305664063,0,-0.0048290656075801585,0,-0.0046,0,0,-24
2740.5,0,158.538818359375,0,-0.030517578125,-158.538818359375,0,-0.00482863564867879,0,-0.0046,0,0,-24
2740.625,0,158.538818359375,0,0,-158.538818359375,0,-0.0048286421040031578,0,-0.0046,0,0,-24
2740.75,0,158.55026245117188,0,0.091552734375,-158.55026245117188,0,-0.0048299401202102346,0,-0.004,0,0,-24
2740.875,0,158.538818359375,0,-0.091552734375,-158.538818359375,0,-0.0048286370605683708,0,-0.0054,0,0,-24
2741,0,158.54644775390625,0,0.06103515625,-158.54644775390625,0,-0.0048295046104295932,0,-0.0046,0,0,-24
2741.125,0,158.54263305664063,0,-0.030517578125,-158.54263305664063,0,-0.0048290686290125978,0,-0.0046,0,0,-24
2741.25,0,158.54263305664063,0,0,-158.54263305664063,0,-0.0048290691741806613,0,-0.005,0,0,-24
2741.375,0,158.54644775390625,0,0.030517578125,-158.54644775390625,0,-0.0048295002696166905,0,-0.0042,0,0,-24
2741.5,0,158.54263305664063,0,-0.030517578125,-158.54263305664063,0,-0.0048290643691842588,0,-0.004,0,0,-24
2741.625,0,158.54644775390625,0,0.030517578125,-158.54644775390625,0,-0.0048294955542649105,0,-0.0052,0,0,-24
2741.75,0,158.54644775390625,0,0,-158.54644775390625,0,-0.0048294903022435588,0,-0.005,0,0,-24
2741.875,0,158.54263305664063,0,-0.030517578125,-158.54263305664063,0,-0.0048290545877678536,0,-0.0046,0,0,-24
2742,0,158.54644775390625,0,0.030517578125,-158.54644775390625,0,-0.0048294859553359229,0,-0.0046,0,0,-24
2742.125,0,158.54644775390625,0,0,-158.54644775390625,0,-0.004829480882397404,0,-0.005,0,0,-24
2742.25,0,158.54644775390625,0,0,-158.54644775390625,0,-0.0048294759041023821,0,-0.0046,0,0,-24
2742.375,0,158.55026245117188,0,0.030517578125,-158.55026245117188,0,-0.0048299015791240492,0,-0.005,0,0,-24
2742.5,0,158.54644775390625,0,-0.030517578125,-158.54644775390625,0,-0.0048294603594034565,0,-0.0054,0,0,-24
2742.625,0,158.54263305664063,0,-0.030517578125,-158.54263305664063,0,-0.00482902520355764,0,-0.0044,0,0,-24
2742.75,0,158.54263305664063,0,0,-158.54263305664063,0,-0.0048290265588945783,0,-0.0046,0,0,-24
2742.875,0,158.54644775390625,0,0.030517578125,-158.54644775390625,0,-0.0048294584493845313,0,-0.0058,0,0,-24
2743,0,158.54644775390625,0,0,-158.54644775390625,0,-0.0048294538896119822,0,-0.0048,0,0,-24
2743.125,0,158.54263305664063,0,-0.030517578125,-158.54263305664063,0,-0.0048290188544701093,0,-0.005,0,0,-24
2743.25,0,158.54644775390625,0,0.030517578125,-158.54644775390625,0,-0.0048294508886979892,0,-0.0046,0,0,-24
2743.375,0,158.538818359375,0,-0.06103515625,-158.538818359375,0,-0.004828585349103881,0,-0.0044,0,0,-24
2743.5,0,158.55026245117188,0,0.091552734375,-158.55026245117188,0,-0.0048298844241611858,0,-0.005,0,0,-24
2743.625,0,158.54263305664063,0,-0.06103515625,-158.54263305664063,0,-0.0048290129640539813,0,-0.0056,0,0,-24
2743.75,0,158.54644775390625,0,0.030517578125,-158.54644775390625,0,-0.0048294451081766646,0,-0.0036,0,0,-24
2743.875,0,158.54263305664063,0,-0.030517578125,-158.54263305664063,0,-0.0048290102368660189,0,-0.005,0,0,-24
2744,0,158.55026245117188,0,0.06103515625,-158.55026245117188,0,-0.0048298729923075146,0,-0.0048,0,0,-24
2744.125,0,158.55026245117188,0,0,-158.55026245117188,0,-0.004829862866357012,0,-0.004,0,0,-24
2744.25,0,158.54644775390625,0,-0.030517578125,-158.54644775390625,0,-0.0048294223688828287,0,-0.0054,0,0,-24
2744.375,0,158.538818359375,0,-0.06103515625,-158.538818359375,0,-0.0048285573613698826,0,-0.0058,0,0,-24
2744.5,0,158.54263305664063,0,0.030517578125,-158.54263305664063,0,-0.0048289958377037241,0,-0.0044,0,0,-24
2744.625,0,158.54644775390625,0,0.030517578125,-158.54644775390625,0,-0.0048294283013449,0,-0.005,0,0,-24
2744.75,0,158.55026245117188,0,0.030517578125,-158.55026245117188,0,-0.0048298548644694662,0,-0.0054,0,0,-24
2744.875,0,158.54263305664063,0,-0.06103515625,-158.54263305664063,0,-0.0048289839558439259,0,-0.0048,0,0,-24
2745,0,158.55026245117188,0,0.06103515625,-158.55026245117188,0,-0.0048298472015984454,0,-0.0048,0,0,-24
2745.125,0,158.538818359375,0,-0.091552734375,-158.538818359375,0,-0.0048285458754966726,0,-0.0052,0,0,-24
2745.25,0,158.54644775390625,0,0.06103515625,-158.54644775390625,0,-0.0048294151265561207,0,-0.0052,0,0,-24
2745.375,0,158.54644775390625,0,0,-158.54644775390625,0,-0.0048294113750377895,0,-0.0044,0,0,-24
2745.5,0,158.54263305664063,0,-0.030517578125,-158.54263305664063,0,-0.0048289771330709049,0,-0.004,0,0,-24
2745.625,0,158.54263305664063,0,0,-158.54263305664063,0,-0.0048289793852369532,0,-0.0058,0,0,-24
2745.75,0,158.54644775390625,0,0.030517578125,-158.54644775390625,0,-0.0048294121558242848,0,-0.0052,0,0,-24
2745.875,0,158.54263305664063,0,-0.030517578125,-158.54263305664063,0,-0.0048289778992906237,0,-0.005,0,0,-24
2746,0,158.54644775390625,0,0.030517578125,-158.54644775390625,0,-0.0048294106976005773,0,-0.004,0,0,-24
2746.125,0,158.54263305664063,0,-0.030517578125,-158.54263305664063,0,-0.0048289764682723293,0,-0.0044,0,0,-24
2746.25,0,158.54263305664063,0,0,-158.54263305664063,0,-0.0048289787328412211,0,-0.0044,0,0,-24
2746.375,0,158.54263305664063,0,0,-158.54263305664063,0,-0.0048289809551610857,0,-0.0038,0,0,-24
2746.5,0,158.55026245117188,0,0.06103515625,-158.55026245117188,0,-0.0048298442568979732,0,-0.0044,0,0,-24
2746.625,0,158.54263305664063,0,-0.06103515625,-158.54263305664063,0,-0.0048289735461730489,0,-0.0048,0,0,-24
2746.75,0,158.54644775390625,0,0.030517578125,-158.54644775390625,0,-0.0048294064256971282,0,-0.0054,0,0,-24
2746.875,0,158.54644775390625,0,0,-158.54644775390625,0,-0.0048294028365067476,0,-0.0044,0,0,-24
2747,0,158.55026245117188,0,0.030517578125,-158.55026245117188,0,-0.0048298298747171658,0,-0.004,0,0,-24
2747.125,0,158.54263305664063,0,-0.06103515625,-158.54263305664063,0,-0.0048289594323140178,0,-0.0038,0,0,-24
2747.25,0,158.54644775390625,0,0.030517578125,-158.54644775390625,0,-0.0048293925751539176,0,-0.0042,0,0,-24
2747.375,0,158.54263305664063,0,-0.030517578125,-158.54263305664063,0,-0.0048289586839278774,0,-0.005,0,0,-24
2747.5,0,158.54644775390625,0,0.030517578125,-158.54644775390625,0,-0.0048293918407300756,0,-0.0046,0,0,-24
2747.625,0,158.54644775390625,0,0,-158.54644775390625,0,-0.0048293885236447625,0,-0.0042,0,0,-24
2747.75,0,158.54263305664063,0,-0.030517578125,-158.54263305664063,0,-0.0048289547080058778,0,-0.005,0,0,-24
2747.875,0,158.54644775390625,0,0.030517578125,-158.54644775390625,0,-0.0048293879389850365,0,-0.0046,0,0,-24
2748,0,158.54263305664063,0,-0.030517578125,-158.54263305664063,0,-0.0048289541342538813,0,-0.0052,0,0,-24
2748.125,0,158.5540771484375,0,0.091552734375,-158.5540771484375,0,-0.0048302484968150983,0,-0.0038,0,0,-24
2748.25,0,158.54263305664063,0,-0.091552734375,-158.54263305664063,0,-0.0048289418516917733,0,-0.0052,0,0,-24
2748.375,0,158.54644775390625,0,0.030517578125,-158.54644775390625,0,-0.0048293753225253106,0,-0.0052,0,0,-24
2748.5,0,158.54263305664063,0,-0.030517578125,-158.54263305664063,0,-0.0048289417531736812,0,-0.0046,0,0,-24
2748.625,0,158.55026245117188,0,0.06103515625,-158.55026245117188,0,-0.0048298057862841389,0,-0.0042,0,0,-24
2748.75,0,158.54644775390625,0,-0.030517578125,-158.54644775390625,0,-0.0048293663537267977,0,-0.0048,0,0,-24
2748.875,0,158.54644775390625,0,0,-158.54644775390625,0,-0.0048293635121408615,0,-0.0038,0,0,-24
2749,0,158.55026245117188,0,0.030517578125,-158.55026245117188,0,-0.0048297912840080089,0,-0.0044,0,0,-24
2749.125,0,158.5540771484375,0,0.030517578125,-158.5540771484375,0,-0.0048302132428908384,0,-0.004,0,0,-24
2749.25,0,158.54644775390625,0,-0.06103515625,-158.54644775390625,0,-0.0048293378159227889,0,-0.005,0,0,-24
2749.375,0,158.55026245117188,0,0.030517578125,-158.55026245117188,0,-0.0048297660671925381,0,-0.0048,0,0,-24
2749.5,0,158.54644775390625,0,-0.030517578125,-158.54644775390625,0,-0.0048293273756561438,0,-0.0044,0,0,-24
2749.625,0,158.54644775390625,0,0,-158.54644775390625,0,-0.0048293252612662645,0,-0.0048,0,0,-24
2749.75,0,158.538818359375,0,-0.06103515625,-158.538818359375,0,-0.0048284620654457577,0,-0.0058,0,0,-24
2749.875,0,158.55026245117188,0,0.091552734375,-158.55026245117188,0,-0.0048297634405499506,0,-0.0044,0,0,-24
2750,0,158.54263305664063,0,-0.06103515625,-158.54263305664063,0,-0.00482889423757871,0,-0.0042,0,0,-24
2750.125,0,158.54644775390625,0,0.030517578125,-158.54644775390625,0,-0.0048293285967270028,0,-0.0052,0,0,-24
2750.25,0,158.54644775390625,0,0,-158.54644775390625,0,-0.0048293264595561623,0,-0.005,0,0,-24
2750.375,0,158.54644775390625,0,0,-158.54644775390625,0,-0.004829324362257542,0,-0.0044,0,0,-24
2750.5,0,158.54644775390625,0,0,-158.54644775390625,0,-0.0048293223040872637,0,-0.0046,0,0,-24
2750.625,0,158.54644775390625,0,0,-158.54644775390625,0,-0.004829320284315328,0,-0.004,0,0,-24
2750.75,0,158.54644775390625,0,0,-158.54644775390625,0,-0.004829318302225355,0,-0.0042,0,0,-24
2750.875,0,158.54644775390625,0,0,-158.54644775390625,0,-0.0048293163571143287,0,-0.0048,0,0,-24
2751,0,158.55026245117188,0,0.030517578125,-158.55026245117188,0,-0.0048297450087312638,0,-0.0048,0,0,-24
2751.125,0,158.54263305664063,0,-0.06103515625,-158.54263305664063,0,-0.004828876149634044,0,-0.0044,0,0,-24
2751.25,0,158.5540771484375,0,0.091552734375,-158.5540771484375,0,-0.0048301719671186866,0,-0.0044,0,0,-24
2751.375,0,158.54263305664063,0,-0.091552734375,-158.54263305664063,0,-0.0048288667497749455,0,-0.0042,0,0,-24
2751.5,0,158.54644775390625,0,0.030517578125,-158.54644775390625,0,-0.0048293016217506356,0,-0.0044,0,0,-24
2751.625,0,158.54263305664063,0,-0.030517578125,-158.54263305664063,0,-0.004828869427400689,0,-0.006,0,0,-24
2751.75,0,158.5540771484375,0,0.091552734375,-158.5540771484375,0,-0.0048301653702989686,0,-0.0054,0,0,-24
2751.875,0,158.538818359375,0,-0.1220703125,-158.538818359375,0,-0.0048284297155901622,0,-0.0048,0,0,-24
2752,0,158.54644775390625,0,0.06103515625,-158.54644775390625,0,-0.0048293011337919188,0,-0.0044,0,0,-24
2752.125,0,158.54263305664063,0,-0.030517578125,-158.54263305664063,0,-0.0048288689485455954,0,-0.0046,0,0,-24
2752.25,0,158.538818359375,0,-0.030517578125,-158.538818359375,0,-0.0048284426586219925,0,-0.005,0,0,-24
2752.375,0,158.54263305664063,0,0.030517578125,-158.54263305664063,0,-0.0048288832749126005,0,-0.0036,0,0,-24
2752.5,0,158.538818359375,0,-0.030517578125,-158.538818359375,0,-0.0048284567177085133,0,-0.0058,0,0,-24
2752.625,0,158.54263305664063,0,0.030517578125,-158.54263305664063,0,-0.0048288970717051665,0,-0.0038,0,0,-24
2752.75,0,158.55026245117188,0,0.06103515625,-158.55026245117188,0,-0.00482976193841737,0,-0.005,0,0,-24
2752.875,0,158.538818359375,0,-0.091552734375,-158.538818359375,0,-0.0048284622030318148,0,-0.0038,0,0,-24
2753,0,158.55026245117188,0,0.091552734375,-158.55026245117188,0,-0.004829763575569127,0,-0.0054,0,0,-24
2753.125,0,158.54644775390625,0,-0.030517578125,-158.54644775390625,0,-0.0048293249305178124,0,-0.0048,0,0,-24
2753.25,0,158.54644775390625,0,0,-158.54644775390625,0,-0.004829322861745762,0,-0.005,0,0,-24
2753.375,0,158.54644775390625,0,0,-158.54644775390625,0,-0.0048293208315698466,0,-0.0044,0,0,-24
2753.5,0,158.54644775390625,0,0,-158.54644775390625,0,-0.0048293188392699955,0,-0.0058,0,0,-24
2753.625,0,158.54263305664063,0,-0.030517578125,-158.54263305664063,0,-0.0048288863237006558,0,-0.0048,0,0,-24
2753.75,0,158.54263305664063,0,0,-158.54263305664063,0,-0.0048288902700556391,0,-0.0052,0,0,-24
2753.875,0,158.54644775390625,0,0.030517578125,-158.54644775390625,0,-0.004829324703224197,0,-0.0054,0,0,-24
2754,0,158.54644775390625,0,0,-158.54644775390625,0,-0.00482932263869266,0,-0.0052,0,0,-24
2754.125,0,158.54644775390625,0,0,-158.54644775390625,0,-0.0048293206126781441,0,-0.0062,0,0,-24
2754.25,0,158.54644775390625,0,0,-158.54644775390625,0,-0.0048293186244620558,0,-0.004,0,0,-24
2754.375,0,158.54263305664063,0,-0.030517578125,-158.54263305664063,0,-0.00482888611290029,0,-0.0054,0,0,-24
2754.5,0,158.54263305664063,0,0,-158.54263305664063,0,-0.0048288900631880795,0,-0.0046,0,0,-24
2754.625,0,158.54644775390625,0,0.030517578125,-158.54644775390625,0,-0.0048293245002160711,0,-0.0046,0,0,-24
2754.75,0,158.55026245117188,0,0.030517578125,-158.55026245117188,0,-0.0048297529999108768,0,-0.005,0,0,-24
2754.875,0,158.5540771484375,0,0.030517578125,-158.5540771484375,0,-0.0048301756730426164,0,-0.0048,0,0,-24
2755,0,158.55026245117188,0,-0.030517578125,-158.55026245117188,0,-0.0048297315074369756,0,-0.0046,0,0,-24
2755.125,0,158.54644775390625,0,-0.030517578125,-158.54644775390625,0,-0.0048292934606661521,0,-0.004,0,0,-24
2755.25,0,158.54644775390625,0,0,-158.54644775390625,0,-0.0048292919790127471,0,-0.0048,0,0,-24
2755.375,0,158.54263305664063,0,-0.030517578125,-158.54263305664063,0,-0.004828859964562956,0,-0.005,0,0,-24
2755.5,0,158.55026245117188,0,0.06103515625,-158.55026245117188,0,-0.0048297255235661592,0,-0.0038,0,0,-24
2755.625,0,158.54263305664063,0,-0.06103515625,-158.54263305664063,0,-0.0048288570279947634,0,-0.0042,0,0,-24
2755.75,0,158.55026245117188,0,0.06103515625,-158.55026245117188,0,-0.0048297226417841777,0,-0.0056,0,0,-24
2755.875,0,158.54263305664063,0,-0.06103515625,-158.54263305664063,0,-0.0048288541999768715,0,-0.0056,0,0,-24
2756,0,158.54263305664063,0,0,-158.54263305664063,0,-0.0048288587456494936,0,-0.0044,0,0,-24
2756.125,0,158.54263305664063,0,0,-158.54263305664063,0,-0.0048288632065155782,0,-0.005,0,0,-24
2756.25,0,158.54644775390625,0,0.030517578125,-158.54644775390625,0,-0.0048292981445962387,0,-0.0044,0,0,-24
2756.375,0,158.54263305664063,0,-0.030517578125,-158.54263305664063,0,-0.0048288660151179731,0,-0.0044,0,0,-24
2756.5,0,158.54644775390625,0,0.030517578125,-158.54644775390625,0,-0.0048293009007998227,0,-0.0046,0,0,-24
2756.625,0,158.54644775390625,0,0,-158.54644775390625,0,-0.0048292992803392427,0,-0.0054,0,0,-24
2756.75,0,158.54263305664063,0,-0.030517578125,-158.54263305664063,0,-0.0048288671296719387,0,-0.0046,0,0,-24
2756.875,0,158.55026245117188,0,0.06103515625,-158.55026245117188,0,-0.0048297325549989771,0,-0.004,0,0,-24
2757,0,158.54263305664063,0,-0.06103515625,-158.54263305664063,0,-0.0048288639282453513,0,-0.0038,0,0,-24
2757.125,0,158.54263305664063,0,0,-158.54263305664063,0,-0.0048288682924221126,0,-0.0054,0,0,-24
2757.25,0,158.54644775390625,0,0.030517578125,-158.54644775390625,0,-0.0048293031356173386,0,-0.0054,0,0,-24
2757.375,0,158.54263305664063,0,-0.030517578125,-158.54263305664063,0,-0.0048288709130238725,0,-0.0046,0,0,-24
2757.5,0,158.54644775390625,0,0.030517578125,-158.54644775390625,0,-0.0048293057073277293,0,-0.004,0,0,-24
2757.625,0,158.54644775390625,0,0,-158.54644775390625,0,-0.0048293039971939542,0,-0.0054,0,0,-24
2757.75,0,158.54263305664063,0,-0.030517578125,-158.54263305664063,0,-0.0048288717585264467,0,-0.0054,0,0,-24
2757.875,0,158.54263305664063,0,0,-158.54263305664063,0,-0.0048288759766172314,0,-0.0048,0,0,-24
2758,0,158.54263305664063,0,0,-158.54263305664063,0,-0.0048288801160130228,0,-0.005,0,0,-24
2758.125,0,158.54263305664063,0,0,-158.54263305664063,0,-0.0048288841781819981,0,-0.0046,0,0,-24
2758.25,0,158.54263305664063,0,0,-158.54263305664063,0,-0.0048288881645649432,0,-0.0044,0,0,-24
2758.375,0,158.54263305664063,0,0,-158.54263305664063,0,-0.0048288920765757627,0,-0.005,0,0,-24
2758.5,0,158.54263305664063,0,0,-158.54263305664063,0,-0.0048288959156019828,0,-0.0038,0,0,-24
2758.625,0,158.54644775390625,0,0.030517578125,-158.54644775390625,0,-0.0048293302434441621,0,-0.005,0,0,-24
2758.75,0,158.54644775390625,0,0,-158.54644775390625,0,-0.0048293280755512718,0,-0.0056,0,0,-24
2758.875,0,158.538818359375,0,-0.06103515625,-158.538818359375,0,-0.0048284648272259355,0,-0.004,0,0,-24
2759,0,158.54644775390625,0,0.06103515625,-158.54644775390625,0,-0.0048293355903659442,0,-0.0044,0,0,-24
2759.125,0,158.53500366210938,0,-0.091552734375,-158.53500366210938,0,-0.0048280416414012272,0,-0.0052,0,0,-24
2759.25,0,158.54263305664063,0,0.06103515625,-158.54263305664063,0,-0.0048289181319658581,0,-0.0058,0,0,-24
2759.375,0,158.54263305664063,0,0,-158.54263305664063,0,-0.0048289214848885693,0,-0.0052,0,0,-24
2759.5,0,158.54263305664063,0,0,-158.54263305664063,0,-0.0048289247752573332,0,-0.0044,0,0,-24
2759.625,0,158.54263305664063,0,0,-158.54263305664063,0,-0.00482892800423919,0,-0.005,0,0,-24
2759.75,0,158.54644775390625,0,0.030517578125,-158.54644775390625,0,-0.0048293617334183242,0,-0.0042,0,0,-24
2759.875,0,158.54644775390625,0,0,-158.54644775390625,0,-0.0048293589780313718,0,-0.005,0,0,-24
2760,0,158.54263305664063,0,-0.030517578125,-158.54263305664063,0,-0.0048289257136114984,0,-0.004,0,0,-24
2760.125,0,158.54644775390625,0,0.030517578125,-158.54644775390625,0,-0.0048293594855258271,0,-0.006,0,0,-24
2760.25,0,158.54644775390625,0,0,-158.54644775390625,0,-0.0048293567720767783,0,-0.0048,0,0,-24
2760.375,0,158.54644775390625,0,0,-158.54644775390625,0,-0.0048293541092513086,0,-0.0038,0,0,-24
2760.5,0,158.54644775390625,0,0,-158.54644775390625,0,-0.0048293514961049574,0,-0.005,0,0,-24
2760.625,0,158.54644775390625,0,0,-158.54644775390625,0,-0.0048293489317108836,0,-0.005,0,0,-24
2760.75,0,158.54644775390625,0,0,-158.54644775390625,0,-0.0048293464151595387,0,-0.0046,0,0,-24
2760.875,0,158.54644775390625,0,0,-158.54644775390625,0,-0.0048293439455583424,0,-0.0034,0,0,-24
2761,0,158.5540771484375,0,0.06103515625,-158.5540771484375,0,-0.0048302026429091977,0,-0.0042,0,0,-24
2761.125,0,158.54644775390625,0,-0.06103515625,-158.54644775390625,0,-0.004829327413700164,0,-0.005,0,0,-24
2761.25,0,158.538818359375,0,-0.06103515625,-158.538818359375,0,-0.0048284641777226814,0,-0.0048,0,0,-24
2761.375,0,158.54263305664063,0,0.030517578125,-158.54263305664063,0,-0.0048289043925412584,0,-0.0048,0,0,-24
2761.5,0,158.538818359375,0,-0.030517578125,-158.538818359375,0,-0.0048284774413552209,0,-0.0054,0,0,-24
2761.625,0,158.54644775390625,0,0.06103515625,-158.54644775390625,0,-0.0048293479691591821,0,-0.0046,0,0,-24
2761.75,0,158.54263305664063,0,-0.030517578125,-158.54263305664063,0,-0.0048289149101268082,0,-0.005,0,0,-24
2761.875,0,158.538818359375,0,-0.030517578125,-158.538818359375,0,-0.004828487762718982,0,-0.0046,0,0,-24
2762,0,158.538818359375,0,0,-158.538818359375,0,-0.0048284969770841409,0,-0.0044,0,0,-24
2762.125,0,158.54644775390625,0,0.06103515625,-158.54644775390625,0,-0.0048293671404189319,0,-0.0044,0,0,-24
2762.25,0,158.54644775390625,0,0,-158.54644775390625,0,-0.00482936428415604,0,-0.0042,0,0,-24
2762.375,0,158.54263305664063,0,-0.030517578125,-158.54263305664063,0,-0.0048289309207422233,0,-0.005,0,0,-24
2762.5,0,158.54263305664063,0,0,-158.54263305664063,0,-0.0048289340350705758,0,-0.0044,0,0,-24
2762.625,0,158.54263305664063,0,0,-158.54263305664063,0,-0.0048289370912963274,0,-0.0044,0,0,-24
2762.75,0,158.54263305664063,0,0,-158.54263305664063,0,-0.0048289400905034714,0,-0.0036,0,0,-24
2762.875,0,158.54263305664063,0,0,-158.54263305664063,0,-0.0048289430337557773,0,-0.0048,0,0,-24
2763,0,158.54263305664063,0,0,-158.54263305664063,0,-0.00482894592209717,0,-0.0054,0,0,-24
2763.125,0,158.54644775390625,0,0.030517578125,-158.54644775390625,0,-0.0048293793169910133,0,-0.004,0,0,-24
2763.25,0,158.54263305664063,0,-0.030517578125,-158.54263305664063,0,-0.0048289456731164622,0,-0.0034,0,0,-24
2763.375,0,158.54263305664063,0,0,-158.54263305664063,0,-0.0048289485122165084,0,-0.0044,0,0,-24
2763.5,0,158.55026245117188,0,0.06103515625,-158.55026245117188,0,-0.004829812419226592,0,-0.004,0,0,-24
2763.625,0,158.538818359375,0,-0.091552734375,-158.538818359375,0,-0.0048285117420436407,0,-0.0042,0,0,-24
2763.75,0,158.538818359375,0,0,-158.538818359375,0,-0.0048285205090374947,0,-0.0044,0,0,-24
2763.875,0,158.53500366210938,0,-0.030517578125,-158.53500366210938,0,-0.0048280985520306324,0,-0.0038,0,0,-24
2764,0,158.54644775390625,0,0.091552734375,-158.54644775390625,0,-0.0048294045412785669,0,-0.006,0,0,-24
2764.125,0,158.54263305664063,0,-0.030517578125,-158.54263305664063,0,-0.0048289704268060065,0,-0.0054,0,0,-24
2764.25,0,158.54644775390625,0,0.030517578125,-158.54644775390625,0,-0.0048294033645266922,0,-0.0042,0,0,-24
2764.375,0,158.538818359375,0,-0.06103515625,-158.538818359375,0,-0.0048285387115693367,0,-0.0038,0,0,-24
2764.5,0,158.54263305664063,0,0.030517578125,-158.54263305664063,0,-0.0048289775358439872,0,-0.0044,0,0,-24
2764.625,0,158.54644775390625,0,0.030517578125,-158.54644775390625,0,-0.0048294103409345993,0,-0.005,0,0,-24
2764.75,0,158.54644775390625,0,0,-158.54644775390625,0,-0.0048294066786994218,0,-0.0062,0,0,-24
2764.875,0,158.55026245117188,0,0.030517578125,-158.55026245117188,0,-0.0048298336452278065,0,-0.0048,0,0,-24
2765,0,158.54263305664063,0,-0.06103515625,-158.54263305664063,0,-0.004828963132479964,0,-0.005,0,0,-24
2765.125,0,158.54644775390625,0,0.030517578125,-158.54644775390625,0,-0.0048293962062875579,0,-0.005,0,0,-24
2765.25,0,158.54263305664063,0,-0.030517578125,-158.54263305664063,0,-0.0048289622473171165,0,-0.0044,0,0,-24
2765.375,0,158.538818359375,0,-0.030517578125,-158.538818359375,0,-0.0048285342167609562,0,-0.0048,0,0,-24
2765.5,0,158.54644775390625,0,0.06103515625,-158.54644775390625,0,-0.00482940368533211,0,-0.0056,0,0,-24
2765.625,0,158.54263305664063,0,-0.030517578125,-158.54263305664063,0,-0.0048289695868285517,0,-0.005,0,0,-24
2765.75,0,158.54263305664063,0,0,-158.54263305664063,0,-0.0048289719797813963,0,-0.0044,0,0,-24
2765.875,0,158.538818359375,0,-0.030517578125,-158.538818359375,0,-0.0048285437676510957,0,-0.0052,0,0,-24
2766,0,158.54263305664063,0,0.030517578125,-158.54263305664063,0,-0.0048289824975967389,0,-0.0046,0,0,-24
2766.125,0,158.54263305664063,0,0,-158.54263305664063,0,-0.00482898464967928,0,-0.0046,0,0,-24
2766.25,0,158.54644775390625,0,0.030517578125,-158.54644775390625,0,-0.004829417322050316,0,-0.0042,0,0,-24
2766.375,0,158.54644775390625,0,0,-158.54644775390625,0,-0.0048294135295716524,0,-0.004,0,0,-24
2766.5,0,158.54263305664063,0,-0.030517578125,-158.54263305664063,0,-0.0048289792474086142,0,-0.0046,0,0,-24
2766.625,0,158.538818359375,0,-0.030517578125,-158.538818359375,0,-0.004828550899689513,0,-0.0048,0,0,-24
2766.75,0,158.54644775390625,0,0.06103515625,-158.54644775390625,0,-0.00482942005701489,0,-0.0048,0,0,-24
2766.875,0,158.54263305664063,0,-0.030517578125,-158.54263305664063,0,-0.0048289856530723254,0,-0.0042,0,0,-24
2767,0,158.54263305664063,0,0,-158.54263305664063,0,-0.0048289877462846,0,-0.005,0,0,-24
2767.125,0,158.55026245117188,0,0.06103515625,-158.55026245117188,0,-0.0048298509213225991,0,-0.0048,0,0,-24
2767.25,0,158.54263305664063,0,-0.06103515625,-158.54263305664063,0,-0.0048289800862625484,0,-0.0042,0,0,-24
2767.375,0,158.54263305664063,0,0,-158.54263305664063,0,-0.004828982283332249,0,-0.0036,0,0,-24
2767.5,0,158.54263305664063,0,0,-158.54263305664063,0,-0.0048289844394122242,0,-0.0048,0,0,-24
2767.625,0,158.54644775390625,0,0.030517578125,-158.54644775390625,0,-0.0048294171157061173,0,-0.0036,0,0,-24
2767.75,0,158.54644775390625,0,0,-158.54644775390625,0,-0.0048294133270771235,0,-0.0042,0,0,-24
2767.875,0,158.54644775390625,0,0,-158.54644775390625,0,-0.00482940960913085,0,-0.0044,0,0,-24
2768,0,158.54263305664063,0,-0.030517578125,-158.54263305664063,0,-0.0048289754001096842,0,-0.0044,0,0,-24
2768.125,0,158.55026245117188,0,0.06103515625,-158.55026245117188,0,-0.0048298388054846281,0,-0.005,0,0,-24
2768.25,0,158.54263305664063,0,-0.06103515625,-158.54263305664063,0,-0.0048289681964642315,0,-0.0048,0,0,-24
2768.375,0,158.538818359375,0,-0.030517578125,-158.538818359375,0,-0.0048285400549175515,0,-0.0046,0,0,-24
2768.5,0,158.54644775390625,0,0.06103515625,-158.54644775390625,0,-0.0048294094145688851,0,-0.0044,0,0,-24
2768.625,0,158.54644775390625,0,0,-158.54644775390625,0,-0.00482940576961649,0,-0.0044,0,0,-24
2768.75,0,158.538818359375,0,-0.06103515625,-158.538818359375,0,-0.0048285410717884732,0,-0.0048,0,0,-24
2768.875,0,158.538818359375,0,0,-158.538818359375,0,-0.0048285492915906766,0,-0.0046,0,0,-24
2769,0,158.54263305664063,0,0.030517578125,-158.54263305664063,0,-0.0048289879184787027,0,-0.0034,0,0,-24
2769.125,0,158.54263305664063,0,0,-158.54263305664063,0,-0.0048289899694263254,0,-0.0052,0,0,-24
2769.25,0,158.54263305664063,0,0,-158.54263305664063,0,-0.0048289919821103552,0,-0.0052,0,0,-24
2769.375,0,158.54263305664063,0,0,-158.54263305664063,0,-0.0048289939572446587,0,-0.0054,0,0,-24
2769.5,0,158.538818359375,0,-0.030517578125,-158.538818359375,0,-0.0048285653350908665,0,-0.0034,0,0,-24
2769.625,0,158.538818359375,0,0,-158.538818359375,0,-0.0048285731022237217,0,-0.0054,0,0,-24
2769.75,0,158.538818359375,0,0,-158.538818359375,0,-0.0048285807244487283,0,-0.0052,0,0,-24
2769.875,0,158.54644775390625,0,0.06103515625,-158.54644775390625,0,-0.0048294493253471984,0,-0.0038,0,0,-24
2770,0,158.54644775390625,0,0,-158.54644775390625,0,-0.0048294449357976455,0,-0.0048,0,0,-24
2770.125,0,158.54263305664063,0,-0.030517578125,-158.54263305664063,0,-0.0048290100677029968,0,-0.0048,0,0,-24
2770.25,0,158.54263305664063,0,0,-158.54263305664063,0,-0.0048290117054226606,0,-0.0042,0,0,-24
2770.375,0,158.54263305664063,0,0,-158.54263305664063,0,-0.0048290133125881369,0,-0.005,0,0,-24
2770.5,0,158.54263305664063,0,0,-158.54263305664063,0,-0.0048290148897694608,0,-0.0054,0,0,-24
2770.625,0,158.54644775390625,0,0.030517578125,-158.54644775390625,0,-0.00482944699796495,0,-0.0044,0,0,-24
2770.75,0,158.55026245117188,0,0.030517578125,-158.55026245117188,0,-0.0048298732122752175,0,-0.0046,0,0,-24
2770.875,0,158.54644775390625,0,-0.030517578125,-158.54644775390625,0,-0.0048294325217819647,0,-0.0042,0,0,-24
2771,0,158.54644775390625,0,0,-158.54644775390625,0,-0.0048294284457288516,0,-0.005,0,0,-24
2771.125,0,158.54644775390625,0,0,-158.54644775390625,0,-0.0048294244457207994,0,-0.0054,0,0,-24
2771.25,0,158.54644775390625,0,0,-158.54644775390625,0,-0.00482942052033907,0,-0.0044,0,0,-24
2771.375,0,158.54263305664063,0,-0.030517578125,-158.54263305664063,0,-0.0048289861077524775,0,-0.0044,0,0,-24
2771.5,0,158.54263305664063,0,0,-158.54263305664063,0,-0.0048289881924819915,0,-0.0046,0,0,-24
2771.625,0,158.54644775390625,0,0.030517578125,-158.54644775390625,0,-0.0048294207987565766,0,-0.0052,0,0,-24
2771.75,0,158.54263305664063,0,-0.030517578125,-158.54263305664063,0,-0.0048289863809756759,0,-0.005,0,0,-24
2771.875,0,158.54644775390625,0,0.030517578125,-158.54644775390625,0,-0.0048294190210467066,0,-0.004,0,0,-24
2772,0,158.54263305664063,0,-0.030517578125,-158.54263305664063,0,-0.0048289846364317265,0,-0.0052,0,0,-24
2772.125,0,158.54644775390625,0,0.030517578125,-158.54644775390625,0,-0.0048294173090499166,0,-0.0046,0,0,-24
2772.25,0,158.54644775390625,0,0,-158.54644775390625,0,-0.0048294135168137952,0,-0.0062,0,0,-24
2772.375,0,158.54263305664063,0,-0.030517578125,-158.54263305664063,0,-0.004828979234888774,0,-0.004,0,0,-24
2772.5,0,158.53500366210938,0,-0.06103515625,-158.53500366210938,0,-0.0048281203269643332,0,-0.0042,0,0,-24
2772.625,0,158.538818359375,0,0.030517578125,-158.538818359375,0,-0.0048285647890894436,0,-0.0056,0,0,-24
2772.75,0,158.54263305664063,0,0.030517578125,-158.54263305664063,0,-0.0048290031268477147,0,-0.0046,0,0,-24
2772.875,0,158.54263305664063,0,0,-158.54263305664063,0,-0.0048290048940597442,0,-0.0038,0,0,-24
2773,0,158.54263305664063,0,0,-158.54263305664063,0,-0.0048290066283017061,0,-0.0048,0,0,-24
2773.125,0,158.54263305664063,0,0,-158.54263305664063,0,-0.0048290083301887081,0,-0.0048,0,0,-24
2773.25,0,158.54644775390625,0,0.030517578125,-158.54644775390625,0,-0.0048294405607632986,0,-0.0048,0,0,-24
2773.375,0,158.54263305664063,0,-0.030517578125,-158.54263305664063,0,-0.0048290057742916663,0,-0.005,0,0,-24
2773.5,0,158.54263305664063,0,0,-158.54263305664063,0,-0.004829007492111544,0,-0.004,0,0,-24
2773.625,0,158.54263305664063,0,0,-158.54263305664063,0,-0.0048290091778828408,0,-0.0054,0,0,-24
2773.75,0,158.54644775390625,0,0.030517578125,-158.54644775390625,0,-0.0048294413926423894,0,-0.0044,0,0,-24
2773.875,0,158.54263305664063,0,-0.030517578125,-158.54263305664063,0,-0.004829006590650769,0,-0.005,0,0,-24
2774,0,158.538818359375,0,-0.030517578125,-158.538818359375,0,-0.0048285777328012907,0,-0.0052,0,0,-24
2774.125,0,158.54263305664063,0,0.030517578125,-158.54263305664063,0,-0.004829015829074643,0,-0.0048,0,0,-24
2774.25,0,158.538818359375,0,-0.030517578125,-158.538818359375,0,-0.0048285867988681107,0,-0.0044,0,0,-24
2774.375,0,158.538818359375,0,0,-158.538818359375,0,-0.00482859416556108,0,-0.0046,0,0,-24
2774.5,0,158.54644775390625,0,0.06103515625,-158.54644775390625,0,-0.0048294625156948571,0,-0.0054,0,0,-24
2774.625,0,158.54644775390625,0,0,-158.54644775390625,0,-0.0048294578800590141,0,-0.0052,0,0,-24
2774.75,0,158.54263305664063,0,-0.030517578125,-158.54263305664063,0,-0.0048290227704691942,0,-0.0046,0,0,-24
2774.875,0,158.538818359375,0,-0.030517578125,-158.538818359375,0,-0.0048285936107602349,0,-0.0054,0,0,-24
2775,0,158.54263305664063,0,0.030517578125,-158.54263305664063,0,-0.0048290314108057611,0,-0.0042,0,0,-24
2775.125,0,158.538818359375,0,-0.030517578125,-158.538818359375,0,-0.0048286020898979905,0,-0.0048,0,0,-24
2775.25,0,158.54263305664063,0,0.030517578125,-158.54263305664063,0,-0.0048290397317521175,0,-0.0054,0,0,-24
2775.375,0,158.54644775390625,0,0.030517578125,-158.54644775390625,0,-0.0048294713764820852,0,-0.0044,0,0,-24
2775.5,0,158.54644775390625,0,0,-158.54644775390625,0,-0.0048294665755345828,0,-0.0042,0,0,-24
2775.625,0,158.54263305664063,0,-0.030517578125,-158.54263305664063,0,-0.0048290313037172477,0,-0.0048,0,0,-24
2775.75,0,158.54263305664063,0,0,-158.54263305664063,0,-0.0048290325452462948,0,-0.0046,0,0,-24
2775.875,0,158.54263305664063,0,0,-158.54263305664063,0,-0.0048290337636127017,0,-0.0044,0,0,-24
2776,0,158.54644775390625,0,0.030517578125,-158.54644775390625,0,-0.00482946551968752,0,-0.0056,0,0,-24
2776.125,0,158.54263305664063,0,-0.030517578125,-158.54263305664063,0,-0.0048290302675686415,0,-0.0046,0,0,-24
2776.25,0,158.55026245117188,0,0.06103515625,-158.55026245117188,0,-0.0048298926493064694,0,-0.004,0,0,-24
2776.375,0,158.54263305664063,0,-0.06103515625,-158.54263305664063,0,-0.0048290210357464875,0,-0.0042,0,0,-24
2776.5,0,158.54263305664063,0,0,-158.54263305664063,0,-0.0048290224688403742,0,-0.0046,0,0,-24
2776.625,0,158.54644775390625,0,0.030517578125,-158.54644775390625,0,-0.0048294544356366,0,-0.0048,0,0,-24
2776.75,0,158.54644775390625,0,0,-158.54644775390625,0,-0.0048294499507467118,0,-0.0046,0,0,-24
2776.875,0,158.54644775390625,0,0,-158.54644775390625,0,-0.0048294455495293655,0,-0.0048,0,0,-24
2777,0,158.54263305664063,0,-0.030517578125,-158.54263305664063,0,-0.0048290106699846042,0,-0.005,0,0,-24
2777.125,0,158.538818359375,0,-0.030517578125,-158.538818359375,0,-0.0048285817360288578,0,-0.0052,0,0,-24
2777.25,0,158.538818359375,0,0,-158.538818359375,0,-0.0048285891971769062,0,-0.005,0,0,-24
2777.375,0,158.54263305664063,0,0.030517578125,-158.54263305664063,0,-0.00482902707956464,0,-0.0036,0,0,-24
2777.5,0,158.538818359375,0,-0.030517578125,-158.538818359375,0,-0.0048285978394628564,0,-0.0048,0,0,-24
2777.625,0,158.54263305664063,0,0.030517578125,-158.54263305664063,0,-0.00482903556061541,0,-0.005,0,0,-24
2777.75,0,158.538818359375,0,-0.030517578125,-158.538818359375,0,-0.0048286061622865358,0,-0.0048,0,0,-24
2777.875,0,158.54644775390625,0,0.06103515625,-158.54644775390625,0,-0.0048294742886028866,0,-0.0042,0,0,-24
2778,0,158.54263305664063,0,-0.030517578125,-158.54263305664063,0,-0.0048290388728863595,0,-0.005,0,0,-24
2778.125,0,158.55026245117188,0,0.06103515625,-158.55026245117188,0,-0.0048299010940787059,0,-0.0046,0,0,-24
2778.25,0,158.54263305664063,0,-0.06103515625,-158.54263305664063,0,-0.0048290293229684665,0,-0.004,0,0,-24
2778.375,0,158.54263305664063,0,0,-158.54263305664063,0,-0.0048290306014514388,0,-0.0048,0,0,-24
2778.5,0,158.54263305664063,0,0,-158.54263305664063,0,-0.004829031856082338,0,-0.0044,0,0,-24
2778.625,0,158.54644775390625,0,0.030517578125,-158.54644775390625,0,-0.0048294636477450789,0,-0.0038,0,0,-24
2778.75,0,158.53500366210938,0,-0.091552734375,-158.53500366210938,0,-0.004828167309672342,0,-0.0048,0,0,-24
2778.875,0,158.54644775390625,0,0.091552734375,-158.54644775390625,0,-0.0048294720161403664,0,-0.0038,0,0,-24
2779,0,158.54263305664063,0,-0.030517578125,-158.54263305664063,0,-0.0048290366428201349,0,-0.0046,0,0,-24
2779.125,0,158.54263305664063,0,0,-158.54263305664063,0,-0.0048290377847399783,0,-0.0044,0,0,-24
2779.25,0,158.54263305664063,0,0,-158.54263305664063,0,-0.0048290389053555456,0,-0.006,0,0,-24
2779.375,0,158.54263305664063,0,0,-158.54263305664063,0,-0.0048290400050643,0,-0.0042,0,0,-24
2779.5,0,158.54263305664063,0,0,-158.54263305664063,0,-0.00482904108425629,0,-0.0052,0,0,-24
2779.625,0,158.54644775390625,0,0.030517578125,-158.54644775390625,0,-0.0048294727037532055,0,-0.0054,0,0,-24
2779.75,0,158.54644775390625,0,0,-158.54644775390625,0,-0.0048294678780434119,0,-0.0052,0,0,-24
2779.875,0,158.54263305664063,0,-0.030517578125,-158.54263305664063,0,-0.004829032581925765,0,-0.0048,0,0,-24
2780,0,158.54263305664063,0,0,-158.54263305664063,0,-0.00482903379960786,0,-0.0046,0,0,-24
2780.125,0,158.538818359375,0,-0.030517578125,-158.538818359375,0,-0.0048286044341333,0,-0.0048,0,0,-24
2780.25,0,158.538818359375,0,0,-158.538818359375,0,-0.0048286114718131832,0,-0.0038,0,0,-24
2780.375,0,158.538818359375,0,0,-158.538818359375,0,-0.0048286183781942882,0,-0.0046,0,0,-24
2780.5,0,158.54263305664063,0,0.030517578125,-158.54263305664063,0,-0.0048290557161651121,0,-0.0042,0,0,-24
2780.625,0,158.54263305664063,0,0,-158.54263305664063,0,-0.0048290565022422721,0,-0.0058,0,0,-24
2780.75,0,158.538818359375,0,-0.030517578125,-158.538818359375,0,-0.004828626713215033,0,-0.0042,0,0,-24
2780.875,0,158.54263305664063,0,0.030517578125,-158.54263305664063,0,-0.0048290638956831828,0,-0.0046,0,0,-24
2781,0,158.54263305664063,0,0,-158.54263305664063,0,-0.0048290645291588106,0,-0.0048,0,0,-24
2781.125,0,158.54263305664063,0,0,-158.54263305664063,0,-0.0048290651508159739,0,-0.0046,0,0,-24
2781.25,0,158.54644775390625,0,0.030517578125,-158.54644775390625,0,-0.0048294963213140795,0,-0.0052,0,0,-24
2781.375,0,158.538818359375,0,-0.06103515625,-158.538818359375,0,-0.0048286299341044085,0,-0.0044,0,0,-24
2781.5,0,158.55026245117188,0,0.091552734375,-158.55026245117188,0,-0.0048299281773597266,0,-0.0058,0,0,-24
2781.625,0,158.54263305664063,0,-0.06103515625,-158.54263305664063,0,-0.0048290559009690854,0,-0.0052,0,0,-24
2781.75,0,158.54263305664063,0,0,-158.54263305664063,0,-0.0048290566835984426,0,-0.0042,0,0,-24
2781.875,0,158.538818359375,0,-0.030517578125,-158.538818359375,0,-0.0048286268911877242,0,-0.0044,0,0,-24
2782,0,158.54263305664063,0,0.030517578125,-158.54263305664063,0,-0.0048290640703355188,0,-0.005,0,0,-24
2782.125,0,158.53500366210938,0,-0.06103515625,-158.53500366210938,0,-0.004828203579674905,0,-0.0048,0,0,-24
2782.25,0,158.54644775390625,0,0.091552734375,-158.54644775390625,0,-0.0048295076094700615,0,-0.0052,0,0,-24
2782.375,0,158.538818359375,0,-0.06103515625,-158.538818359375,0,-0.0048286410116624217,0,-0.004,0,0,-24
2782.5,0,158.54263305664063,0,0.030517578125,-158.54263305664063,0,-0.004829077927370971,0,-0.004,0,0,-24
2782.625,0,158.54263305664063,0,0,-158.54263305664063,0,-0.0048290782990638107,0,-0.0046,0,0,-24
2782.75,0,158.54263305664063,0,0,-158.54263305664063,0,-0.0048290786638221471,0,-0.004,0,0,-24
2782.875,0,158.54263305664063,0,0,-158.54263305664063,0,-0.0048290790217753532,0,-0.0054,0,0,-24
2783,0,158.54263305664063,0,0,-158.54263305664063,0,-0.00482907937305039,0,-0.0046,0,0,-24
2783.125,0,158.54644775390625,0,0.030517578125,-158.54644775390625,0,-0.0048295102782107656,0,-0.0046,0,0,-24
2783.25,0,158.54644775390625,0,0,-158.54644775390625,0,-0.0048295047514914828,0,-0.0046,0,0,-24
2783.375,0,158.54644775390625,0,0,-158.54644775390625,0,-0.0048294993278816768,0,-0.006,0,0,-24
2783.5,0,158.54263305664063,0,-0.030517578125,-158.54263305664063,0,-0.0048290634450187647,0,-0.0048,0,0,-24
2783.625,0,158.54644775390625,0,0.030517578125,-158.54644775390625,0,-0.00482949464734115,0,-0.0042,0,0,-24
2783.75,0,158.54263305664063,0,-0.030517578125,-158.54263305664063,0,-0.0048290588518009438,0,-0.0044,0,0,-24
2783.875,0,158.54644775390625,0,0.030517578125,-158.54644775390625,0,-0.0048294901398168956,0,-0.005,0,0,-24
2784,0,158.54263305664063,0,-0.030517578125,-158.54263305664063,0,-0.00482905442837151,0,-0.0052,0,0,-24
2784.125,0,158.538818359375,0,-0.030517578125,-158.538818359375,0,-0.0048286246780355306,0,-0.0046,0,0,-24
2784.25,0,158.538818359375,0,0,-158.538818359375,0,-0.0048286313380341778,0,-0.0054,0,0,-24
2784.375,0,158.53500366210938,0,-0.030517578125,-158.53500366210938,0,-0.0048282073133413565,0,-0.0052,0,0,-24
2784.5,0,158.54263305664063,0,0.06103515625,-158.54263305664063,0,-0.0048290807130402869,0,-0.0046,0,0,-24
2784.625,0,158.538818359375,0,-0.030517578125,-158.538818359375,0,-0.00482865047232325,0,-0.0052,0,0,-24
2784.75,0,158.53500366210938,0,-0.030517578125,-158.53500366210938,0,-0.0048282260906507392,0,-0.0046,0,0,-24
2784.875,0,158.53500366210938,0,0,-158.53500366210938,0,-0.0048282380191521533,0,-0.0044,0,0,-24
2785,0,158.54263305664063,0,0.06103515625,-158.54263305664063,0,-0.0048291108459868,0,-0.005,0,0,-24
2785.125,0,158.53500366210938,0,-0.06103515625,-158.53500366210938,0,-0.0048282494826542288,0,-0.0042,0,0,-24
2785.25,0,158.54263305664063,0,0.06103515625,-158.54263305664063,0,-0.0048291220956195539,0,-0.0044,0,0,-24
2785.375,0,158.53500366210938,0,-0.06103515625,-158.53500366210938,0,-0.0048282605224077239,0,-0.0048,0,0,-24
2785.5,0,158.53500366210938,0,0,-158.53500366210938,0,-0.0048282718085315779,0,-0.004,0,0,-24
2785.625,0,158.54263305664063,0,0.06103515625,-158.54263305664063,0,-0.004829144004973209,0,-0.0044,0,0,-24
2785.75,0,158.54263305664063,0,0,-158.54263305664063,0,-0.0048291431438864107,0,-0.0054,0,0,-24
2785.875,0,158.538818359375,0,-0.030517578125,-158.538818359375,0,-0.0048287117384255987,0,-0.0052,0,0,-24
2786,0,158.538818359375,0,0,-158.538818359375,0,-0.0048287167741783215,0,-0.0044,0,0,-24
2786.125,0,158.538818359375,0,0,-158.538818359375,0,-0.0048287217159813066,0,-0.0048,0,0,-24
2786.25,0,158.54263305664063,0,0.030517578125,-158.54263305664063,0,-0.0048291571260262473,0,-0.0042,0,0,-24
2786.375,0,158.538818359375,0,-0.030517578125,-158.538818359375,0,-0.0048287254597070405,0,-0.0046,0,0,-24
2786.5,0,158.53500366210938,0,-0.030517578125,-158.53500366210938,0,-0.0048282996790291674,0,-0.005,0,0,-24
2786.625,0,158.54263305664063,0,0.06103515625,-158.54263305664063,0,-0.0048291713555036571,0,-0.0038,0,0,-24
2786.75,0,158.54263305664063,0,0,-158.54263305664063,0,-0.0048291699841505071,0,-0.0046,0,0,-24
2786.875,0,158.538818359375,0,-0.030517578125,-158.538818359375,0,-0.00482873807794315,0,-0.0052,0,0,-24
2787,0,158.538818359375,0,0,-158.538818359375,0,-0.0048287426222915278,0,-0.0042,0,0,-24
2787.125,0,158.54263305664063,0,0.030517578125,-158.54263305664063,0,-0.00482917764229699,0,-0.0036,0,0,-24
2787.25,0,158.53500366210938,0,-0.06103515625,-158.53500366210938,0,-0.0048283150327761764,0,-0.0036,0,0,-24
2787.375,0,158.538818359375,0,0.030517578125,-158.538818359375,0,-0.0048287558623639057,0,-0.0028,0,0,-24
2787.5,0,158.538818359375,0,0,-158.538818359375,0,-0.0048287600749164694,0,-0.004,0,0,-24
2787.625,0,158.54644775390625,0,0.06103515625,-158.54644775390625,0,-0.0048296253297551977,0,-0.0044,0,0,-24
2787.75,0,158.53500366210938,0,-0.091552734375,-158.53500366210938,0,-0.0048283259752550612,0,-0.0034,0,0,-24
2787.875,0,158.53500366210938,0,0,-158.53500366210938,0,-0.0048283360402550449,0,-0.0046,0,0,-24
2788,0,158.538818359375,0,0.030517578125,-158.538818359375,0,-0.0048287764779158379,0,-0.005,0,0,-24
2788.125,0,158.53500366210938,0,-0.030517578125,-158.53500366210938,0,-0.0048283497454145513,0,-0.0044,0,0,-24
2788.25,0,158.538818359375,0,0.030517578125,-158.538818359375,0,-0.0048287899273844453,0,-0.004,0,0,-24
2788.375,0,158.54263305664063,0,0.030517578125,-158.54263305664063,0,-0.0048292240648404,0,-0.0048,0,0,-24
2788.5,0,158.538818359375,0,-0.030517578125,-158.538818359375,0,-0.0048287911496743179,0,-0.0044,0,0,-24
2788.625,0,158.538818359375,0,0,-158.538818359375,0,-0.0048287947038876521,0,-0.005,0,0,-24
2788.75,0,158.538818359375,0,0,-158.538818359375,0,-0.0048287981917916525,0,-0.0042,0,0,-24
2788.875,0,158.54263305664063,0,0.030517578125,-158.54263305664063,0,-0.004829232175062338,0,-0.0052,0,0,-24
2789,0,158.54263305664063,0,0,-158.54263305664063,0,-0.004829229669026467,0,-0.0036,0,0,-24
2789.125,0,158.54263305664063,0,0,-158.54263305664063,0,-0.0048292272097445622,0,-0.005,0,0,-24
2789.25,0,158.54263305664063,0,0,-158.54263305664063,0,-0.0048292247963443568,0,-0.005,0,0,-24
2789.375,0,158.54644775390625,0,0.030517578125,-158.54644775390625,0,-0.0048296529884087726,0,-0.0042,0,0,-24
2789.5,0,158.54644775390625,0,0,-158.54644775390625,0,-0.0048296447992105225,0,-0.0052,0,0,-24
2789.625,0,158.54263305664063,0,-0.030517578125,-158.54263305664063,0,-0.0048292062023554856,0,-0.0046,0,0,-24
2789.75,0,158.54263305664063,0,0,-158.54263305664063,0,-0.0048292041808805407,0,-0.0048,0,0,-24
2789.875,0,158.538818359375,0,-0.030517578125,-158.538818359375,0,-0.0048287716366804141,0,-0.0052,0,0,-24
2790,0,158.54644775390625,0,0.06103515625,-158.54644775390625,0,-0.0048296366758165945,0,-0.004,0,0,-24
2790.125,0,158.54263305664063,0,-0.030517578125,-158.54263305664063,0,-0.0048291982305160071,0,-0.0046,0,0,-24
2790.25,0,158.53500366210938,0,-0.06103515625,-158.53500366210938,0,-0.0048283352368901963,0,-0.0056,0,0,-24
2790.375,0,158.54263305664063,0,0.06103515625,-158.54263305664063,0,-0.0048292062499779177,0,-0.0046,0,0,-24
2790.5,0,158.54644775390625,0,0.030517578125,-158.54644775390625,0,-0.00482963478805342,0,-0.005,0,0,-24
2790.625,0,158.54644775390625,0,0,-158.54644775390625,0,-0.0048296269384108846,0,-0.004,0,0,-24
2790.75,0,158.54644775390625,0,0,-158.54644775390625,0,-0.0048296192352155444,0,-0.0054,0,0,-24
2790.875,0,158.538818359375,0,-0.06103515625,-158.538818359375,0,-0.0048287505548573664,0,-0.0044,0,0,-24
2791,0,158.538818359375,0,0,-158.538818359375,0,-0.0048287548664296548,0,-0.0054,0,0,-24
2791.125,0,158.54263305664063,0,0.030517578125,-158.54263305664063,0,-0.004829189658001826,0,-0.0046,0,0,-24
2791.25,0,158.538818359375,0,-0.030517578125,-158.538818359375,0,-0.0048287573847484123,0,-0.0042,0,0,-24
2791.375,0,158.54263305664063,0,0.030517578125,-158.54263305664063,0,-0.00482919212933746,0,-0.0046,0,0,-24
2791.5,0,158.54263305664063,0,0,-158.54263305664063,0,-0.0048291903704163839,0,-0.004,0,0,-24
2791.625,0,158.538818359375,0,-0.030517578125,-158.538818359375,0,-0.0048287580838717774,0,-0.0044,0,0,-24
2791.75,0,158.538818359375,0,0,-158.538818359375,0,-0.0048287622549786835,0,-0.0054,0,0,-24
2791.875,0,158.538818359375,0,0,-158.538818359375,0,-0.0048287663482671538,0,-0.0058,0,0,-24
2792,0,158.54263305664063,0,0.030517578125,-158.54263305664063,0,-0.0048292009256279281,0,-0.004,0,0,-24
2792.125,0,158.54263305664063,0,0,-158.54263305664063,0,-0.0048291990025984789,0,-0.004,0,0,-24
2792.25,0,158.54263305664063,0,0,-158.54263305664063,0,-0.0048291971154461114,0,-0.0048,0,0,-24
2792.375,0,158.53500366210938,0,-0.06103515625,-158.53500366210938,0,-0.00482833414262365,0,-0.005,0,0,-24
2792.5,0,158.54263305664063,0,0.06103515625,-158.54263305664063,0,-0.0048292051761266016,0,-0.0052,0,0,-24
2792.625,0,158.53118896484375,0,-0.091552734375,-158.53118896484375,0,-0.0048279114924807938,0,-0.0038,0,0,-24
2792.75,0,158.54263305664063,0,0.091552734375,-158.54263305664063,0,-0.0048292188038533135,0,-0.0046,0,0,-24
2792.875,0,158.54263305664063,0,0,-158.54263305664063,0,-0.0048292165472779806,0,-0.0052,0,0,-24
2793,0,158.53500366210938,0,-0.06103515625,-158.53500366210938,0,-0.0048283532119247092,0,-0.004,0,0,-24
2793.125,0,158.54644775390625,0,0.091552734375,-158.54644775390625,0,-0.00482965445009934,0,-0.005,0,0,-24
2793.25,0,158.538818359375,0,-0.06103515625,-158.538818359375,0,-0.0048287851127531631,0,-0.0046,0,0,-24
2793.375,0,158.53500366210938,0,-0.030517578125,-158.53500366210938,0,-0.0048283582191556611,0,-0.0056,0,0,-24
2793.5,0,158.538818359375,0,0.030517578125,-158.538818359375,0,-0.0048287982430348384,0,-0.005,0,0,-24
2793.625,0,158.53500366210938,0,-0.030517578125,-158.53500366210938,0,-0.00482837110447167,0,-0.0044,0,0,-24
2793.75,0,158.538818359375,0,0.030517578125,-158.538818359375,0,-0.0048288108879553926,0,-0.005,0,0,-24
2793.875,0,158.54263305664063,0,0.030517578125,-158.54263305664063,0,-0.0048292446343595509,0,-0.0044,0,0,-24
2794,0,158.54263305664063,0,0,-158.54263305664063,0,-0.0048292418958762635,0,-0.0048,0,0,-24
2794.125,0,158.538818359375,0,-0.030517578125,-158.538818359375,0,-0.0048288086480446912,0,-0.0048,0,0,-24
2794.25,0,158.54263305664063,0,0.030517578125,-158.54263305664063,0,-0.00482924243623784,0,-0.0052,0,0,-24
2794.375,0,158.54263305664063,0,0,-158.54263305664063,0,-0.0048292397387639059,0,-0.005,0,0,-24
2794.5,0,158.53500366210938,0,-0.06103515625,-158.53500366210938,0,-0.0048283759707376771,0,-0.005,0,0,-24
2794.625,0,158.538818359375,0,0.030517578125,-158.538818359375,0,-0.0048288156634336979,0,-0.005,0,0,-24
2794.75,0,158.54263305664063,0,0.030517578125,-158.54263305664063,0,-0.0048292493207439391,0,-0.0058,0,0,-24
2794.875,0,158.538818359375,0,-0.030517578125,-158.538818359375,0,-0.0048288159343900031,0,-0.0042,0,0,-24
2795,0,158.538818359375,0,0,-158.538818359375,0,-0.0048288190262062193,0,-0.005,0,0,-24
2795.125,0,158.55026245117188,0,0.091552734375,-158.55026245117188,0,-0.0048301137416565795,0,-0.005,0,0,-24
2795.25,0,158.538818359375,0,-0.091552734375,-158.538818359375,0,-0.0048288074428387093,0,-0.0054,0,0,-24
2795.375,0,158.538818359375,0,0,-158.538818359375,0,-0.0048288106930779191,0,-0.0044,0,0,-24
2795.5,0,158.54263305664063,0,0.030517578125,-158.54263305664063,0,-0.0048292444431178175,0,-0.0044,0,0,-24
2795.625,0,158.54644775390625,0,0.030517578125,-158.54644775390625,0,-0.0048296722686413567,0,-0.0046,0,0,-24
2795.75,0,158.538818359375,0,-0.06103515625,-158.538818359375,0,-0.0048288025988627815,0,-0.0042,0,0,-24
2795.875,0,158.538818359375,0,0,-158.538818359375,0,-0.0048288059394738375,0,-0.0042,0,0,-24
2796,0,158.54644775390625,0,0.06103515625,-158.54644775390625,0,-0.0048296703386384726,0,-0.0054,0,0,-24
2796.125,0,158.54263305664063,0,-0.030517578125,-158.54263305664063,0,-0.0048292312653059966,0,-0.0042,0,0,-24
2796.25,0,158.54263305664063,0,0,-158.54263305664063,0,-0.0048292287762430339,0,-0.004,0,0,-24
2796.375,0,158.54644775390625,0,0.030517578125,-158.54644775390625,0,-0.0048296568940562985,0,-0.005,0,0,-24
2796.5,0,158.54263305664063,0,-0.030517578125,-158.54263305664063,0,-0.00482921807155325,0,-0.0048,0,0,-24
2796.625,0,158.54644775390625,0,0.030517578125,-158.54644775390625,0,-0.0048296463890790215,0,-0.0046,0,0,-24
2796.75,0,158.538818359375,0,-0.06103515625,-158.538818359375,0,-0.0048287772021236184,0,-0.005,0,0,-24
2796.875,0,158.54644775390625,0,0.06103515625,-158.54644775390625,0,-0.004829642137427868,0,-0.0048,0,0,-24
2797,0,158.54263305664063,0,-0.030517578125,-158.54263305664063,0,-0.0048292035902324946,0,-0.0044,0,0,-24
2797.125,0,158.54644775390625,0,0.030517578125,-158.54644775390625,0,-0.0048296321779296514,0,-0.0042,0,0,-24
2797.25,0,158.54263305664063,0,-0.030517578125,-158.54263305664063,0,-0.0048291938165440865,0,-0.0048,0,0,-24
2797.375,0,158.54263305664063,0,0,-158.54263305664063,0,-0.004829192026145567,0,-0.0044,0,0,-24
2797.5,0,158.538818359375,0,-0.030517578125,-158.538818359375,0,-0.0048287597087107777,0,-0.0054,0,0,-24
2797.625,0,158.54644775390625,0,0.06103515625,-158.54644775390625,0,-0.004829624970381639,0,-0.0054,0,0,-24
2797.75,0,158.54263305664063,0,-0.030517578125,-158.54263305664063,0,-0.004829186743464004,0,-0.0046,0,0,-24
2797.875,0,158.538818359375,0,-0.030517578125,-158.538818359375,0,-0.0048287545245857908,0,-0.0048,0,0,-24
2798,0,158.53118896484375,0,-0.06103515625,-158.53118896484375,0,-0.00482789764121884,0,-0.0046,0,0,-24
2798.125,0,158.538818359375,0,0.06103515625,-158.538818359375,0,-0.0048287746505691091,0,-0.0046,0,0,-24
2798.25,0,158.54644775390625,0,0.06103515625,-158.54644775390625,0,-0.0048296396334765448,0,-0.0054,0,0,-24
2798.375,0,158.538818359375,0,-0.06103515625,-158.538818359375,0,-0.00482877057255733,0,-0.004,0,0,-24
2798.5,0,158.538818359375,0,0,-158.538818359375,0,-0.0048287745106685353,0,-0.0046,0,0,-24
2798.625,0,158.53500366210938,0,-0.030517578125,-158.53500366210938,0,-0.0048283478148692825,0,-0.005,0,0,-24
2798.75,0,158.54263305664063,0,0.06103515625,-158.54263305664063,0,-0.0048292185932953943,0,-0.0046,0,0,-24
2798.875,0,158.54644775390625,0,0.030517578125,-158.54644775390625,0,-0.0048296469010872612,0,-0.0048,0,0,-24
2799,0,158.54263305664063,0,-0.030517578125,-158.54263305664063,0,-0.0048292082650184705,0,-0.0046,0,0,-24
2799.125,0,158.538818359375,0,-0.030517578125,-158.538818359375,0,-0.0048287756446224479,0,-0.0042,0,0,-24
2799.25,0,158.53500366210938,0,-0.030517578125,-158.53500366210938,0,-0.0048283489276675353,0,-0.0052,0,0,-24
2799.375,0,158.54263305664063,0,0.06103515625,-158.54263305664063,0,-0.0048292196853326778,0,-0.0054,0,0,-24
2799.5,0,158.538818359375,0,-0.030517578125,-158.538818359375,0,-0.00482878685187307,0,-0.0042,0,0,-24
2799.625,0,158.54263305664063,0,0.030517578125,-158.54263305664063,0,-0.0048292210467074355,0,-0.0042,0,0,-24
2799.75,0,158.54644775390625,0,0.030517578125,-158.54644775390625,0,-0.0048296493087271143,0,-0.0038,0,0,-24
2799.875,0,158.538818359375,0,-0.06103515625,-158.538818359375,0,-0.00482878006730117,0,-0.006,0,0,-24
2800,0,158.54644775390625,0,0.06103515625,-158.54644775390625,0,-0.0048296449491511111,0,-0.0048,0,0,-24
2800.125,0,158.54644775390625,0,0,-158.54644775390625,0,-0.0048296369099376183,0,-0.0048,0,0,-24
2800.25,0,158.54263305664063,0,-0.030517578125,-158.54263305664063,0,-0.0048291984602691421,0,-0.0042,0,0,-24
2800.375,0,158.54644775390625,0,0.030517578125,-158.54644775390625,0,-0.0048296271436736819,0,-0.004,0,0,-24
2800.5,0,158.55026245117188,0,0.030517578125,-158.55026245117188,0,-0.00483004999708776,0,-0.005,0,0,-24
2800.625,0,158.54644775390625,0,-0.030517578125,-158.54644775390625,0,-0.0048296060084010222,0,-0.0046,0,0,-24
2800.75,0,158.54644775390625,0,0,-158.54644775390625,0,-0.0048295986956873142,0,-0.004,0,0,-24
2800.875,0,158.54263305664063,0,-0.030517578125,-158.54263305664063,0,-0.004829160958964648,0,-0.0042,0,0,-24
2801,0,158.54644775390625,0,0.030517578125,-158.54644775390625,0,-0.0048295903420138937,0,-0.0042,0,0,-24
2801.125,0,158.538818359375,0,-0.06103515625,-158.538818359375,0,-0.0048287222007029791,0,-0.0042,0,0,-24
2801.25,0,158.538818359375,0,0,-158.538818359375,0,-0.0048287270412657726,0,-0.0048,0,0,-24
2801.375,0,158.54263305664063,0,0.030517578125,-158.54263305664063,0,-0.0048291623519593147,0,-0.0038,0,0,-24
2801.5,0,158.54263305664063,0,0,-158.54263305664063,0,-0.0048291611485811788,0,-0.0048,0,0,-24
2801.625,0,158.54644775390625,0,0.030517578125,-158.54644775390625,0,-0.004829590528092835,0,-0.0052,0,0,-24
2801.75,0,158.54263305664063,0,-0.030517578125,-158.54263305664063,0,-0.0048291529437492478,0,-0.0048,0,0,-24
2801.875,0,158.54644775390625,0,0.030517578125,-158.54644775390625,0,-0.004829582476334705,0,-0.0036,0,0,-24
2802,0,158.538818359375,0,-0.06103515625,-158.538818359375,0,-0.0048287144817701737,0,-0.0042,0,0,-24
2802.125,0,158.54263305664063,0,0.030517578125,-158.54263305664063,0,-0.0048291500267804866,0,-0.0056,0,0,-24
2802.25,0,158.54644775390625,0,0.030517578125,-158.54644775390625,0,-0.0048295796137864978,0,-0.0052,0,0,-24
2802.375,0,158.54263305664063,0,-0.030517578125,-158.54263305664063,0,-0.0048291422330661374,0,-0.0044,0,0,-24
2802.5,0,158.54263305664063,0,0,-158.54263305664063,0,-0.004829141405037,0,-0.0046,0,0,-24
2802.625,0,158.54263305664063,0,0,-158.54263305664063,0,-0.0048291405924560235,0,-0.0044,0,0,-24
2802.75,0,158.55026245117188,0,0.06103515625,-158.55026245117188,0,-0.0048300009159128292,0,-0.0054,0,0,-24
2802.875,0,158.538818359375,0,-0.091552734375,-158.538818359375,0,-0.0048286967220333163,0,-0.0048,0,0,-24
2803,0,158.54263305664063,0,0.030517578125,-158.54263305664063,0,-0.004829132598378927,0,-0.0052,0,0,-24
2803.125,0,158.54263305664063,0,0,-158.54263305664063,0,-0.0048291319500997475,0,-0.0042,0,0,-24
2803.25,0,158.54644775390625,0,0.030517578125,-158.54644775390625,0,-0.0048295618743541329,0,-0.0042,0,0,-24
2803.375,0,158.54263305664063,0,-0.030517578125,-158.54263305664063,0,-0.0048291248245902587,0,-0.0056,0,0,-24
2803.5,0,158.54263305664063,0,0,-158.54263305664063,0,-0.0048291243213431029,0,-0.0058,0,0,-24
2803.625,0,158.54263305664063,0,0,-158.54263305664063,0,-0.0048291238274847988,0,-0.0046,0,0,-24
2803.75,0,158.54644775390625,0,0.030517578125,-158.54644775390625,0,-0.0048295539032791,0,-0.0042,0,0,-24
2803.875,0,158.55026245117188,0,0.030517578125,-158.55026245117188,0,-0.0048299781231057612,0,-0.0042,0,0,-24
2804,0,158.54644775390625,0,-0.030517578125,-158.54644775390625,0,-0.0048295354753390704,0,-0.0048,0,0,-24
2804.125,0,158.54263305664063,0,-0.030517578125,-158.54263305664063,0,-0.00482909891808956,0,-0.005,0,0,-24
2804.25,0,158.54263305664063,0,0,-158.54263305664063,0,-0.0048290988981681522,0,-0.005,0,0,-24
2804.375,0,158.54644775390625,0,0.030517578125,-158.54644775390625,0,-0.004829529439057326,0,-0.0048,0,0,-24
2804.5,0,158.54263305664063,0,-0.030517578125,-158.54263305664063,0,-0.004829092994423966,0,-0.004,0,0,-24
2804.625,0,158.54263305664063,0,0,-158.54263305664063,0,-0.0048290930850176808,0,-0.0054,0,0,-24
2804.75,0,158.54263305664063,0,0,-158.54263305664063,0,-0.00482909317392123,0,-0.0048,0,0,-24
2804.875,0,158.54644775390625,0,0.030517578125,-158.54644775390625,0,-0.004829523821605064,0,-0.0046,0,0,-24
2805,0,158.54644775390625,0,0,-158.54644775390625,0,-0.0048295180422128613,0,-0.0038,0,0,-24
2805.125,0,158.54263305664063,0,-0.030517578125,-158.54263305664063,0,-0.0048290818102052222,0,-0.0046,0,0,-24
2805.25,0,158.54644775390625,0,0.030517578125,-158.54644775390625,0,-0.0048295126698967138,0,-0.0038,0,0,-24
2805.375,0,158.54644775390625,0,0,-158.54644775390625,0,-0.0048295070985568391,0,-0.0038,0,0,-24
2805.5,0,158.54263305664063,0,-0.030517578125,-158.54263305664063,0,-0.0048290710707199905,0,-0.0038,0,0,-24
2805.625,0,158.55026245117188,0,0.06103515625,-158.55026245117188,0,-0.0048299326912120645,0,-0.0044,0,0,-24
2805.75,0,158.54644775390625,0,-0.030517578125,-158.54644775390625,0,-0.0048294908910474594,0,-0.0046,0,0,-24
2805.875,0,158.55026245117188,0,0.030517578125,-158.55026245117188,0,-0.0048299162864645388,0,-0.005,0,0,-24
2806,0,158.55026245117188,0,0,-158.55026245117188,0,-0.0048299053527947272,0,-0.0056,0,0,-24
2806.125,0,158.54263305664063,0,-0.06103515625,-158.54263305664063,0,-0.0048290335022315679,0,-0.0042,0,0,-24
2806.25,0,158.54263305664063,0,0,-158.54263305664063,0,-0.004829034702743938,0,-0.0048,0,0,-24
2806.375,0,158.54263305664063,0,0,-158.54263305664063,0,-0.0048290358808588969,0,-0.0046,0,0,-24
2806.5,0,158.54644775390625,0,0.030517578125,-158.54644775390625,0,-0.00482946759743322,0,-0.0046,0,0,-24
2806.625,0,158.54644775390625,0,0,-158.54644775390625,0,-0.0048294628669897054,0,-0.006,0,0,-24
2806.75,0,158.54263305664063,0,-0.030517578125,-158.54263305664063,0,-0.0048290276643609981,0,-0.005,0,0,-24
2806.875,0,158.54263305664063,0,0,-158.54263305664063,0,-0.0048290289737878524,0,-0.003,0,0,-24
2807,0,158.54644775390625,0,0.030517578125,-158.54644775390625,0,-0.0048294608192242447,0,-0.0044,0,0,-24
2807.125,0,158.54263305664063,0,-0.030517578125,-158.54263305664063,0,-0.004829025654799762,0,-0.0052,0,0,-24
2807.25,0,158.54263305664063,0,0,-158.54263305664063,0,-0.0048290270017180819,0,-0.0048,0,0,-24
2807.375,0,158.54644775390625,0,0.030517578125,-158.54644775390625,0,-0.0048294588839464785,0,-0.005,0,0,-24
2807.5,0,158.538818359375,0,-0.06103515625,-158.538818359375,0,-0.0048285931951886725,0,-0.005,0,0,-24
2807.625,0,158.54644775390625,0,0.06103515625,-158.54644775390625,0,-0.0048294615634262442,0,-0.005,0,0,-24
2807.75,0,158.538818359375,0,-0.06103515625,-158.538818359375,0,-0.0048285958246786082,0,-0.005,0,0,-24
2807.875,0,158.55026245117188,0,0.091552734375,-158.55026245117188,0,-0.0048298947042979008,0,-0.005,0,0,-24
2808,0,158.538818359375,0,-0.091552734375,-158.538818359375,0,-0.0048285924919599654,0,-0.0042,0,0,-24
2808.125,0,158.54644775390625,0,0.06103515625,-158.54644775390625,0,-0.004829460873317354,0,-0.0042,0,0,-24
2808.25,0,158.55026245117188,0,0.030517578125,-158.55026245117188,0,-0.00482988682876151,0,-0.0044,0,0,-24
2808.375,0,158.54644775390625,0,-0.030517578125,-158.54644775390625,0,-0.004829445884231693,0,-0.0054,0,0,-24
2808.5,0,158.54263305664063,0,-0.030517578125,-158.54263305664063,0,-0.004829010998442543,0,-0.0046,0,0,-24
2808.625,0,158.54644775390625,0,0.030517578125,-158.54644775390625,0,-0.004829443179236741,0,-0.0044,0,0,-24
2808.75,0,158.55026245117188,0,0.030517578125,-158.55026245117188,0,-0.0048298694647912763,0,-0.0054,0,0,-24
2808.875,0,158.54644775390625,0,-0.030517578125,-158.54644775390625,0,-0.0048294288442131189,0,-0.0058,0,0,-24
2809,0,158.54263305664063,0,-0.030517578125,-158.54263305664063,0,-0.0048289942763318112,0,-0.0054,0,0,-24
2809.125,0,158.54644775390625,0,0.030517578125,-158.54644775390625,0,-0.00482942676910279,0,-0.004,0,0,-24
2809.25,0,158.55026245117188,0,0.030517578125,-158.55026245117188,0,-0.0048298533608136969,0,-0.0058,0,0,-24
2809.375,0,158.54644775390625,0,-0.030517578125,-158.54644775390625,0,-0.0048294130406800924,0,-0.005,0,0,-24
2809.5,0,158.54263305664063,0,-0.030517578125,-158.54263305664063,0,-0.00482897876763808,0,-0.0038,0,0,-24
2809.625,0,158.54263305664063,0,0,-158.54263305664063,0,-0.0048289809893087557,0,-0.0052,0,0,-24
2809.75,0,158.54644775390625,0,0.030517578125,-158.54644775390625,0,-0.0048294137299696527,0,-0.0052,0,0,-24
2809.875,0,158.54644775390625,0,0,-158.54644775390625,0,-0.004829410004506797,0,-0.0046,0,0,-24
2810,0,158.54644775390625,0,0,-158.54644775390625,0,-0.0048294063485481995,0,-0.004,0,0,-24
2810.125,0,158.54644775390625,0,0,-158.54644775390625,0,-0.0048294027607971518,0,-0.0048,0,0,-24
2810.25,0,158.54263305664063,0,-0.030517578125,-158.54263305664063,0,-0.00482896867954222,0,-0.0042,0,0,-24
2810.375,0,158.54644775390625,0,0.030517578125,-158.54644775390625,0,-0.0048294016498608072,0,-0.0046,0,0,-24
2810.5,0,158.55026245117188,0,0.030517578125,-158.55026245117188,0,-0.0048298287102099364,0,-0.0042,0,0,-24
2810.625,0,158.54263305664063,0,-0.06103515625,-158.54263305664063,0,-0.0048289582895324678,0,-0.0042,0,0,-24
2810.75,0,158.54263305664063,0,0,-158.54263305664063,0,-0.0048289608932538045,0,-0.0052,0,0,-24
2810.875,0,158.55026245117188,0,0.06103515625,-158.55026245117188,0,-0.0048298245692765312,0,-0.0044,0,0,-24
2811,0,158.54644775390625,0,-0.030517578125,-158.54644775390625,0,-0.0048293847862934825,0,-0.0042,0,0,-24
2811.125,0,158.54644775390625,0,0,-158.54644775390625,0,-0.00482938160081957,0,-0.0044,0,0,-24
2811.25,0,158.54263305664063,0,-0.030517578125,-158.54263305664063,0,-0.0048289479143366724,0,-0.0042,0,0,-24
2811.375,0,158.54263305664063,0,0,-158.54263305664063,0,-0.004828950711623297,0,-0.0044,0,0,-24
2811.5,0,158.55026245117188,0,0.06103515625,-158.55026245117188,0,-0.0048298145776000528,0,-0.0044,0,0,-24
2811.625,0,158.54644775390625,0,-0.030517578125,-158.54644775390625,0,-0.0048293749810271475,0,-0.0048,0,0,-24
2811.75,0,158.55026245117188,0,0.030517578125,-158.55026245117188,0,-0.0048298025389245233,0,-0.005,0,0,-24
2811.875,0,158.54644775390625,0,-0.030517578125,-158.54644775390625,0,-0.0048293631669516874,0,-0.0038,0,0,-24
2812,0,158.54644775390625,0,0,-158.54644775390625,0,-0.0048293603848199584,0,-0.0044,0,0,-24
2812.125,0,158.54263305664063,0,-0.030517578125,-158.54263305664063,0,-0.0048289270941542731,0,-0.0044,0,0,-24
2812.25,0,158.54263305664063,0,0,-158.54263305664063,0,-0.0048289302798735292,0,-0.0046,0,0,-24
2812.375,0,158.55026245117188,0,0.06103515625,-158.55026245117188,0,-0.0048297945270361067,0,-0.006,0,0,-24
2812.5,0,158.54263305664063,0,-0.06103515625,-158.54263305664063,0,-0.0048289247440984964,0,-0.0046,0,0,-24
2812.625,0,158.54263305664063,0,0,-158.54263305664063,0,-0.00482892797366167,0,-0.0044,0,0,-24
2812.75,0,158.54644775390625,0,0.030517578125,-158.54644775390625,0,-0.0048293617034112744,0,-0.0046,0,0,-24
2812.875,0,158.54644775390625,0,0,-158.54644775390625,0,-0.00482935894858415,0,-0.0046,0,0,-24
2813,0,158.538818359375,0,-0.06103515625,-158.538818359375,0,-0.0048284951242747436,0,-0.0036,0,0,-24
2813.125,0,158.54263305664063,0,0.030517578125,-158.54263305664063,0,-0.0048289347617376365,0,-0.005,0,0,-24
2813.25,0,158.54263305664063,0,0,-158.54263305664063,0,-0.0048289378044062926,0,-0.005,0,0,-24
2813.375,0,158.538818359375,0,-0.030517578125,-158.538818359375,0,-0.0048285102298703531,0,-0.0038,0,0,-24
2813.5,0,158.538818359375,0,0,-158.538818359375,0,-0.0048285190250761329,0,-0.0042,0,0,-24
2813.625,0,158.54263305664063,0,0.030517578125,-158.54263305664063,0,-0.0048289582166326931,0,-0.0046,0,0,-24
2813.75,0,158.538818359375,0,-0.030517578125,-158.538818359375,0,-0.0048285302612751709,0,-0.0038,0,0,-24
2813.875,0,158.54644775390625,0,0.06103515625,-158.54644775390625,0,-0.0048293998036420156,0,-0.0036,0,0,-24
2814,0,158.54263305664063,0,-0.030517578125,-158.54263305664063,0,-0.0048289657775573754,0,-0.005,0,0,-24
2814.125,0,158.538818359375,0,-0.030517578125,-158.538818359375,0,-0.0048285376811391355,0,-0.005,0,0,-24
2814.25,0,158.54263305664063,0,0.030517578125,-158.54263305664063,0,-0.0048289765246380513,0,-0.0048,0,0,-24
2814.375,0,158.53500366210938,0,-0.06103515625,-158.53500366210938,0,-0.00482811766727752,0,-0.0036,0,0,-24
2814.5,0,158.54644775390625,0,0.091552734375,-158.54644775390625,0,-0.0048294232999010261,0,-0.0046,0,0,-24
2814.625,0,158.54644775390625,0,0,-158.54644775390625,0,-0.0048294193958963328,0,-0.0044,0,0,-24
2814.75,0,158.54263305664063,0,-0.030517578125,-158.54263305664063,0,-0.0048289850042879546,0,-0.0046,0,0,-24
2814.875,0,158.54644775390625,0,0.030517578125,-158.54644775390625,0,-0.0048294176700432187,0,-0.0048,0,0,-24
2815,0,158.54644775390625,0,0,-158.54644775390625,0,-0.00482941387107221,0,-0.0046,0,0,-24
2815.125,0,158.54263305664063,0,-0.030517578125,-158.54263305664063,0,-0.0048289795825379516,0,-0.0044,0,0,-24
2815.25,0,158.54263305664063,0,0,-158.54263305664063,0,-0.0048289817890054126,0,-0.0054,0,0,-24
2815.375,0,158.538818359375,0,-0.030517578125,-158.538818359375,0,-0.0048285533938689012,0,-0.0046,0,0,-24
2815.5,0,158.54644775390625,0,0.06103515625,-158.54644775390625,0,-0.004829422504661513,0,-0.0058,0,0,-24
2815.625,0,158.54263305664063,0,-0.030517578125,-158.54263305664063,0,-0.0048289880550543233,0,-0.0056,0,0,-24
2815.75,0,158.54263305664063,0,0,-158.54263305664063,0,-0.0048289901034539165,0,-0.0054,0,0,-24
2815.875,0,158.538818359375,0,-0.030517578125,-158.538818359375,0,-0.0048285615531985376,0,-0.004,0,0,-24
2816,0,158.538818359375,0,0,-158.538818359375,0,-0.0048285693908884306,0,-0.0046,0,0,-24
2816.125,0,158.54644775390625,0,0.06103515625,-158.54644775390625,0,-0.0048294382032319574,0,-0.0044,0,0,-24
2816.25,0,158.54263305664063,0,-0.030517578125,-158.54263305664063,0,-0.0048290034607437107,0,-0.0052,0,0,-24
2816.375,0,158.54263305664063,0,0,-158.54263305664063,0,-0.004829005221726395,0,-0.0052,0,0,-24
2816.5,0,158.54263305664063,0,0,-158.54263305664063,0,-0.00482900694985523,0,-0.0046,0,0,-24
2816.625,0,158.55026245117188,0,0.06103515625,-158.55026245117188,0,-0.0048298697666209851,0,-0.0046,0,0,-24
2816.75,0,158.54263305664063,0,-0.06103515625,-158.54263305664063,0,-0.0048289985799728121,0,-0.0042,0,0,-24
2816.875,0,158.538818359375,0,-0.030517578125,-158.538818359375,0,-0.0048285698715748926,0,-0.0062,0,0,-24
2817,0,158.538818359375,0,0,-158.538818359375,0,-0.0048285775540726382,0,-0.0044,0,0,-24
2817.125,0,158.54644775390625,0,0.06103515625,-158.54644775390625,0,-0.0048294462141193666,0,-0.004,0,0,-24
2817.25,0,158.54263305664063,0,-0.030517578125,-158.54263305664063,0,-0.0048290113221756527,0,-0.0056,0,0,-24
2817.375,0,158.538818359375,0,-0.030517578125,-158.538818359375,0,-0.0048285823760522767,0,-0.005,0,0,-24
2817.5,0,158.54263305664063,0,0.030517578125,-158.54263305664063,0,-0.004829020385698617,0,-0.0046,0,0,-24
2817.625,0,158.538818359375,0,-0.030517578125,-158.538818359375,0,-0.004828591270481233,0,-0.0042,0,0,-24
2817.75,0,158.538818359375,0,0,-158.538818359375,0,-0.0048285985537493588,0,-0.0038,0,0,-24
2817.875,0,158.538818359375,0,0,-158.538818359375,0,-0.0048286057011368783,0,-0.0058,0,0,-24
2818,0,158.54263305664063,0,0.030517578125,-158.54263305664063,0,-0.0048290432756177707,0,-0.0056,0,0,-24
2818.125,0,158.54263305664063,0,0,-158.54263305664063,0,-0.0048290442937925391,0,-0.0044,0,0,-24
2818.25,0,158.54263305664063,0,0,-158.54263305664063,0,-0.0048290452929716857,0,-0.004,0,0,-24
2818.375,0,158.538818359375,0,-0.030517578125,-158.538818359375,0,-0.0048286157130706872,0,-0.0058,0,0,-24
2818.5,0,158.54644775390625,0,0.06103515625,-158.54644775390625,0,-0.0048294836612024217,0,-0.005,0,0,-24
2818.625,0,158.54644775390625,0,0,-158.54644775390625,0,-0.0048294786310645035,0,-0.0044,0,0,-24
2818.75,0,158.54263305664063,0,-0.030517578125,-158.54263305664063,0,-0.0048290431343326543,0,-0.0046,0,0,-24
2818.875,0,158.54644775390625,0,0.030517578125,-158.54644775390625,0,-0.0048294747155822309,0,-0.0052,0,0,-24
2819,0,158.54263305664063,0,-0.030517578125,-158.54263305664063,0,-0.0048290392918997459,0,-0.0054,0,0,-24
2819.125,0,158.54263305664063,0,0,-158.54263305664063,0,-0.004829040384396922,0,-0.0054,0,0,-24
2819.25,0,158.54644775390625,0,0.030517578125,-158.54644775390625,0,-0.0048294720169507937,0,-0.005,0,0,-24
2819.375,0,158.54263305664063,0,-0.030517578125,-158.54263305664063,0,-0.0048290366436154423,0,-0.0048,0,0,-24
2819.5,0,158.54263305664063,0,0,-158.54263305664063,0,-0.0048290377855204486,0,-0.0044,0,0,-24
2819.625,0,158.54263305664063,0,0,-158.54263305664063,0,-0.0048290389061214547,0,-0.0054,0,0,-24
2819.75,0,158.54644775390625,0,0.030517578125,-158.54644775390625,0,-0.0048294705662548362,0,-0.004,0,0,-24
2819.875,0,158.54263305664063,0,-0.030517578125,-158.54263305664063,0,-0.0048290352199844566,0,-0.0048,0,0,-24
2820,0,158.538818359375,0,-0.030517578125,-158.538818359375,0,-0.0048286058280105791,0,-0.0046,0,0,-24
2820.125,0,158.54263305664063,0,0.030517578125,-158.54263305664063,0,-0.0048290434001244473,0,-0.006,0,0,-24
2820.25,0,158.53500366210938,0,-0.06103515625,-158.53500366210938,0,-0.0048281832950985183,0,-0.0048,0,0,-24
2820.375,0,158.538818359375,0,0.030517578125,-158.538818359375,0,-0.0048286265824559159,0,-0.0044,0,0,-24
2820.5,0,158.54644775390625,0,0.06103515625,-158.54644775390625,0,-0.0048294943278024954,0,-0.0058,0,0,-24
2820.625,0,158.54263305664063,0,-0.030517578125,-158.54263305664063,0,-0.0048290585382237761,0,-0.005,0,0,-24
2820.75,0,158.54263305664063,0,0,-158.54263305664063,0,-0.0048290592716510768,0,-0.0042,0,0,-24
2820.875,0,158.538818359375,0,-0.030517578125,-158.538818359375,0,-0.004828629430956243,0,-0.004,0,0,-24
2821,0,158.54644775390625,0,0.06103515625,-158.54644775390625,0,-0.0048294971231596538,0,-0.0042,0,0,-24
2821.125,0,158.54263305664063,0,-0.030517578125,-158.54263305664063,0,-0.0048290612814292332,0,-0.0044,0,0,-24
2821.25,0,158.538818359375,0,-0.030517578125,-158.538818359375,0,-0.0048286314032388866,0,-0.0042,0,0,-24
2821.375,0,158.54263305664063,0,0.030517578125,-158.54263305664063,0,-0.0048290684982074039,0,-0.0052,0,0,-24
2821.5,0,158.54263305664063,0,0,-158.54263305664063,0,-0.0048290690458158408,0,-0.0054,0,0,-24
2821.625,0,158.54263305664063,0,0,-158.54263305664063,0,-0.0048290695832077972,0,-0.0042,0,0,-24
2821.75,0,158.54644775390625,0,0.030517578125,-158.54644775390625,0,-0.0048295006710127935,0,-0.0054,0,0,-24
2821.875,0,158.54263305664063,0,-0.030517578125,-158.54263305664063,0,-0.0048290647630916976,0,-0.0046,0,0,-24
2822,0,158.54644775390625,0,0.030517578125,-158.54644775390625,0,-0.004829495940823398,0,-0.0052,0,0,-24
2822.125,0,158.54263305664063,0,-0.030517578125,-158.54263305664063,0,-0.0048290601211512848,0,-0.0042,0,0,-24
2822.25,0,158.54644775390625,0,0.030517578125,-158.54644775390625,0,-0.0048294913854855471,0,-0.0052,0,0,-24
2822.375,0,158.54263305664063,0,-0.030517578125,-158.54263305664063,0,-0.0048290556508002909,0,-0.0052,0,0,-24
2822.5,0,158.54263305664063,0,0,-158.54263305664063,0,-0.0048290564380969328,0,-0.005,0,0,-24
2822.625,0,158.54644775390625,0,0.030517578125,-158.54644775390625,0,-0.0048294877711442573,0,-0.0048,0,0,-24
2822.75,0,158.54644775390625,0,0,-158.54644775390625,0,-0.0048294826643290323,0,-0.0052,0,0,-24
2822.875,0,158.54263305664063,0,-0.030517578125,-158.54263305664063,0,-0.0048290470923504089,0,-0.0048,0,0,-24
2823,0,158.54263305664063,0,0,-158.54263305664063,0,-0.0048290480393181406,0,-0.005,0,0,-24
2823.125,0,158.54263305664063,0,0,-158.54263305664063,0,-0.0048290489686187276,0,-0.0034,0,0,-24
2823.25,0,158.54644775390625,0,0.030517578125,-158.54644775390625,0,-0.0048294804410206945,0,-0.0042,0,0,-24
2823.375,0,158.54644775390625,0,0,-158.54644775390625,0,-0.0048294754709602358,0,-0.0054,0,0,-24
2823.5,0,158.54644775390625,0,0,-158.54644775390625,0,-0.004829470593623925,0,-0.0042,0,0,-24
2823.625,0,158.538818359375,0,-0.06103515625,-158.538818359375,0,-0.0048286046864040163,0,-0.0042,0,0,-24
2823.75,0,158.54263305664063,0,0.030517578125,-158.54263305664063,0,-0.0048290422798163164,0,-0.0042,0,0,-24
2823.875,0,158.54644775390625,0,0.030517578125,-158.54644775390625,0,-0.0048294738770082142,0,-0.005,0,0,-24
2824,0,158.538818359375,0,-0.06103515625,-158.538818359375,0,-0.0048286079085317042,0,-0.0042,0,0,-24
2824.125,0,158.54263305664063,0,0.030517578125,-158.54263305664063,0,-0.0048290454418302405,0,-0.0046,0,0,-24
2824.25,0,158.55026245117188,0,0.06103515625,-158.55026245117188,0,-0.0048299075404688021,0,-0.0052,0,0,-24
2824.375,0,158.54263305664063,0,-0.06103515625,-158.54263305664063,0,-0.0048290356490912076,0,-0.0054,0,0,-24
2824.5,0,158.54644775390625,0,0.030517578125,-158.54644775390625,0,-0.0048294673699895143,0,-0.0042,0,0,-24
2824.625,0,158.54263305664063,0,-0.030517578125,-158.54263305664063,0,-0.0048290320833503965,0,-0.0054,0,0,-24
2824.75,0,158.54263305664063,0,0,-158.54263305664063,0,-0.0048290333103341845,0,-0.0052,0,0,-24
2824.875,0,158.54644775390625,0,0.030517578125,-158.54644775390625,0,-0.0048294650748656126,0,-0.003,0,0,-24
2825,0,158.54644775390625,0,0,-158.54644775390625,0,-0.00482946039148449,0,-0.005,0,0,-24
2825.125,0,158.54644775390625,0,0,-158.54644775390625,0,-0.0048294557954790688,0,-0.0042,0,0,-24
2825.25,0,158.54263305664063,0,-0.030517578125,-158.54263305664063,0,-0.0048290207247803042,0,-0.0044,0,0,-24
2825.375,0,158.53500366210938,0,-0.06103515625,-158.53500366210938,0,-0.004828161042797912,0,-0.0054,0,0,-24
2825.5,0,158.538818359375,0,0.030517578125,-158.538818359375,0,-0.004828604745306316,0,-0.0048,0,0,-24
2825.625,0,158.54263305664063,0,0.030517578125,-158.54263305664063,0,-0.0048290423376197026,0,-0.0062,0,0,-24
2825.75,0,158.54644775390625,0,0.030517578125,-158.54644775390625,0,-0.0048294739337331888,0,-0.005,0,0,-24
2825.875,0,158.54644775390625,0,0,-158.54644775390625,0,-0.0048294690850762207,0,-0.0054,0,0,-24
2826,0,158.538818359375,0,-0.06103515625,-158.538818359375,0,-0.0048286032060005967,0,-0.0042,0,0,-24
2826.125,0,158.54644775390625,0,0.06103515625,-158.54644775390625,0,-0.0048294713874710241,0,-0.005,0,0,-24
2826.25,0,158.53500366210938,0,-0.091552734375,-158.53500366210938,0,-0.004828174905001756,0,-0.0054,0,0,-24
2826.375,0,158.54263305664063,0,0.06103515625,-158.54263305664063,0,-0.0048290489093282731,0,-0.0044,0,0,-24
2826.5,0,158.538818359375,0,-0.030517578125,-158.538818359375,0,-0.0048286192619585618,0,-0.0038,0,0,-24
2826.625,0,158.54263305664063,0,0.030517578125,-158.54263305664063,0,-0.0048290565834413993,0,-0.0052,0,0,-24
2826.75,0,158.54263305664063,0,0,-158.54263305664063,0,-0.0048290573533381819,0,-0.005,0,0,-24
2826.875,0,158.55026245117188,0,0.06103515625,-158.55026245117188,0,-0.0048299192297491817,0,-0.0046,0,0,-24
2827,0,158.54644775390625,0,-0.030517578125,-158.54644775390625,0,-0.00482947768072894,0,-0.0052,0,0,-24
2827.125,0,158.54644775390625,0,0,-158.54644775390625,0,-0.0048294727621659836,0,-0.0044,0,0,-24
2827.25,0,158.538818359375,0,-0.06103515625,-158.538818359375,0,-0.0048286068144885765,0,-0.0044,0,0,-24
2827.375,0,158.54644775390625,0,0.06103515625,-158.54644775390625,0,-0.004829474928637092,0,-0.0052,0,0,-24
2827.5,0,158.538818359375,0,-0.06103515625,-158.538818359375,0,-0.004828608940540823,0,-0.004,0,0,-24
2827.625,0,158.54644775390625,0,0.06103515625,-158.54644775390625,0,-0.0048294770150245532,0,-0.0046,0,0,-24
2827.75,0,158.54263305664063,0,-0.030517578125,-158.54263305664063,0,-0.0048290415484424226,0,-0.0042,0,0,-24
2827.875,0,158.54644775390625,0,0.030517578125,-158.54644775390625,0,-0.0048294731592792295,0,-0.005,0,0,-24
2828,0,158.54644775390625,0,0,-158.54644775390625,0,-0.0048294683250708946,0,-0.0046,0,0,-24
2828.125,0,158.54263305664063,0,-0.030517578125,-158.54263305664063,0,-0.00482903302061326,0,-0.005,0,0,-24
2828.25,0,158.54644775390625,0,0.030517578125,-158.54644775390625,0,-0.0048294647905498794,0,-0.0058,0,0,-24
2828.375,0,158.54263305664063,0,-0.030517578125,-158.54263305664063,0,-0.0048290295520341886,0,-0.0052,0,0,-24
2828.5,0,158.54644775390625,0,0.030517578125,-158.54644775390625,0,-0.004829461386682503,0,-0.0048,0,0,-24
2828.625,0,158.54263305664063,0,-0.030517578125,-158.54263305664063,0,-0.00482902621167121,0,-0.005,0,0,-24
2828.75,0,158.54263305664063,0,0,-158.54263305664063,0,-0.004829027548200234,0,-0.0052,0,0,-24
2828.875,0,158.55026245117188,0,0.06103515625,-158.55026245117188,0,-0.0048298899806720761,0,-0.0048,0,0,-24
2829,0,158.54263305664063,0,-0.06103515625,-158.54263305664063,0,-0.0048290184168995869,0,-0.0036,0,0,-24
2829.125,0,158.54263305664063,0,0,-158.54263305664063,0,-0.0048290198988521042,0,-0.005,0,0,-24
2829.25,0,158.54644775390625,0,0.030517578125,-158.54644775390625,0,-0.004829451913595427,0,-0.0044,0,0,-24
2829.375,0,158.54263305664063,0,-0.030517578125,-158.54263305664063,0,-0.0048290169153191922,0,-0.0054,0,0,-24
2829.5,0,158.54644775390625,0,0.030517578125,-158.54644775390625,0,-0.0048294489857249254,0,-0.0044,0,0,-24
2829.625,0,158.54263305664063,0,-0.030517578125,-158.54263305664063,0,-0.0048290140420726331,0,-0.0048,0,0,-24
2829.75,0,158.538818359375,0,-0.030517578125,-158.538818359375,0,-0.0048285850452053809,0,-0.0044,0,0,-24
2829.875,0,158.538818359375,0,0,-158.538818359375,0,-0.0048285924446156347,0,-0.0044,0,0,-24
2830,0,158.538818359375,0,0,-158.538818359375,0,-0.0048285997059784713,0,-0.004,0,0,-24
2830.125,0,158.54644775390625,0,0.06103515625,-158.54644775390625,0,-0.0048294679527472123,0,-0.0038,0,0,-24
2830.25,0,158.538818359375,0,-0.06103515625,-158.538818359375,0,-0.0048286020947969337,0,-0.0044,0,0,-24
2830.375,0,158.54263305664063,0,0.030517578125,-158.54263305664063,0,-0.0048290397365596633,0,-0.0054,0,0,-24
2830.5,0,158.54263305664063,0,0,-158.54263305664063,0,-0.0048290408207610222,0,-0.003,0,0,-24
2830.625,0,158.54263305664063,0,0,-158.54263305664063,0,-0.0048290418847349312,0,-0.0044,0,0,-24
2830.75,0,158.538818359375,0,-0.030517578125,-158.538818359375,0,-0.0048286123684198488,0,-0.0048,0,0,-24
2830.875,0,158.54263305664063,0,0.030517578125,-158.54263305664063,0,-0.0048290498185122894,0,-0.005,0,0,-24
2831,0,158.54644775390625,0,0.030517578125,-158.54644775390625,0,-0.00482948127505818,0,-0.0046,0,0,-24
2831.125,0,158.538818359375,0,-0.06103515625,-158.538818359375,0,-0.004828615168559632,0,-0.0048,0,0,-24
2831.25,0,158.538818359375,0,0,-158.538818359375,0,-0.0048286220059722273,0,-0.0042,0,0,-24
2831.375,0,158.538818359375,0,0,-158.538818359375,0,-0.0048286287158223395,0,-0.0062,0,0,-24
2831.5,0,158.54263305664063,0,0.030517578125,-158.54263305664063,0,-0.00482906586092876,0,-0.0048,0,0,-24
2831.625,0,158.54263305664063,0,0,-158.54263305664063,0,-0.0048290664577396994,0,-0.005,0,0,-24
2831.75,0,158.54644775390625,0,0.030517578125,-158.54644775390625,0,-0.0048294976038551259,0,-0.0048,0,0,-24
2831.875,0,158.54644775390625,0,0,-158.54644775390625,0,-0.0048294923135955067,0,-0.005,0,0,-24
2832,0,158.54263305664063,0,-0.030517578125,-158.54263305664063,0,-0.0048290565615949268,0,-0.0038,0,0,-24
2832.125,0,158.54263305664063,0,0,-158.54263305664063,0,-0.0048290573318992887,0,-0.0038,0,0,-24
2832.25,0,158.538818359375,0,-0.030517578125,-158.538818359375,0,-0.004828627527393518,0,-0.005,0,0,-24
2832.375,0,158.5540771484375,0,0.1220703125,-158.5540771484375,0,-0.0048303563759886587,0,-0.0058,0,0,-24
2832.5,0,158.538818359375,0,-0.1220703125,-158.538818359375,0,-0.00482861715777396,0,-0.0052,0,0,-24
2832.625,0,158.538818359375,0,0,-158.538818359375,0,-0.0048286239580746923,0,-0.0036,0,0,-24
2832.75,0,158.54263305664063,0,0.030517578125,-158.54263305664063,0,-0.0048290611919442365,0,-0.0052,0,0,-24
2832.875,0,158.538818359375,0,-0.030517578125,-158.538818359375,0,-0.0048286313154233705,0,-0.0048,0,0,-24
2833,0,158.538818359375,0,0,-158.538818359375,0,-0.0048286378515913055,0,-0.0042,0,0,-24
2833.125,0,158.54263305664063,0,0.030517578125,-158.54263305664063,0,-0.004829074826255858,0,-0.0048,0,0,-24
2833.25,0,158.54263305664063,0,0,-158.54263305664063,0,-0.0048290752558047857,0,-0.0044,0,0,-24
2833.375,0,158.54263305664063,0,0,-158.54263305664063,0,-0.0048290756773398148,0,-0.0046,0,0,-24
2833.5,0,158.54644775390625,0,0.030517578125,-158.54644775390625,0,-0.0048295066514493744,0,-0.005,0,0,-24
2833.625,0,158.54644775390625,0,0,-158.54644775390625,0,-0.0048295011923929218,0,-0.0044,0,0,-24
2833.75,0,158.54644775390625,0,0,-158.54644775390625,0,-0.004829495835183592,0,-0.0058,0,0,-24
2833.875,0,158.54644775390625,0,0,-158.54644775390625,0,-0.0048294905779212695,0,-0.0056,0,0,-24
2834,0,158.538818359375,0,-0.06103515625,-158.538818359375,0,-0.0048286242978634545,0,-0.0056,0,0,-24
2834.125,0,158.54644775390625,0,0.06103515625,-158.54644775390625,0,-0.0048294920858326321,0,-0.0048,0,0,-24
2834.25,0,158.54644775390625,0,0,-158.54644775390625,0,-0.0048294868985202374,0,-0.0054,0,0,-24
2834.375,0,158.54263305664063,0,-0.030517578125,-158.54263305664063,0,-0.0048290512475462431,0,-0.005,0,0,-24
2834.5,0,158.54644775390625,0,0.030517578125,-158.54644775390625,0,-0.0048294826774313007,0,-0.0042,0,0,-24
2834.625,0,158.54644775390625,0,0,-158.54644775390625,0,-0.0048294776656471515,0,-0.0046,0,0,-24
2834.75,0,158.54263305664063,0,-0.030517578125,-158.54263305664063,0,-0.0048290421869266525,0,-0.0058,0,0,-24
2834.875,0,158.54263305664063,0,0,-158.54263305664063,0,-0.0048290432254126337,0,-0.0046,0,0,-24
2835,0,158.54644775390625,0,0.030517578125,-158.54644775390625,0,-0.0048294748049629733,0,-0.0044,0,0,-24
2835.125,0,158.53500366210938,0,-0.091552734375,-158.53500366210938,0,-0.0048281782587351191,0,-0.0042,0,0,-24
2835.25,0,158.54263305664063,0,0.06103515625,-158.54263305664063,0,-0.0048290522004925647,0,-0.0042,0,0,-24
2835.375,0,158.54644775390625,0,0.030517578125,-158.54644775390625,0,-0.0048294836125989385,0,-0.0046,0,0,-24
2835.5,0,158.54263305664063,0,-0.030517578125,-158.54263305664063,0,-0.0048290480229288765,0,-0.0052,0,0,-24
2835.625,0,158.54644775390625,0,0.030517578125,-158.54644775390625,0,-0.0048294795129741469,0,-0.005,0,0,-24
2835.75,0,158.53500366210938,0,-0.091552734375,-158.53500366210938,0,-0.0048281828789110788,0,-0.005,0,0,-24
2835.875,0,158.54263305664063,0,0.06103515625,-158.54263305664063,0,-0.0048290567344720118,0,-0.0046,0,0,-24
2836,0,158.538818359375,0,-0.030517578125,-158.538818359375,0,-0.004828626941112169,0,-0.005,0,0,-24
2836.125,0,158.54263305664063,0,0.030517578125,-158.54263305664063,0,-0.0048290641193285463,0,-0.0054,0,0,-24
2836.25,0,158.54644775390625,0,0.030517578125,-158.54644775390625,0,-0.004829495309070642,0,-0.0042,0,0,-24
2836.375,0,158.54263305664063,0,-0.030517578125,-158.54263305664063,0,-0.0048290595011848516,0,-0.005,0,0,-24
2836.5,0,158.538818359375,0,-0.030517578125,-158.538818359375,0,-0.0048286296562077106,0,-0.0044,0,0,-24
2836.625,0,158.538818359375,0,0,-158.538818359375,0,-0.0048286362233308736,0,-0.0034,0,0,-24
2836.75,0,158.538818359375,0,0,-158.538818359375,0,-0.00482864266793422,0,-0.0048,0,0,-24
2836.875,0,158.54263305664063,0,0.030517578125,-158.54263305664063,0,-0.0048290795527424629,0,-0.005,0,0,-24
2837,0,158.54644775390625,0,0.030517578125,-158.54644775390625,0,-0.0048295104545504055,0,-0.0052,0,0,-24
2837.125,0,158.54263305664063,0,-0.030517578125,-158.54263305664063,0,-0.0048290743641023178,0,-0.0046,0,0,-24
2837.25,0,158.54263305664063,0,0,-158.54263305664063,0,-0.0048290748022734326,0,-0.006,0,0,-24
2837.375,0,158.55026245117188,0,0.06103515625,-158.55026245117188,0,-0.0048299363531476187,0,-0.0042,0,0,-24
2837.5,0,158.54644775390625,0,-0.030517578125,-158.54644775390625,0,-0.004829494484663955,0,-0.0048,0,0,-24
2837.625,0,158.54263305664063,0,-0.030517578125,-158.54263305664063,0,-0.0048290586921587433,0,-0.0044,0,0,-24
2837.75,0,158.538818359375,0,-0.030517578125,-158.538818359375,0,-0.0048286288622752327,0,-0.0054,0,0,-24
2837.875,0,158.54263305664063,0,0.030517578125,-158.54263305664063,0,-0.0048290660046493485,0,-0.0042,0,0,-24
2838,0,158.54263305664063,0,0,-158.54263305664063,0,-0.0048290665987789586,0,-0.005,0,0,-24
2838.125,0,158.538818359375,0,-0.030517578125,-158.538818359375,0,-0.0048286366213852469,0,-0.0056,0,0,-24
2838.25,0,158.54263305664063,0,0.030517578125,-158.54263305664063,0,-0.004829073619001192,0,-0.0046,0,0,-24
2838.375,0,158.54644775390625,0,0.030517578125,-158.54644775390625,0,-0.004829504631512235,0,-0.005,0,0,-24
2838.5,0,158.54263305664063,0,-0.030517578125,-158.54263305664063,0,-0.00482906864970191,0,-0.0048,0,0,-24
2838.625,0,158.54263305664063,0,0,-158.54263305664063,0,-0.0048290691944839828,0,-0.0056,0,0,-24
2838.75,0,158.54263305664063,0,0,-158.54263305664063,0,-0.0048290697291023055,0,-0.004,0,0,-24
2838.875,0,158.538818359375,0,-0.030517578125,-158.538818359375,0,-0.0048286396933075815,0,-0.0046,0,0,-24
2839,0,158.54263305664063,0,0.030517578125,-158.54263305664063,0,-0.004829076633612075,0,-0.0048,0,0,-24
2839.125,0,158.538818359375,0,-0.030517578125,-158.538818359375,0,-0.0048286464690030662,0,-0.0042,0,0,-24
2839.25,0,158.54644775390625,0,0.06103515625,-158.54644775390625,0,-0.0048295138433354212,0,-0.0046,0,0,-24
2839.375,0,158.54263305664063,0,-0.030517578125,-158.54263305664063,0,-0.00482907768966432,0,-0.005,0,0,-24
2839.5,0,158.54263305664063,0,0,-158.54263305664063,0,-0.0048290780657919436,0,-0.0048,0,0,-24
2839.625,0,158.54263305664063,0,0,-158.54263305664063,0,-0.0048290784349023265,0,-0.0044,0,0,-24
2839.75,0,158.54644775390625,0,0.030517578125,-158.54644775390625,0,-0.0048295093575653021,0,-0.0038,0,0,-24
2839.875,0,158.538818359375,0,-0.06103515625,-158.538818359375,0,-0.0048286427271442478,0,-0.005,0,0,-24
2840,0,158.54263305664063,0,0.030517578125,-158.54263305664063,0,-0.0048290796108478359,0,-0.0036,0,0,-24
2840.125,0,158.54263305664063,0,0,-158.54263305664063,0,-0.0048290799511328166,0,-0.005,0,0,-24
2840.25,0,158.54644775390625,0,0.030517578125,-158.54644775390625,0,-0.0048295108455081726,0,-0.0054,0,0,-24
2840.375,0,158.54263305664063,0,-0.030517578125,-158.54263305664063,0,-0.004829074747766165,0,-0.0046,0,0,-24
2840.5,0,158.54644775390625,0,0.030517578125,-158.54644775390625,0,-0.0048295057392183554,0,-0.0042,0,0,-24
2840.625,0,158.54644775390625,0,0,-158.54644775390625,0,-0.0048295002971809808,0,-0.005,0,0,-24
2840.75,0,158.538818359375,0,-0.06103515625,-158.538818359375,0,-0.0048286338357953779,0,-0.0046,0,0,-24
2840.875,0,158.55026245117188,0,0.091552734375,-158.55026245117188,0,-0.00482993200625863,0,-0.0048,0,0,-24
2841,0,158.54263305664063,0,-0.06103515625,-158.54263305664063,0,-0.0048290596584339715,0,-0.004,0,0,-24
2841.125,0,158.54263305664063,0,0,-158.54263305664063,0,-0.0048290603709620229,0,-0.0044,0,0,-24
2841.25,0,158.54263305664063,0,0,-158.54263305664063,0,-0.0048290610701967633,0,-0.0042,0,0,-24
2841.375,0,158.538818359375,0,-0.030517578125,-158.538818359375,0,-0.0048286311959472843,0,-0.0056,0,0,-24
2841.5,0,158.54263305664063,0,0.030517578125,-158.54263305664063,0,-0.0048290682947831464,0,-0.005,0,0,-24
2841.625,0,158.54644775390625,0,0.030517578125,-158.54644775390625,0,-0.0048294994066256933,0,-0.003,0,0,-24
2841.75,0,158.538818359375,0,-0.06103515625,-158.538818359375,0,-0.0048286329618547731,0,-0.004,0,0,-24
2841.875,0,158.538818359375,0,0,-158.538818359375,0,-0.0048286394673059891,0,-0.005,0,0,-24
2842,0,158.53500366210938,0,-0.030517578125,-158.53500366210938,0,-0.0048282152909490577,0,-0.0054,0,0,-24
2842.125,0,158.54644775390625,0,0.091552734375,-158.54644775390625,0,-0.0048295191022523221,0,-0.005,0,0,-24
2842.25,0,158.538818359375,0,-0.06103515625,-158.538818359375,0,-0.0048286522900290937,0,-0.0044,0,0,-24
2842.375,0,158.54263305664063,0,0.030517578125,-158.54263305664063,0,-0.0048290889953223086,0,-0.0044,0,0,-24
2842.5,0,158.538818359375,0,-0.030517578125,-158.538818359375,0,-0.00482865860008652,0,-0.0046,0,0,-24
2842.625,0,158.538818359375,0,0,-158.538818359375,0,-0.00482866462721696,0,-0.0052,0,0,-24
2842.75,0,158.54263305664063,0,0.030517578125,-158.54263305664063,0,-0.0048291011023408967,0,-0.0054,0,0,-24
2842.875,0,158.54263305664063,0,0,-158.54263305664063,0,-0.0048291010416689093,0,-0.0046,0,0,-24
2843,0,158.54263305664063,0,0,-158.54263305664063,0,-0.0048291009821288516,0,-0.0042,0,0,-24
2843.125,0,158.54263305664063,0,0,-158.54263305664063,0,-0.0048291009236996058,0,-0.0056,0,0,-24
2843.25,0,158.54263305664063,0,0,-158.54263305664063,0,-0.004829100866360448,0,-0.0042,0,0,-24
2843.375,0,158.53500366210938,0,-0.06103515625,-158.53500366210938,0,-0.0048282396892132071,0,-0.0046,0,0,-24
2843.5,0,158.54644775390625,0,0.091552734375,-158.54644775390625,0,-0.0048295430453292043,0,-0.0036,0,0,-24
2843.625,0,158.538818359375,0,-0.06103515625,-158.538818359375,0,-0.0048286757864109287,0,-0.005,0,0,-24
2843.75,0,158.538818359375,0,0,-158.538818359375,0,-0.0048286814929039646,0,-0.0046,0,0,-24
2843.875,0,158.54263305664063,0,0.030517578125,-158.54263305664063,0,-0.0048291176533724837,0,-0.005,0,0,-24
2844,0,158.54263305664063,0,0,-158.54263305664063,0,-0.0048291172839154614,0,-0.005,0,0,-24
2844.125,0,158.54263305664063,0,0,-158.54263305664063,0,-0.00482911692135123,0,-0.0028,0,0,-24
2844.25,0,158.54263305664063,0,0,-158.54263305664063,0,-0.004829116565551194,0,-0.005,0,0,-24
2844.375,0,158.54263305664063,0,0,-158.54263305664063,0,-0.0048291162163891571,0,-0.0038,0,0,-24
2844.5,0,158.54644775390625,0,0.030517578125,-158.54644775390625,0,-0.0048295464341801932,0,-0.0048,0,0,-24
2844.625,0,158.54263305664063,0,-0.030517578125,-158.54263305664063,0,-0.00482910967247659,0,-0.0052,0,0,-24
2844.75,0,158.54263305664063,0,0,-158.54263305664063,0,-0.0048291094519154962,0,-0.0044,0,0,-24
2844.875,0,158.54644775390625,0,0.030517578125,-158.54644775390625,0,-0.0048295397959082272,0,-0.0048,0,0,-24
2845,0,158.54263305664063,0,-0.030517578125,-158.54263305664063,0,-0.0048291031580518316,0,-0.0034,0,0,-24
2845.125,0,158.54263305664063,0,0,-158.54263305664063,0,-0.0048291030590273849,0,-0.0054,0,0,-24
2845.25,0,158.54263305664063,0,0,-158.54263305664063,0,-0.0048291029618503919,0,-0.0054,0,0,-24
2845.375,0,158.54263305664063,0,0,-158.54263305664063,0,-0.0048291028664863853,0,-0.0046,0,0,-24
2845.5,0,158.538818359375,0,-0.030517578125,-158.538818359375,0,-0.0048286722124626247,0,-0.0044,0,0,-24
2845.625,0,158.54263305664063,0,0.030517578125,-158.54263305664063,0,-0.0048291085460720985,0,-0.0046,0,0,-24
2845.75,0,158.53500366210938,0,-0.06103515625,-158.53500366210938,0,-0.0048282472256479855,0,-0.0052,0,0,-24
2845.875,0,158.538818359375,0,0.030517578125,-158.538818359375,0,-0.0048286893202823282,0,-0.0044,0,0,-24
2846,0,158.538818359375,0,0,-158.538818359375,0,-0.0048286947742801085,0,-0.004,0,0,-24
2846.125,0,158.53500366210938,0,-0.030517578125,-158.53500366210938,0,-0.004828269566086227,0,-0.0048,0,0,-24
2846.25,0,158.53500366210938,0,0,-158.53500366210938,0,-0.004828280683486303,0,-0.0046,0,0,-24
2846.375,0,158.538818359375,0,0.030517578125,-158.538818359375,0,-0.0048287221539130417,0,-0.0042,0,0,-24
2846.5,0,158.53500366210938,0,-0.030517578125,-158.53500366210938,0,-0.0048282964349098574,0,-0.0044,0,0,-24
2846.625,0,158.54263305664063,0,0.06103515625,-158.54263305664063,0,-0.004829168171908399,0,-0.0046,0,0,-24
2846.75,0,158.54644775390625,0,0.030517578125,-158.54644775390625,0,-0.0048295974203890479,0,-0.0046,0,0,-24
2846.875,0,158.538818359375,0,-0.06103515625,-158.538818359375,0,-0.0048287291470201221,0,-0.0048,0,0,-24
2847,0,158.54263305664063,0,0.030517578125,-158.54263305664063,0,-0.0048291644184275673,0,-0.0036,0,0,-24
2847.125,0,158.54263305664063,0,0,-158.54263305664063,0,-0.0048291631764962768,0,-0.005,0,0,-24
2847.25,0,158.538818359375,0,-0.030517578125,-158.538818359375,0,-0.0048287313972962143,0,-0.0042,0,0,-24
2847.375,0,158.538818359375,0,0,-158.538818359375,0,-0.0048287360662823695,0,-0.005,0,0,-24
2847.5,0,158.54263305664063,0,0.030517578125,-158.54263305664063,0,-0.0048291712086002995,0,-0.0044,0,0,-24
2847.625,0,158.54263305664063,0,0,-158.54263305664063,0,-0.0048291698399878583,0,-0.005,0,0,-24
2847.75,0,158.54263305664063,0,0,-158.54263305664063,0,-0.004829168496908994,0,-0.005,0,0,-24
2847.875,0,158.538818359375,0,-0.030517578125,-158.538818359375,0,-0.004828736618448422,0,-0.0042,0,0,-24
2848,0,158.54263305664063,0,0.030517578125,-158.54263305664063,0,-0.0048291717504648423,0,-0.0052,0,0,-24
2848.125,0,158.54644775390625,0,0.030517578125,-158.54644775390625,0,-0.004829600932181999,0,-0.005,0,0,-24
2848.25,0,158.54263305664063,0,-0.030517578125,-158.54263305664063,0,-0.0048291631537340732,0,-0.004,0,0,-24
2848.375,0,158.54263305664063,0,0,-158.54263305664063,0,-0.0048291619353975912,0,-0.0048,0,0,-24
2848.5,0,158.54263305664063,0,0,-158.54263305664063,0,-0.0048291607397910564,0,-0.005,0,0,-24
2848.625,0,158.54644775390625,0,0.030517578125,-158.54644775390625,0,-0.0048295901269293237,0,-0.0046,0,0,-24
2848.75,0,158.54644775390625,0,0,-158.54644775390625,0,-0.0048295831105089771,0,-0.0048,0,0,-24
2848.875,0,158.538818359375,0,-0.06103515625,-158.538818359375,0,-0.0048287151041129465,0,-0.0048,0,0,-24
2849,0,158.538818359375,0,0,-158.538818359375,0,-0.0048287200770735783,0,-0.004,0,0,-24
2849.125,0,158.54263305664063,0,0.030517578125,-158.54263305664063,0,-0.0048291555176948721,0,-0.0048,0,0,-24
2849.25,0,158.54263305664063,0,0,-158.54263305664063,0,-0.0048291544418204851,0,-0.0054,0,0,-24
2849.375,0,158.54644775390625,0,0.030517578125,-158.54644775390625,0,-0.0048295839464571116,0,-0.0044,0,0,-24
2849.5,0,158.54644775390625,0,0,-158.54644775390625,0,-0.0048295770453430122,0,-0.0048,0,0,-24
2849.625,0,158.54644775390625,0,0,-158.54644775390625,0,-0.0048295702729798454,0,-0.0056,0,0,-24
2849.75,0,158.54263305664063,0,-0.030517578125,-158.54263305664063,0,-0.0048291330665266472,0,-0.0042,0,0,-24
2849.875,0,158.54263305664063,0,0,-158.54263305664063,0,-0.0048291324095134491,0,-0.0054,0,0,-24
2850,0,158.54263305664063,0,0,-158.54263305664063,0,-0.004829131764757846,0,-0.005,0,0,-24
2850.125,0,158.54644775390625,0,0.030517578125,-158.54644775390625,0,-0.0048295616924700704,0,-0.005,0,0,-24
2850.25,0,158.538818359375,0,-0.06103515625,-158.538818359375,0,-0.0048286940856606068,0,-0.0046,0,0,-24
2850.375,0,158.538818359375,0,0,-158.538818359375,0,-0.0048286994507529017,0,-0.005,0,0,-24
2850.5,0,158.538818359375,0,0,-158.538818359375,0,-0.00482870471575112,0,-0.0044,0,0,-24
2850.625,0,158.54263305664063,0,0.030517578125,-158.54263305664063,0,-0.0048291404429615893,0,-0.0046,0,0,-24
2850.75,0,158.538818359375,0,-0.030517578125,-158.538818359375,0,-0.0048287090878906978,0,-0.004,0,0,-24
2850.875,0,158.538818359375,0,0,-158.538818359375,0,-0.00482871417309324,0,-0.006,0,0,-24
2851,0,158.54644775390625,0,0.06103515625,-158.54644775390625,0,-0.0048295802843013142,0,-0.0046,0,0,-24
2851.125,0,158.54263305664063,0,-0.030517578125,-158.54263305664063,0,-0.0048291428910714656,0,-0.004,0,0,-24
2851.25,0,158.54644775390625,0,0.030517578125,-158.54644775390625,0,-0.00482957261120514,0,-0.005,0,0,-24
2851.375,0,158.5540771484375,0,0.06103515625,-158.5540771484375,0,-0.0048304270424454881,0,-0.0046,0,0,-24
2851.5,0,158.55026245117188,0,-0.030517578125,-158.55026245117188,0,-0.0048299781871557349,0,-0.0048,0,0,-24
2851.625,0,158.54263305664063,0,-0.06103515625,-158.54263305664063,0,-0.0048291049777551762,0,-0.005,0,0,-24
2851.75,0,158.538818359375,0,-0.030517578125,-158.538818359375,0,-0.0048286742843424383,0,-0.0044,0,0,-24
2851.875,0,158.538818359375,0,0,-158.538818359375,0,-0.00482868001885888,0,-0.0054,0,0,-24
2852,0,158.54263305664063,0,0.030517578125,-158.54263305664063,0,-0.0048291162068279849,0,-0.0042,0,0,-24
2852.125,0,158.538818359375,0,-0.030517578125,-158.538818359375,0,-0.0048286853039195658,0,-0.0054,0,0,-24
2852.25,0,158.54263305664063,0,0.030517578125,-158.54263305664063,0,-0.0048291213932877084,0,-0.004,0,0,-24
2852.375,0,158.54644775390625,0,0.030517578125,-158.54644775390625,0,-0.004829551514495713,0,-0.0038,0,0,-24
2852.5,0,158.54263305664063,0,-0.030517578125,-158.54263305664063,0,-0.004829114658010984,0,-0.0048,0,0,-24
2852.625,0,158.54263305664063,0,0,-158.54263305664063,0,-0.0048291143444370533,0,-0.0046,0,0,-24
2852.75,0,158.538818359375,0,-0.030517578125,-158.538818359375,0,-0.0048286834762744108,0,-0.0046,0,0,-24
2852.875,0,158.54263305664063,0,0.030517578125,-158.54263305664063,0,-0.0048291195997400942,0,-0.0036,0,0,-24
2853,0,158.538818359375,0,-0.030517578125,-158.538818359375,0,-0.004828688633531664,0,-0.0042,0,0,-24
2853.125,0,158.54263305664063,0,0.030517578125,-158.54263305664063,0,-0.0048291246607807545,0,-0.006,0,0,-24
2853.25,0,158.54644775390625,0,0.030517578125,-158.54644775390625,0,-0.0048295547210286342,0,-0.0046,0,0,-24
2853.375,0,158.538818359375,0,-0.06103515625,-158.538818359375,0,-0.0048286872442821691,0,-0.005,0,0,-24
2853.5,0,158.54263305664063,0,0.030517578125,-158.54263305664063,0,-0.0048291232974498523,0,-0.0046,0,0,-24
2853.625,0,158.54644775390625,0,0.030517578125,-158.54644775390625,0,-0.0048295533831327741,0,-0.0034,0,0,-24
2853.75,0,158.53500366210938,0,-0.091552734375,-158.53500366210938,0,-0.0048282553709079034,0,-0.0046,0,0,-24
2853.875,0,158.54263305664063,0,0.06103515625,-158.54263305664063,0,-0.00482912787401877,0,-0.0036,0,0,-24
2854,0,158.538818359375,0,-0.030517578125,-158.538818359375,0,-0.0048286967534409021,0,-0.0042,0,0,-24
2854.125,0,158.538818359375,0,0,-158.538818359375,0,-0.0048287020687616386,0,-0.0048,0,0,-24
2854.25,0,158.54263305664063,0,0.030517578125,-158.54263305664063,0,-0.0048291378453557817,0,-0.0046,0,0,-24
2854.375,0,158.538818359375,0,-0.030517578125,-158.538818359375,0,-0.0048287065387472355,0,-0.0046,0,0,-24
2854.5,0,158.54263305664063,0,0.030517578125,-158.54263305664063,0,-0.004829142231946899,0,-0.004,0,0,-24
2854.625,0,158.55026245117188,0,0.06103515625,-158.55026245117188,0,-0.0048300025248164723,0,-0.0046,0,0,-24
2854.75,0,158.54263305664063,0,-0.06103515625,-158.54263305664063,0,-0.0048291288613592958,0,-0.0052,0,0,-24
2854.875,0,158.54263305664063,0,0,-158.54263305664063,0,-0.0048291282827999842,0,-0.0046,0,0,-24
2855,0,158.54644775390625,0,0.030517578125,-158.54644775390625,0,-0.0048295582754735063,0,-0.0042,0,0,-24
2855.125,0,158.54644775390625,0,0,-158.54644775390625,0,-0.00482955185329122,0,-0.005,0,0,-24
2855.25,0,158.54263305664063,0,-0.030517578125,-158.54263305664063,0,-0.0048291149904857384,0,-0.0044,0,0,-24
2855.375,0,158.54644775390625,0,0.030517578125,-158.54644775390625,0,-0.0048295452311478944,0,-0.0042,0,0,-24
2855.5,0,158.538818359375,0,-0.06103515625,-158.538818359375,0,-0.0048286779314497983,0,-0.0048,0,0,-24
2855.625,0,158.538818359375,0,0,-158.538818359375,0,-0.0048286835979238244,0,-0.005,0,0,-24
2855.75,0,158.54263305664063,0,0.030517578125,-158.54263305664063,0,-0.00482911971911995,0,-0.0044,0,0,-24
2855.875,0,158.538818359375,0,-0.030517578125,-158.538818359375,0,-0.004828688750684304,0,-0.0042,0,0,-24
2856,0,158.54644775390625,0,0.06103515625,-158.54644775390625,0,-0.0048295553361866481,0,-0.005,0,0,-24
2856.125,0,158.54263305664063,0,-0.030517578125,-158.54263305664063,0,-0.0048291184084023773,0,-0.0042,0,0,-24
2856.25,0,158.54644775390625,0,0.030517578125,-158.54644775390625,0,-0.0048295485852980239,0,-0.004,0,0,-24
2856.375,0,158.538818359375,0,-0.06103515625,-158.538818359375,0,-0.0048286812230230814,0,-0.0038,0,0,-24
2856.5,0,158.538818359375,0,0,-158.538818359375,0,-0.0048286868280877282,0,-0.0056,0,0,-24
2856.625,0,158.54263305664063,0,0.030517578125,-158.54263305664063,0,-0.0048291228890201612,0,-0.0048,0,0,-24
2856.75,0,158.54644775390625,0,0.030517578125,-158.54644775390625,0,-0.0048295529823229686,0,-0.0044,0,0,-24
2856.875,0,158.54644775390625,0,0,-158.54644775390625,0,-0.0048295466588925738,0,-0.0046,0,0,-24
2857,0,158.54644775390625,0,0,-158.54644775390625,0,-0.0048295404534355307,0,-0.005,0,0,-24
2857.125,0,158.54263305664063,0,-0.030517578125,-158.54263305664063,0,-0.0048291038033119486,0,-0.0044,0,0,-24
2857.25,0,158.54263305664063,0,0,-158.54263305664063,0,-0.0048291036922491785,0,-0.0054,0,0,-24
2857.375,0,158.538818359375,0,-0.030517578125,-158.538818359375,0,-0.0048286730228195391,0,-0.0038,0,0,-24
2857.5,0,158.538818359375,0,0,-158.538818359375,0,-0.0048286787808716376,0,-0.005,0,0,-24
2857.625,0,158.54263305664063,0,0.030517578125,-158.54263305664063,0,-0.0048291149919373055,0,-0.0046,0,0,-24
2857.75,0,158.54263305664063,0,0,-158.54263305664063,0,-0.0048291146721334633,0,-0.0036,0,0,-24
2857.875,0,158.54263305664063,0,0,-158.54263305664063,0,-0.0048291143582960558,0,-0.0038,0,0,-24
2858,0,158.538818359375,0,-0.030517578125,-158.538818359375,0,-0.0048286834898748528,0,-0.005,0,0,-24
2858.125,0,158.538818359375,0,0,-158.538818359375,0,-0.0048286890526478823,0,-0.0056,0,0,-24
2858.25,0,158.54263305664063,0,0.030517578125,-158.54263305664063,0,-0.0048291250720777128,0,-0.004,0,0,-24
2858.375,0,158.54263305664063,0,0,-158.54263305664063,0,-0.0048291245642132965,0,-0.0046,0,0,-24
2858.5,0,158.538818359375,0,-0.030517578125,-158.538818359375,0,-0.0048286935053849581,0,-0.0046,0,0,-24
2858.625,0,158.54263305664063,0,0.030517578125,-158.54263305664063,0,-0.004829129441742107,0,-0.0042,0,0,-24
2858.75,0,158.55026245117188,0,0.06103515625,-158.55026245117188,0,-0.0048299899732326878,0,-0.0044,0,0,-24
2858.875,0,158.53500366210938,0,-0.1220703125,-158.53500366210938,0,-0.0048282554230668429,0,-0.0048,0,0,-24
2859,0,158.54263305664063,0,0.06103515625,-158.54263305664063,0,-0.0048291279252046038,0,-0.0046,0,0,-24
2859.125,0,158.54644775390625,0,0.030517578125,-158.54644775390625,0,-0.0048295579245496191,0,-0.004,0,0,-24
2859.25,0,158.54263305664063,0,-0.030517578125,-158.54263305664063,0,-0.0048291209484754424,0,-0.0044,0,0,-24
2859.375,0,158.54263305664063,0,0,-158.54263305664063,0,-0.00482912051754319,0,-0.0044,0,0,-24
2859.5,0,158.538818359375,0,-0.030517578125,-158.538818359375,0,-0.0048286895342117267,0,-0.005,0,0,-24
2859.625,0,158.538818359375,0,0,-158.538818359375,0,-0.0048286949842183237,0,-0.0054,0,0,-24
2859.75,0,158.53500366210938,0,-0.030517578125,-158.53500366210938,0,-0.0048282697721077211,0,-0.0048,0,0,-24
2859.875,0,158.53500366210938,0,0,-158.53500366210938,0,-0.0048282808856641478,0,-0.0044,0,0,-24
2860,0,158.538818359375,0,0.030517578125,-158.538818359375,0,-0.0048287223523189463,0,-0.0042,0,0,-24
2860.125,0,158.55026245117188,0,0.091552734375,-158.55026245117188,0,-0.0048300188713698566,0,-0.0048,0,0,-24
2860.25,0,158.54263305664063,0,-0.06103515625,-158.54263305664063,0,-0.0048291449029425016,0,-0.0048,0,0,-24
2860.375,0,158.54644775390625,0,0.030517578125,-158.54644775390625,0,-0.0048295745855416175,0,-0.0036,0,0,-24
2860.5,0,158.54644775390625,0,0,-158.54644775390625,0,-0.0048295678590698421,0,-0.0056,0,0,-24
2860.625,0,158.55026245117188,0,0.030517578125,-158.55026245117188,0,-0.0048299918185296907,0,-0.004,0,0,-24
2860.75,0,158.54644775390625,0,-0.030517578125,-158.54644775390625,0,-0.0048295489152537325,0,-0.0054,0,0,-24
2860.875,0,158.5540771484375,0,0.06103515625,-158.5540771484375,0,-0.00483040378857862,0,-0.0052,0,0,-24
2861,0,158.54644775390625,0,-0.06103515625,-158.54644775390625,0,-0.0048295248066867243,0,-0.0036,0,0,-24
2861.125,0,158.538818359375,0,-0.06103515625,-158.538818359375,0,-0.0048286578880384692,0,-0.0048,0,0,-24
2861.25,0,158.54263305664063,0,0.030517578125,-158.54263305664063,0,-0.00482909448889218,0,-0.0052,0,0,-24
2861.375,0,158.54263305664063,0,0,-158.54263305664063,0,-0.0048290945516042847,0,-0.0048,0,0,-24
2861.5,0,158.54263305664063,0,0,-158.54263305664063,0,-0.0048290946131463982,0,-0.0046,0,0,-24
2861.625,0,158.54263305664063,0,0,-158.54263305664063,0,-0.0048290946735403484,0,-0.0046,0,0,-24
2861.75,0,158.53500366210938,0,-0.06103515625,-158.53500366210938,0,-0.0048282336119297225,0,-0.0046,0,0,-24
2861.875,0,158.538818359375,0,0.030517578125,-158.538818359375,0,-0.0048286759605489877,0,-0.0042,0,0,-24
2862,0,158.538818359375,0,0,-158.538818359375,0,-0.00482868166379321,0,-0.0056,0,0,-24
2862.125,0,158.54263305664063,0,0.030517578125,-158.54263305664063,0,-0.0048291178210735268,0,-0.0048,0,0,-24
2862.25,0,158.538818359375,0,-0.030517578125,-158.538818359375,0,-0.0048286868880488667,0,-0.005,0,0,-24
2862.375,0,158.54644775390625,0,0.06103515625,-158.54644775390625,0,-0.0048295535083015487,0,-0.0054,0,0,-24
2862.5,0,158.538818359375,0,-0.06103515625,-158.538818359375,0,-0.0048286860541803785,0,-0.005,0,0,-24
2862.625,0,158.54263305664063,0,0.030517578125,-158.54263305664063,0,-0.0048291221295512473,0,-0.0054,0,0,-24
2862.75,0,158.538818359375,0,-0.030517578125,-158.538818359375,0,-0.0048286911161452865,0,-0.005,0,0,-24
2862.875,0,158.54263305664063,0,0.030517578125,-158.54263305664063,0,-0.0048291270970773886,0,-0.006,0,0,-24
2863,0,158.54263305664063,0,0,-158.54263305664063,0,-0.0048291265514334783,0,-0.005,0,0,-24
2863.125,0,158.538818359375,0,-0.030517578125,-158.538818359375,0,-0.0048286954555304806,0,-0.0038,0,0,-24
2863.25,0,158.538818359375,0,0,-158.538818359375,0,-0.0048287007950657389,0,-0.0044,0,0,-24
2863.375,0,158.54263305664063,0,0.030517578125,-158.54263305664063,0,-0.0048291365954226438,0,-0.0048,0,0,-24
2863.5,0,158.538818359375,0,-0.030517578125,-158.538818359375,0,-0.0048287053121335291,0,-0.0046,0,0,-24
2863.625,0,158.538818359375,0,0,-158.538818359375,0,-0.0048287104677786474,0,-0.0048,0,0,-24
2863.75,0,158.54263305664063,0,0.030517578125,-158.54263305664063,0,-0.004829146087676167,0,-0.0042,0,0,-24
2863.875,0,158.54263305664063,0,0,-158.54263305664063,0,-0.0048291451877333314,0,-0.004,0,0,-24
2864,0,158.538818359375,0,-0.030517578125,-158.538818359375,0,-0.0048287137441414014,0,-0.005,0,0,-24
2864.125,0,158.54644775390625,0,0.06103515625,-158.54644775390625,0,-0.0048295798633522348,0,-0.0048,0,0,-24
2864.25,0,158.55026245117188,0,0.030517578125,-158.55026245117188,0,-0.0048300035988536709,0,-0.0052,0,0,-24
2864.375,0,158.54263305664063,0,-0.06103515625,-158.54263305664063,0,-0.0048291299153586731,0,-0.0046,0,0,-24
2864.5,0,158.54644775390625,0,0.030517578125,-158.54644775390625,0,-0.0048295598775742934,0,-0.0044,0,0,-24
2864.625,0,158.54644775390625,0,0,-158.54644775390625,0,-0.0048295534255023446,0,-0.0048,0,0,-24
2864.75,0,158.55026245117188,0,0.030517578125,-158.55026245117188,0,-0.0048299776542426679,0,-0.005,0,0,-24
2864.875,0,158.54263305664063,0,-0.06103515625,-158.54263305664063,0,-0.0048291044547844253,0,-0.0056,0,0,-24
2865,0,158.54644775390625,0,0.030517578125,-158.54644775390625,0,-0.0048295348920063472,0,-0.0054,0,0,-24
2865.125,0,158.54263305664063,0,-0.030517578125,-158.54263305664063,0,-0.004829098345639808,0,-0.0044,0,0,-24
2865.25,0,158.55026245117188,0,0.06103515625,-158.55026245117188,0,-0.004829959457276164,0,-0.0048,0,0,-24
2865.375,0,158.54263305664063,0,-0.06103515625,-158.54263305664063,0,-0.0048290865973104119,0,-0.0046,0,0,-24
2865.5,0,158.54263305664063,0,0,-158.54263305664063,0,-0.0048290868072521521,0,-0.0042,0,0,-24
2865.625,0,158.54644775390625,0,0.030517578125,-158.54644775390625,0,-0.0048295175737160219,0,-0.0052,0,0,-24
2865.75,0,158.54263305664063,0,-0.030517578125,-158.54263305664063,0,-0.0048290813504489136,0,-0.0042,0,0,-24
2865.875,0,158.54644775390625,0,0.030517578125,-158.54644775390625,0,-0.0048295122187178687,0,-0.005,0,0,-24
2866,0,158.53500366210938,0,-0.091552734375,-158.53500366210938,0,-0.0048282149744786817,0,-0.005,0,0,-24
2866.125,0,158.54263305664063,0,0.06103515625,-158.54263305664063,0,-0.0048290882312472727,0,-0.004,0,0,-24
2866.25,0,158.54263305664063,0,0,-158.54263305664063,0,-0.004829088410705399,0,-0.0044,0,0,-24
2866.375,0,158.54644775390625,0,0.030517578125,-158.54644775390625,0,-0.0048295191472543736,0,-0.0046,0,0,-24
2866.5,0,158.54263305664063,0,-0.030517578125,-158.54263305664063,0,-0.0048290828946304792,0,-0.005,0,0,-24
2866.625,0,158.54644775390625,0,0.030517578125,-158.54644775390625,0,-0.0048295137340903438,0,-0.0054,0,0,-24
2866.75,0,158.54263305664063,0,-0.030517578125,-158.54263305664063,0,-0.0048290775824573777,0,-0.0038,0,0,-24
2866.875,0,158.53500366210938,0,-0.06103515625,-158.53500366210938,0,-0.0048282168397072792,0,-0.004,0,0,-24
2867,0,158.538818359375,0,0.030517578125,-158.538818359375,0,-0.0048286595012382357,0,-0.0054,0,0,-24
2867.125,0,158.538818359375,0,0,-158.538818359375,0,-0.0048286655115562993,0,-0.0044,0,0,-24
2867.25,0,158.54263305664063,0,0.030517578125,-158.54263305664063,0,-0.0048291019701815208,0,-0.0044,0,0,-24
2867.375,0,158.538818359375,0,-0.030517578125,-158.538818359375,0,-0.0048286713328797113,0,-0.0038,0,0,-24
2867.5,0,158.54644775390625,0,0.06103515625,-158.54644775390625,0,-0.0048295382433380784,0,-0.004,0,0,-24
2867.625,0,158.54263305664063,0,-0.030517578125,-158.54263305664063,0,-0.0048291016344472748,0,-0.0054,0,0,-24
2867.75,0,158.54644775390625,0,0.030517578125,-158.54644775390625,0,-0.0048295321242869385,0,-0.0054,0,0,-24
2867.875,0,158.54263305664063,0,-0.030517578125,-158.54263305664063,0,-0.0048290956295564767,0,-0.0038,0,0,-24
2868,0,158.54263305664063,0,0,-158.54263305664063,0,-0.0048290956709877283,0,-0.0046,0,0,-24
2868.125,0,158.54263305664063,0,0,-158.54263305664063,0,-0.0048290957116460158,0,-0.0046,0,0,-24
2868.25,0,158.54263305664063,0,0,-158.54263305664063,0,-0.0048290957515457608,0,-0.0056,0,0,-24
2868.375,0,158.538818359375,0,-0.030517578125,-158.538818359375,0,-0.0048286652302621975,0,-0.0044,0,0,-24
2868.5,0,158.538818359375,0,0,-158.538818359375,0,-0.004828671133696478,0,-0.0048,0,0,-24
2868.625,0,158.54263305664063,0,0.030517578125,-158.54263305664063,0,-0.0048291074874319993,0,-0.0032,0,0,-24
2868.75,0,158.54263305664063,0,0,-158.54263305664063,0,-0.0048291073076362845,0,-0.0056,0,0,-24
2868.875,0,158.54263305664063,0,0,-158.54263305664063,0,-0.004829107131194936,0,-0.005,0,0,-24
2869,0,158.54644775390625,0,0.030517578125,-158.54644775390625,0,-0.00482953751848429,0,-0.0036,0,0,-24
2869.125,0,158.54263305664063,0,-0.030517578125,-158.54263305664063,0,-0.0048291009231167525,0,-0.0038,0,0,-24
2869.25,0,158.54263305664063,0,0,-158.54263305664063,0,-0.0048291008657884681,0,-0.0044,0,0,-24
2869.375,0,158.54263305664063,0,0,-158.54263305664063,0,-0.0048291008095297317,0,-0.0044,0,0,-24
2869.5,0,158.54644775390625,0,0.030517578125,-158.54644775390625,0,-0.0048295313147595055,0,-0.0046,0,0,-24
2869.625,0,158.54263305664063,0,-0.030517578125,-158.54263305664063,0,-0.0048290948351320268,0,-0.0048,0,0,-24
2869.75,0,158.55026245117188,0,0.06103515625,-158.55026245117188,0,-0.0048299560122623221,0,-0.0046,0,0,-24
2869.875,0,158.54644775390625,0,-0.030517578125,-158.54644775390625,0,-0.0048295137770075361,0,-0.004,0,0,-24
2870,0,158.54644775390625,0,0,-158.54644775390625,0,-0.0048295081850128008,0,-0.0048,0,0,-24
2870.125,0,158.55026245117188,0,0.030517578125,-158.55026245117188,0,-0.0048299332577842694,0,-0.005,0,0,-24
2870.25,0,158.55026245117188,0,0,-158.55026245117188,0,-0.0048299220074882986,0,-0.0038,0,0,-24
2870.375,0,158.54644775390625,0,-0.030517578125,-158.54644775390625,0,-0.0048294804066450472,0,-0.0044,0,0,-24
2870.5,0,158.54263305664063,0,-0.030517578125,-158.54263305664063,0,-0.0048290448767870026,0,-0.0046,0,0,-24
2870.625,0,158.54263305664063,0,0,-158.54263305664063,0,-0.0048290458650894885,0,-0.0052,0,0,-24
2870.75,0,158.538818359375,0,-0.030517578125,-158.538818359375,0,-0.0048286162745147495,0,-0.0042,0,0,-24
2870.875,0,158.538818359375,0,0,-158.538818359375,0,-0.004828623091294045,0,-0.0038,0,0,-24
2871,0,158.54644775390625,0,0.06103515625,-158.54644775390625,0,-0.0048294909017736372,0,-0.0046,0,0,-24
2871.125,0,158.53500366210938,0,-0.091552734375,-158.53500366210938,0,-0.00482819405523494,0,-0.0046,0,0,-24
2871.25,0,158.538818359375,0,0.030517578125,-158.538818359375,0,-0.0048286371418453881,0,-0.005,0,0,-24
2871.375,0,158.55026245117188,0,0.091552734375,-158.55026245117188,0,-0.0048299352506291759,0,-0.006,0,0,-24
2871.5,0,158.54644775390625,0,-0.030517578125,-158.54644775390625,0,-0.0048294934027146947,0,-0.0036,0,0,-24
2871.625,0,158.54263305664063,0,-0.030517578125,-158.54263305664063,0,-0.0048290576303949163,0,-0.0052,0,0,-24
2871.75,0,158.54263305664063,0,0,-158.54263305664063,0,-0.0048290583807591653,0,-0.0046,0,0,-24
2871.875,0,158.54263305664063,0,0,-158.54263305664063,0,-0.0048290591171242115,0,-0.0054,0,0,-24
2872,0,158.54644775390625,0,0.030517578125,-158.54644775390625,0,-0.004829490400190148,0,-0.004,0,0,-24
2872.125,0,158.55026245117188,0,0.030517578125,-158.55026245117188,0,-0.004829915804764928,0,-0.0054,0,0,-24
2872.25,0,158.54644775390625,0,-0.030517578125,-158.54644775390625,0,-0.0048294743196430527,0,-0.005,0,0,-24
2872.375,0,158.54263305664063,0,-0.030517578125,-158.54263305664063,0,-0.0048290389033474237,0,-0.0048,0,0,-24
2872.5,0,158.54263305664063,0,0,-158.54263305664063,0,-0.0048290400030936423,0,-0.0034,0,0,-24
2872.625,0,158.54263305664063,0,0,-158.54263305664063,0,-0.0048290410823223981,0,-0.005,0,0,-24
2872.75,0,158.53500366210938,0,-0.06103515625,-158.53500366210938,0,-0.0048281810205386428,0,-0.0056,0,0,-24
2872.875,0,158.54263305664063,0,0.06103515625,-158.54263305664063,0,-0.004829054910770382,0,-0.0052,0,0,-24
2873,0,158.54263305664063,0,0,-158.54263305664063,0,-0.0048290557118734236,0,-0.0048,0,0,-24
2873.125,0,158.54644775390625,0,0.030517578125,-158.54644775390625,0,-0.0048294870584695681,0,-0.0048,0,0,-24
2873.25,0,158.54263305664063,0,-0.030517578125,-158.54263305664063,0,-0.0048290514045114721,0,-0.0052,0,0,-24
2873.375,0,158.54644775390625,0,0.030517578125,-158.54644775390625,0,-0.0048294828314681014,0,-0.0052,0,0,-24
2873.5,0,158.54263305664063,0,-0.030517578125,-158.54263305664063,0,-0.0048290472563712406,0,-0.0038,0,0,-24
2873.625,0,158.54263305664063,0,0,-158.54263305664063,0,-0.0048290482002789105,0,-0.0046,0,0,-24
2873.75,0,158.54263305664063,0,0,-158.54263305664063,0,-0.0048290491265765255,0,-0.0048,0,0,-24
2873.875,0,158.54263305664063,0,0,-158.54263305664063,0,-0.0048290500355926292,0,-0.0054,0,0,-24
2874,0,158.54644775390625,0,0.030517578125,-158.54644775390625,0,-0.0048294814880885514,0,-0.0036,0,0,-24
2874.125,0,158.54263305664063,0,-0.030517578125,-158.54263305664063,0,-0.00482904593805451,0,-0.0056,0,0,-24
2874.25,0,158.54263305664063,0,0,-158.54263305664063,0,-0.0048290469065574125,0,-0.005,0,0,-24
2874.375,0,158.54263305664063,0,0,-158.54263305664063,0,-0.0048290478569913992,0,-0.0046,0,0,-24
2874.5,0,158.54644775390625,0,0.030517578125,-158.54644775390625,0,-0.0048294793501324892,0,-0.0044,0,0,-24
2874.625,0,158.54644775390625,0,0,-158.54644775390625,0,-0.004829474400424234,0,-0.0042,0,0,-24
2874.75,0,158.54263305664063,0,-0.030517578125,-158.54263305664063,0,-0.0048290389826215075,0,-0.0054,0,0,-24
2874.875,0,158.54263305664063,0,0,-158.54263305664063,0,-0.0048290400808887459,0,-0.0042,0,0,-24
2875,0,158.54263305664063,0,0,-158.54263305664063,0,-0.0048290411586661142,0,-0.0046,0,0,-24
2875.125,0,158.54263305664063,0,0,-158.54263305664063,0,-0.0048290422163358828,0,-0.0044,0,0,-24
2875.25,0,158.54644775390625,0,0.030517578125,-158.54644775390625,0,-0.0048294738147121059,0,-0.004,0,0,-24
2875.375,0,158.54263305664063,0,-0.030517578125,-158.54263305664063,0,-0.0048290384078367426,0,-0.0056,0,0,-24
2875.5,0,158.54644775390625,0,0.030517578125,-158.54644775390625,0,-0.0048294700772663944,0,-0.0042,0,0,-24
2875.625,0,158.54263305664063,0,-0.030517578125,-158.54263305664063,0,-0.0048290347401188484,0,-0.0036,0,0,-24
2875.75,0,158.54263305664063,0,0,-158.54263305664063,0,-0.0048290359175365205,0,-0.0048,0,0,-24
2875.875,0,158.54263305664063,0,0,-158.54263305664063,0,-0.0048290370729876493,0,-0.0048,0,0,-24
2876,0,158.55026245117188,0,0.06103515625,-158.55026245117188,0,-0.0048298993277598838,0,-0.0044,0,0,-24
2876.125,0,158.54644775390625,0,-0.030517578125,-158.54644775390625,0,-0.0048294581500419641,0,-0.0058,0,0,-24
2876.25,0,158.54644775390625,0,0,-158.54644775390625,0,-0.0048294535958541126,0,-0.0034,0,0,-24
2876.375,0,158.538818359375,0,-0.06103515625,-158.538818359375,0,-0.00482858800575383,0,-0.0052,0,0,-24
2876.5,0,158.54263305664063,0,0.030517578125,-158.54263305664063,0,-0.0048290259103694,0,-0.0042,0,0,-24
2876.625,0,158.54263305664063,0,0,-158.54263305664063,0,-0.0048290272525196741,0,-0.0044,0,0,-24
2876.75,0,158.54263305664063,0,0,-158.54263305664063,0,-0.0048290285696300636,0,-0.0048,0,0,-24
2876.875,0,158.54644775390625,0,0.030517578125,-158.54644775390625,0,-0.0048294604226066431,0,-0.0056,0,0,-24
2877,0,158.54263305664063,0,-0.030517578125,-158.54263305664063,0,-0.0048290252655816737,0,-0.0038,0,0,-24
2877.125,0,158.55026245117188,0,0.06103515625,-158.55026245117188,0,-0.0048298877406392875,0,-0.0044,0,0,-24
2877.25,0,158.538818359375,0,-0.091552734375,-158.538818359375,0,-0.00482858565821915,0,-0.0046,0,0,-24
2877.375,0,158.54644775390625,0,0.06103515625,-158.54644775390625,0,-0.0048294541670705193,0,-0.0048,0,0,-24
2877.5,0,158.54644775390625,0,0,-158.54644775390625,0,-0.0048294496871911464,0,-0.0046,0,0,-24
2877.625,0,158.54263305664063,0,-0.030517578125,-158.54263305664063,0,-0.00482901473045192,0,-0.0046,0,0,-24
2877.75,0,158.5540771484375,0,0.091552734375,-158.5540771484375,0,-0.0048303079624975537,0,-0.0044,0,0,-24
2877.875,0,158.54644775390625,0,-0.06103515625,-158.54644775390625,0,-0.0048294307683890746,0,-0.0046,0,0,-24
2878,0,158.54263305664063,0,-0.030517578125,-158.54263305664063,0,-0.0048289961646092953,0,-0.005,0,0,-24
2878.125,0,158.54263305664063,0,0,-158.54263305664063,0,-0.0048289980617126265,0,-0.0048,0,0,-24
2878.25,0,158.54644775390625,0,0.030517578125,-158.54644775390625,0,-0.0048294304838614839,0,-0.0054,0,0,-24
2878.375,0,158.54263305664063,0,-0.030517578125,-158.54263305664063,0,-0.0048289958853900052,0,-0.0042,0,0,-24
2878.5,0,158.54263305664063,0,0,-158.54263305664063,0,-0.0048289977877026035,0,-0.0046,0,0,-24
2878.625,0,158.54263305664063,0,0,-158.54263305664063,0,-0.0048289996545246242,0,-0.005,0,0,-24
2878.75,0,158.54263305664063,0,0,-158.54263305664063,0,-0.0048290014865181993,0,-0.0038,0,0,-24
2878.875,0,158.538818359375,0,-0.030517578125,-158.538818359375,0,-0.0048285727238941908,0,-0.0046,0,0,-24
2879,0,158.54644775390625,0,0.06103515625,-158.54644775390625,0,-0.0048294414740553517,0,-0.0048,0,0,-24
2879.125,0,158.538818359375,0,-0.06103515625,-158.538818359375,0,-0.0048285761101059307,0,-0.0038,0,0,-24
2879.25,0,158.54263305664063,0,0.030517578125,-158.54263305664063,0,-0.00482901423665317,0,-0.0052,0,0,-24
2879.375,0,158.538818359375,0,-0.030517578125,-158.538818359375,0,-0.0048285852361557181,0,-0.0038,0,0,-24
2879.5,0,158.54263305664063,0,0.030517578125,-158.54263305664063,0,-0.0048290231924424153,0,-0.0042,0,0,-24
2879.625,0,158.54644775390625,0,0.030517578125,-158.54644775390625,0,-0.0048294551457387282,0,-0.0044,0,0,-24
2879.75,0,158.54263305664063,0,-0.030517578125,-158.54263305664063,0,-0.004829020087161873,0,-0.0044,0,0,-24
2879.875,0,158.538818359375,0,-0.030517578125,-158.538818359375,0,-0.0048285909775141527,0,-0.0048,0,0,-24
2880,0,158.54263305664063,0,0.030517578125,-158.54263305664063,0,-0.004829028826686948,0,-0.0042,0,0,-24
2880.125,0,158.538818359375,0,-0.030517578125,-158.538818359375,0,-0.0048285995539899011,0,-0.0044,0,0,-24
2880.25,0,158.54644775390625,0,0.06103515625,-158.54644775390625,0,-0.0048294678035942238,0,-0.0048,0,0,-24
2880.375,0,158.55026245117188,0,0.030517578125,-158.55026245117188,0,-0.0048298936297433712,0,-0.0048,0,0,-24
2880.5,0,158.54263305664063,0,-0.06103515625,-158.54263305664063,0,-0.0048290219978918258,0,-0.0044,0,0,-24
2880.625,0,158.54644775390625,0,0.030517578125,-158.54644775390625,0,-0.0048294539734743229,0,-0.005,0,0,-24
2880.75,0,158.54263305664063,0,-0.030517578125,-158.54263305664063,0,-0.004829018936767869,0,-0.005,0,0,-24
2880.875,0,158.54263305664063,0,0,-158.54263305664063,0,-0.0048290204090214407,0,-0.0044,0,0,-24
2881,0,158.54263305664063,0,0,-158.54263305664063,0,-0.00482902185380785,0,-0.0054,0,0,-24
2881.125,0,158.54644775390625,0,0.030517578125,-158.54644775390625,0,-0.0048294538320784565,0,-0.0056,0,0,-24
2881.25,0,158.54263305664063,0,-0.030517578125,-158.54263305664063,0,-0.00482901879800996,0,-0.0054,0,0,-24
2881.375,0,158.54644775390625,0,0.030517578125,-158.54644775390625,0,-0.004829450833291192,0,-0.0052,0,0,-24
2881.5,0,158.54263305664063,0,-0.030517578125,-158.54263305664063,0,-0.0048290158551697,0,-0.0046,0,0,-24
2881.625,0,158.538818359375,0,-0.030517578125,-158.538818359375,0,-0.0048285868244763242,0,-0.0054,0,0,-24
2881.75,0,158.54263305664063,0,0.030517578125,-158.54263305664063,0,-0.004829024751130449,0,-0.0042,0,0,-24
2881.875,0,158.538818359375,0,-0.030517578125,-158.538818359375,0,-0.0048285955544691977,0,-0.0044,0,0,-24
2882,0,158.538818359375,0,0,-158.538818359375,0,-0.004828602757812917,0,-0.005,0,0,-24
2882.125,0,158.54263305664063,0,0.030517578125,-158.54263305664063,0,-0.00482904038720606,0,-0.0054,0,0,-24
2882.25,0,158.538818359375,0,-0.030517578125,-158.538818359375,0,-0.00482861089882969,0,-0.0046,0,0,-24
2882.375,0,158.54263305664063,0,0.030517578125,-158.54263305664063,0,-0.0048290483763396026,0,-0.006,0,0,-24
2882.5,0,158.54263305664063,0,0,-158.54263305664063,0,-0.0048290492993525343,0,-0.0048,0,0,-24
2882.625,0,158.538818359375,0,-0.030517578125,-158.538818359375,0,-0.0048286196447063189,0,-0.0048,0,0,-24
2882.75,0,158.538818359375,0,0,-158.538818359375,0,-0.00482862639860949,0,-0.0052,0,0,-24
2882.875,0,158.54263305664063,0,0.030517578125,-158.54263305664063,0,-0.0048290635869470914,0,-0.0048,0,0,-24
2883,0,158.54644775390625,0,0.030517578125,-158.54644775390625,0,-0.0048294947866215849,0,-0.006,0,0,-24
2883.125,0,158.54263305664063,0,-0.030517578125,-158.54263305664063,0,-0.0048290589884828873,0,-0.0042,0,0,-24
2883.25,0,158.538818359375,0,-0.030517578125,-158.538818359375,0,-0.0048286291530709926,0,-0.0048,0,0,-24
2883.375,0,158.54263305664063,0,0.030517578125,-158.54263305664063,0,-0.0048290662900198648,0,-0.0044,0,0,-24
2883.5,0,158.54644775390625,0,0.030517578125,-158.54644775390625,0,-0.0048294974392643639,0,-0.0048,0,0,-24
2883.625,0,158.54263305664063,0,-0.030517578125,-158.54263305664063,0,-0.0048290615916365218,0,-0.0042,0,0,-24
2883.75,0,158.54263305664063,0,0,-158.54263305664063,0,-0.0048290622680976962,0,-0.0062,0,0,-24
2883.875,0,158.54263305664063,0,0,-158.54263305664063,0,-0.0048290629319384434,0,-0.0044,0,0,-24
2884,0,158.54644775390625,0,0.030517578125,-158.54644775390625,0,-0.0048294941438331339,0,-0.0056,0,0,-24
2884.125,0,158.54263305664063,0,-0.030517578125,-158.54263305664063,0,-0.0048290583576866474,0,-0.0054,0,0,-24
2884.25,0,158.54263305664063,0,0,-158.54263305664063,0,-0.0048290590944821471,0,-0.005,0,0,-24
2884.375,0,158.54644775390625,0,0.030517578125,-158.54644775390625,0,-0.0048294903779705061,0,-0.005,0,0,-24
2884.5,0,158.54263305664063,0,-0.030517578125,-158.54263305664063,0,-0.0048290546620819979,0,-0.0048,0,0,-24
2884.625,0,158.54263305664063,0,0,-158.54263305664063,0,-0.0048290554678247048,0,-0.0042,0,0,-24
2884.75,0,158.54644775390625,0,0.030517578125,-158.54644775390625,0,-0.0048294868189739555,0,-0.0058,0,0,-24
2884.875,0,158.54644775390625,0,0,-158.54644775390625,0,-0.0048294817299229364,0,-0.0046,0,0,-24
2885,0,158.538818359375,0,-0.06103515625,-158.538818359375,0,-0.0048286156149381842,0,-0.0054,0,0,-24
2885.125,0,158.538818359375,0,0,-158.538818359375,0,-0.0048286224440228986,0,-0.0042,0,0,-24
2885.25,0,158.54644775390625,0,0.06103515625,-158.54644775390625,0,-0.0048294902665783328,0,-0.0048,0,0,-24
2885.375,0,158.55026245117188,0,0.030517578125,-158.55026245117188,0,-0.0048299156736458472,0,-0.0046,0,0,-24
2885.5,0,158.54263305664063,0,-0.06103515625,-158.54263305664063,0,-0.0048290436305312842,0,-0.005,0,0,-24
2885.625,0,158.54644775390625,0,0.030517578125,-158.54644775390625,0,-0.00482947520252351,0,-0.0048,0,0,-24
2885.75,0,158.54263305664063,0,-0.030517578125,-158.54263305664063,0,-0.0048290397697563839,0,-0.0046,0,0,-24
2885.875,0,158.538818359375,0,-0.030517578125,-158.538818359375,0,-0.00482861029289949,0,-0.0048,0,0,-24
2886,0,158.54263305664063,0,0.030517578125,-158.54263305664063,0,-0.0048290477817139656,0,-0.0042,0,0,-24
2886.125,0,158.54644775390625,0,0.030517578125,-158.54644775390625,0,-0.004829479276259473,0,-0.0052,0,0,-24
2886.25,0,158.54644775390625,0,0,-158.54644775390625,0,-0.0048294743279294321,0,-0.0046,0,0,-24
2886.375,0,158.54644775390625,0,0,-158.54644775390625,0,-0.0048294694719181247,0,-0.005,0,0,-24
2886.5,0,158.54263305664063,0,-0.030517578125,-158.54263305664063,0,-0.0048290341460642851,0,-0.0042,0,0,-24
2886.625,0,158.54263305664063,0,0,-158.54263305664063,0,-0.0048290353345649623,0,-0.004,0,0,-24
2886.75,0,158.54263305664063,0,0,-158.54263305664063,0,-0.0048290365008923251,0,-0.0044,0,0,-24
2886.875,0,158.54644775390625,0,0.030517578125,-158.54644775390625,0,-0.004829468205898968,0,-0.005,0,0,-24
2887,0,158.54263305664063,0,-0.030517578125,-158.54263305664063,0,-0.00482903290366467,0,-0.004,0,0,-24
2887.125,0,158.54263305664063,0,0,-158.54263305664063,0,-0.0048290341153442284,0,-0.0048,0,0,-24
2887.25,0,158.54263305664063,0,0,-158.54263305664063,0,-0.0048290353044180357,0,-0.0048,0,0,-24
2887.375,0,158.54263305664063,0,0,-158.54263305664063,0,-0.0048290364713078357,0,-0.0046,0,0,-24
2887.5,0,158.54644775390625,0,0.030517578125,-158.54644775390625,0,-0.0048294681768664225,0,-0.0044,0,0,-24
2887.625,0,158.54644775390625,0,0,-158.54644775390625,0,-0.0048294634356126874,0,-0.0048,0,0,-24
2887.75,0,158.54644775390625,0,0,-158.54644775390625,0,-0.0048294587828143576,0,-0.005,0,0,-24
2887.875,0,158.54644775390625,0,0,-158.54644775390625,0,-0.00482945421682116,0,-0.0036,0,0,-24
2888,0,158.54263305664063,0,-0.030517578125,-158.54263305664063,0,-0.0048290191755746958,0,-0.0054,0,0,-24
2888.125,0,158.538818359375,0,-0.030517578125,-158.538818359375,0,-0.0048285900829340414,0,-0.0046,0,0,-24
2888.25,0,158.54263305664063,0,0.030517578125,-158.54263305664063,0,-0.0048290279487966095,0,-0.006,0,0,-24
2888.375,0,158.54263305664063,0,0,-158.54263305664063,0,-0.0048290292529168787,0,-0.0046,0,0,-24
2888.5,0,158.538818359375,0,-0.030517578125,-158.538818359375,0,-0.004828599972267855,0,-0.004,0,0,-24
2888.625,0,158.54263305664063,0,0.030517578125,-158.54263305664063,0,-0.0048290376536296396,0,-0.0046,0,0,-24
2888.75,0,158.54263305664063,0,0,-158.54263305664063,0,-0.004829038776691272,0,-0.0054,0,0,-24
2888.875,0,158.54263305664063,0,0,-158.54263305664063,0,-0.0048290398788004571,0,-0.0058,0,0,-24
2889,0,158.54644775390625,0,0.030517578125,-158.54644775390625,0,-0.0048294715207870108,0,-0.004,0,0,-24
2889.125,0,158.54263305664063,0,-0.030517578125,-158.54263305664063,0,-0.0048290361567083608,0,-0.0054,0,0,-24
2889.25,0,158.54263305664063,0,0,-158.54263305664063,0,-0.00482903730769737,0,-0.0048,0,0,-24
2889.375,0,158.538818359375,0,-0.030517578125,-158.538818359375,0,-0.0048286078767739863,0,-0.0046,0,0,-24
2889.5,0,158.54263305664063,0,0.030517578125,-158.54263305664063,0,-0.0048290454106650112,0,-0.004,0,0,-24
2889.625,0,158.538818359375,0,-0.030517578125,-158.538818359375,0,-0.0048286158285682623,0,-0.004,0,0,-24
2889.75,0,158.54263305664063,0,0.030517578125,-158.54263305664063,0,-0.0048290532141062941,0,-0.0052,0,0,-24
2889.875,0,158.54644775390625,0,0.030517578125,-158.54644775390625,0,-0.0048294846073021393,0,-0.0038,0,0,-24
2890,0,158.55026245117188,0,0.030517578125,-158.55026245117188,0,-0.0048299101199521842,0,-0.0048,0,0,-24
2890.125,0,158.538818359375,0,-0.091552734375,-158.538818359375,0,-0.00482860762001143,0,-0.0052,0,0,-24
2890.25,0,158.54263305664063,0,0.030517578125,-158.54263305664063,0,-0.0048290451586927565,0,-0.0038,0,0,-24
2890.375,0,158.54263305664063,0,0,-158.54263305664063,0,-0.0048290461417358549,0,-0.0046,0,0,-24
2890.5,0,158.53500366210938,0,-0.06103515625,-158.53500366210938,0,-0.0048281859855609345,0,-0.005,0,0,-24
2890.625,0,158.54263305664063,0,0.06103515625,-158.54263305664063,0,-0.0048290597831625211,0,-0.0046,0,0,-24
2890.75,0,158.54644775390625,0,0.030517578125,-158.54644775390625,0,-0.004829491053802485,0,-0.0058,0,0,-24
2890.875,0,158.54644775390625,0,0,-158.54644775390625,0,-0.0048294858857442051,0,-0.005,0,0,-24
2891,0,158.53500366210938,0,-0.091552734375,-158.53500366210938,0,-0.0048281891327872778,0,-0.0052,0,0,-24
2891.125,0,158.538818359375,0,0.030517578125,-158.538818359375,0,-0.0048286323112335834,0,-0.0052,0,0,-24
2891.25,0,158.538818359375,0,0,-158.538818359375,0,-0.0048286388288231417,0,-0.0044,0,0,-24
2891.375,0,158.538818359375,0,0,-158.538818359375,0,-0.0048286452248170091,0,-0.0046,0,0,-24
2891.5,0,158.54263305664063,0,0.030517578125,-158.54263305664063,0,-0.0048290820619226581,0,-0.0038,0,0,-24
2891.625,0,158.54263305664063,0,0,-158.54263305664063,0,-0.0048290823564790556,0,-0.005,0,0,-24
2891.75,0,158.54263305664063,0,0,-158.54263305664063,0,-0.0048290826455400487,0,-0.005,0,0,-24
2891.875,0,158.538818359375,0,-0.030517578125,-158.538818359375,0,-0.0048286523687692462,0,-0.0048,0,0,-24
2892,0,158.54263305664063,0,0.030517578125,-158.54263305664063,0,-0.0048290890725934416,0,-0.0046,0,0,-24
2892.125,0,158.54263305664063,0,0,-158.54263305664063,0,-0.0048290892363549573,0,-0.0046,0,0,-24
2892.25,0,158.538818359375,0,-0.030517578125,-158.538818359375,0,-0.0048286588366223326,0,-0.0056,0,0,-24
2892.375,0,158.54263305664063,0,0.030517578125,-158.54263305664063,0,-0.0048290954197787476,0,-0.0048,0,0,-24
2892.5,0,158.54263305664063,0,0,-158.54263305664063,0,-0.0048290954651237263,0,-0.0056,0,0,-24
2892.625,0,158.54263305664063,0,0,-158.54263305664063,0,-0.0048290955096227245,0,-0.0044,0,0,-24
2892.75,0,158.538818359375,0,-0.030517578125,-158.538818359375,0,-0.004828664992852609,0,-0.0042,0,0,-24
2892.875,0,158.54263305664063,0,0.030517578125,-158.54263305664063,0,-0.0048291014611550487,0,-0.0042,0,0,-24
2893,0,158.538818359375,0,-0.030517578125,-158.538818359375,0,-0.0048286708333499136,0,-0.0046,0,0,-24
2893.125,0,158.538818359375,0,0,-158.538818359375,0,-0.0048286766322499465,0,-0.0048,0,0,-24
2893.25,0,158.54263305664063,0,0.030517578125,-158.54263305664063,0,-0.0048291128834014674,0,-0.0048,0,0,-24
2893.375,0,158.54263305664063,0,0,-158.54263305664063,0,-0.0048291126029356155,0,-0.0044,0,0,-24
2893.5,0,158.54644775390625,0,0.030517578125,-158.54644775390625,0,-0.0048295428881412038,0,-0.0048,0,0,-24
2893.625,0,158.54263305664063,0,-0.030517578125,-158.54263305664063,0,-0.00482910619259443,0,-0.0058,0,0,-24
2893.75,0,158.538818359375,0,-0.030517578125,-158.538818359375,0,-0.004828675476516991,0,-0.005,0,0,-24
2893.875,0,158.54263305664063,0,0.030517578125,-158.54263305664063,0,-0.0048291117492304933,0,-0.005,0,0,-24
2894,0,158.538818359375,0,-0.030517578125,-158.538818359375,0,-0.0048286809294854341,0,-0.0052,0,0,-24
2894.125,0,158.54263305664063,0,0.030517578125,-158.54263305664063,0,-0.0048291171004653955,0,-0.0052,0,0,-24
2894.25,0,158.54263305664063,0,0,-158.54263305664063,0,-0.0048291167413237086,0,-0.0038,0,0,-24
2894.375,0,158.54644775390625,0,0.030517578125,-158.54644775390625,0,-0.00482954694932128,0,-0.0046,0,0,-24
2894.5,0,158.54263305664063,0,-0.030517578125,-158.54263305664063,0,-0.0048291101780069253,0,-0.0048,0,0,-24
2894.625,0,158.538818359375,0,-0.030517578125,-158.538818359375,0,-0.0048286793875754663,0,-0.0052,0,0,-24
2894.75,0,158.538818359375,0,0,-158.538818359375,0,-0.0048286850268832206,0,-0.0034,0,0,-24
2894.875,0,158.54263305664063,0,0.030517578125,-158.54263305664063,0,-0.0048291211214199032,0,-0.005,0,0,-24
2895,0,158.54263305664063,0,0,-158.54263305664063,0,-0.0048291206872611049,0,-0.005,0,0,-24
2895.125,0,158.54263305664063,0,0,-158.54263305664063,0,-0.0048291202612022084,0,-0.005,0,0,-24
2895.25,0,158.54644775390625,0,0.030517578125,-158.54644775390625,0,-0.0048295504035310152,0,-0.005,0,0,-24
2895.375,0,158.53500366210938,0,-0.091552734375,-158.53500366210938,0,-0.0048282524468952134,0,-0.0048,0,0,-24
2895.5,0,158.54263305664063,0,0.06103515625,-158.54263305664063,0,-0.0048291250045580485,0,-0.0046,0,0,-24
2895.625,0,158.54263305664063,0,0,-158.54263305664063,0,-0.0048291244979533155,0,-0.0032,0,0,-24
2895.75,0,158.53500366210938,0,-0.06103515625,-158.53500366210938,0,-0.0048282628799222425,0,-0.005,0,0,-24
2895.875,0,158.538818359375,0,0.030517578125,-158.538818359375,0,-0.0048287046825019418,0,-0.0058,0,0,-24
2896,0,158.53500366210938,0,-0.030517578125,-158.53500366210938,0,-0.0048282792894548928,0,-0.0048,0,0,-24
2896.125,0,158.54263305664063,0,0.06103515625,-158.54263305664063,0,-0.0048291513463283552,0,-0.004,0,0,-24
2896.25,0,158.538818359375,0,-0.030517578125,-158.538818359375,0,-0.0048287197878383314,0,-0.0054,0,0,-24
2896.375,0,158.54263305664063,0,0.030517578125,-158.54263305664063,0,-0.004829155233855755,0,-0.0046,0,0,-24
2896.5,0,158.538818359375,0,-0.030517578125,-158.538818359375,0,-0.0048287236028379081,0,-0.004,0,0,-24
2896.625,0,158.538818359375,0,0,-158.538818359375,0,-0.0048287284172417108,0,-0.0042,0,0,-24
2896.75,0,158.54263305664063,0,0.030517578125,-158.54263305664063,0,-0.004829163702264298,0,-0.0036,0,0,-24
2896.875,0,158.538818359375,0,-0.030517578125,-158.538818359375,0,-0.0048287319132552216,0,-0.0046,0,0,-24
2897,0,158.54644775390625,0,0.06103515625,-158.54644775390625,0,-0.0048295976934931983,0,-0.0038,0,0,-24
2897.125,0,158.538818359375,0,-0.06103515625,-158.538818359375,0,-0.004828729415029093,0,-0.0048,0,0,-24
2897.25,0,158.538818359375,0,0,-158.538818359375,0,-0.0048287341209975005,0,-0.004,0,0,-24
2897.375,0,158.54263305664063,0,0.030517578125,-158.54263305664063,0,-0.0048291692996077218,0,-0.0044,0,0,-24
2897.5,0,158.538818359375,0,-0.030517578125,-158.538818359375,0,-0.0048287374061715665,0,-0.0038,0,0,-24
2897.625,0,158.54263305664063,0,0.030517578125,-158.54263305664063,0,-0.0048291725234917956,0,-0.004,0,0,-24
2897.75,0,158.54644775390625,0,0.030517578125,-158.54644775390625,0,-0.0048296016907869409,0,-0.0054,0,0,-24
2897.875,0,158.54263305664063,0,-0.030517578125,-158.54263305664063,0,-0.004829163898186069,0,-0.0048,0,0,-24
2898,0,158.538818359375,0,-0.030517578125,-158.538818359375,0,-0.00482873210552177,0,-0.0046,0,0,-24
2898.125,0,158.54263305664063,0,0.030517578125,-158.54263305664063,0,-0.0048291673217338007,0,-0.004,0,0,-24
2898.25,0,158.55026245117188,0,0.06103515625,-158.55026245117188,0,-0.0048300271465146821,0,-0.0054,0,0,-24
2898.375,0,158.53500366210938,0,-0.1220703125,-158.53500366210938,0,-0.0048282919028238974,0,-0.0042,0,0,-24
2898.5,0,158.54644775390625,0,0.091552734375,-158.54644775390625,0,-0.0048295942848144129,0,-0.0042,0,0,-24
2898.625,0,158.538818359375,0,-0.06103515625,-158.538818359375,0,-0.0048287260699444706,0,-0.0052,0,0,-24
2898.75,0,158.54263305664063,0,0.030517578125,-158.54263305664063,0,-0.00482916139875951,0,-0.005,0,0,-24
2898.875,0,158.538818359375,0,-0.030517578125,-158.538818359375,0,-0.00482872965272587,0,-0.004,0,0,-24
2899,0,158.54263305664063,0,0.030517578125,-158.54263305664063,0,-0.0048291649146985942,0,-0.004,0,0,-24
2899.125,0,158.54263305664063,0,0,-158.54263305664063,0,-0.0048291636635086023,0,-0.0058,0,0,-24
2899.25,0,158.54263305664063,0,0,-158.54263305664063,0,-0.00482916243566149,0,-0.0046,0,0,-24
2899.375,0,158.54263305664063,0,0,-158.54263305664063,0,-0.0048291612307217605,0,-0.0042,0,0,-24
2899.5,0,158.538818359375,0,-0.030517578125,-158.538818359375,0,-0.0048287294878231243,0,-0.0042,0,0,-24
2899.625,0,158.54263305664063,0,0.030517578125,-158.54263305664063,0,-0.0048291647528723629,0,-0.0044,0,0,-24
2899.75,0,158.54644775390625,0,0.030517578125,-158.54644775390625,0,-0.0048295940651404056,0,-0.0048,0,0,-24
2899.875,0,158.53500366210938,0,-0.091552734375,-158.53500366210938,0,-0.0048282952939299045,0,-0.0054,0,0,-24
2900,0,158.54263305664063,0,0.06103515625,-158.54263305664063,0,-0.0048291670522151876,0,-0.004,0,0,-24
2900.125,0,158.54644775390625,0,0.030517578125,-158.54644775390625,0,-0.0048295963215854417,0,-0.005,0,0,-24
2900.25,0,158.54263305664063,0,-0.030517578125,-158.54263305664063,0,-0.0048291586291553095,0,-0.005,0,0,-24
2900.375,0,158.538818359375,0,-0.030517578125,-158.538818359375,0,-0.00482872693479291,0,-0.0048,0,0,-24
2900.5,0,158.54263305664063,0,0.030517578125,-158.54263305664063,0,-0.0048291622474728674,0,-0.0048,0,0,-24
2900.625,0,158.54644775390625,0,0.030517578125,-158.54644775390625,0,-0.0048295916064830038,0,-0.0054,0,0,-24
2900.75,0,158.54263305664063,0,-0.030517578125,-158.54263305664063,0,-0.0048291540020203834,0,-0.0048,0,0,-24
2900.875,0,158.538818359375,0,-0.030517578125,-158.538818359375,0,-0.0048287223939843266,0,-0.0046,0,0,-24
2901,0,158.54644775390625,0,0.06103515625,-158.54644775390625,0,-0.0048295883518189916,0,-0.0046,0,0,-24
2901.125,0,158.54263305664063,0,-0.030517578125,-158.54263305664063,0,-0.0048291508080771511,0,-0.0048,0,0,-24
2901.25,0,158.54263305664063,0,0,-158.54263305664063,0,-0.0048291498200679506,0,-0.005,0,0,-24
2901.375,0,158.538818359375,0,-0.030517578125,-158.538818359375,0,-0.0048287182900526695,0,-0.0044,0,0,-24
2901.5,0,158.53500366210938,0,-0.030517578125,-158.53500366210938,0,-0.004828292643135763,0,-0.0048,0,0,-24
2901.625,0,158.54263305664063,0,0.06103515625,-158.54263305664063,0,-0.0048291644508757017,0,-0.0046,0,0,-24
2901.75,0,158.538818359375,0,-0.030517578125,-158.538818359375,0,-0.0048287326479001247,0,-0.0044,0,0,-24
2901.875,0,158.538818359375,0,0,-158.538818359375,0,-0.0048287372935543341,0,-0.0054,0,0,-24
2902,0,158.538818359375,0,0,-158.538818359375,0,-0.004828741852536695,0,-0.0038,0,0,-24
2902.125,0,158.54263305664063,0,0.030517578125,-158.54263305664063,0,-0.0048291768869031214,0,-0.0048,0,0,-24
2902.25,0,158.538818359375,0,-0.030517578125,-158.538818359375,0,-0.0048287448519142616,0,-0.0052,0,0,-24
2902.375,0,158.54263305664063,0,0.030517578125,-158.54263305664063,0,-0.0048291798303226711,0,-0.0044,0,0,-24
2902.5,0,158.538818359375,0,-0.030517578125,-158.538818359375,0,-0.004828747740419778,0,-0.005,0,0,-24
2902.625,0,158.54263305664063,0,0.030517578125,-158.54263305664063,0,-0.00482918266493866,0,-0.0044,0,0,-24
2902.75,0,158.54263305664063,0,0,-158.54263305664063,0,-0.0048291810825905482,0,-0.005,0,0,-24
2902.875,0,158.54644775390625,0,0.030517578125,-158.54644775390625,0,-0.0048296100902024989,0,-0.0048,0,0,-24
2903,0,158.54263305664063,0,-0.030517578125,-158.54263305664063,0,-0.0048291721408975684,0,-0.0054,0,0,-24
2903.125,0,158.55026245117188,0,0.06103515625,-158.55026245117188,0,-0.0048300318757695127,0,-0.0038,0,0,-24
2903.25,0,158.54263305664063,0,-0.06103515625,-158.54263305664063,0,-0.0048291576647250143,0,-0.0048,0,0,-24
2903.375,0,158.54263305664063,0,0,-158.54263305664063,0,-0.0048291565487944667,0,-0.004,0,0,-24
2903.5,0,158.54263305664063,0,0,-158.54263305664063,0,-0.0048291554536833261,0,-0.0046,0,0,-24
2903.625,0,158.54263305664063,0,0,-158.54263305664063,0,-0.004829154379003173,0,-0.0042,0,0,-24
2903.75,0,158.54263305664063,0,0,-158.54263305664063,0,-0.0048291533243728368,0,-0.0044,0,0,-24
2903.875,0,158.54644775390625,0,0.030517578125,-158.54644775390625,0,-0.004829582849857174,0,-0.0036,0,0,-24
2904,0,158.54263305664063,0,-0.030517578125,-158.54263305664063,0,-0.0048291454087629219,0,-0.0038,0,0,-24
2904.125,0,158.53500366210938,0,-0.06103515625,-158.53500366210938,0,-0.0048282834006084267,0,-0.0042,0,0,-24
2904.25,0,158.54644775390625,0,0.091552734375,-158.54644775390625,0,-0.004829585941220892,0,-0.005,0,0,-24
2904.375,0,158.54644775390625,0,0,-158.54644775390625,0,-0.004829579002891396,0,-0.0032,0,0,-24
2904.5,0,158.54263305664063,0,-0.030517578125,-158.54263305664063,0,-0.0048291416335682269,0,-0.0046,0,0,-24
2904.625,0,158.54263305664063,0,0,-158.54263305664063,0,-0.0048291408167236479,0,-0.0052,0,0,-24
2904.75,0,158.538818359375,0,-0.030517578125,-158.538818359375,0,-0.0048287094546796486,0,-0.0046,0,0,-24
2904.875,0,158.54644775390625,0,0.06103515625,-158.54644775390625,0,-0.00482957565391701,0,-0.0054,0,0,-24
2905,0,158.54263305664063,0,-0.030517578125,-158.54263305664063,0,-0.0048291383470741257,0,-0.005,0,0,-24
2905.125,0,158.538818359375,0,-0.030517578125,-158.538818359375,0,-0.0048287070311052492,0,-0.0058,0,0,-24
2905.25,0,158.55026245117188,0,0.091552734375,-158.55026245117188,0,-0.0048300038359970444,0,-0.0042,0,0,-24
2905.375,0,158.54263305664063,0,-0.06103515625,-158.54263305664063,0,-0.0048291301480777715,0,-0.0044,0,0,-24
2905.5,0,158.55026245117188,0,0.06103515625,-158.55026245117188,0,-0.0048299906663905705,0,-0.0048,0,0,-24
2905.625,0,158.54644775390625,0,-0.030517578125,-158.54644775390625,0,-0.0048295477846095457,0,-0.004,0,0,-24
2905.75,0,158.54263305664063,0,-0.030517578125,-158.54263305664063,0,-0.0048291109977115993,0,-0.0042,0,0,-24
2905.875,0,158.538818359375,0,-0.030517578125,-158.538818359375,0,-0.0048286801919872847,0,-0.0054,0,0,-24
2906,0,158.538818359375,0,0,-158.538818359375,0,-0.004828685816287496,0,-0.0044,0,0,-24
2906.125,0,158.538818359375,0,0,-158.538818359375,0,-0.0048286913356577069,0,-0.0052,0,0,-24
2906.25,0,158.54644775390625,0,0.06103515625,-158.54644775390625,0,-0.0048295578729333826,0,-0.005,0,0,-24
2906.375,0,158.538818359375,0,-0.06103515625,-158.538818359375,0,-0.00482869033738327,0,-0.0056,0,0,-24
2906.5,0,158.54263305664063,0,0.030517578125,-158.54263305664063,0,-0.0048291263328443792,0,-0.0056,0,0,-24
2906.625,0,158.538818359375,0,-0.030517578125,-158.538818359375,0,-0.0048286952410194987,0,-0.0044,0,0,-24
2906.75,0,158.538818359375,0,0,-158.538818359375,0,-0.004828700584556791,0,-0.0048,0,0,-24
2906.875,0,158.538818359375,0,0,-158.538818359375,0,-0.0048287058284021489,0,-0.0044,0,0,-24
2907,0,158.54644775390625,0,0.06103515625,-158.54644775390625,0,-0.004829572095293313,0,-0.0058,0,0,-24
2907.125,0,158.53500366210938,0,-0.091552734375,-158.53500366210938,0,-0.0048282737339642124,0,-0.006,0,0,-24
2907.25,0,158.54263305664063,0,0.06103515625,-158.54263305664063,0,-0.0048291458944839261,0,-0.0048,0,0,-24
2907.375,0,158.54263305664063,0,0,-158.54263305664063,0,-0.00482914499814539,0,-0.0048,0,0,-24
2907.5,0,158.54263305664063,0,0,-158.54263305664063,0,-0.0048291441185294316,0,-0.0038,0,0,-24
2907.625,0,158.54263305664063,0,0,-158.54263305664063,0,-0.0048291432553240667,0,-0.0038,0,0,-24
2907.75,0,158.54263305664063,0,0,-158.54263305664063,0,-0.0048291424082231305,0,-0.004,0,0,-24
2907.875,0,158.54263305664063,0,0,-158.54263305664063,0,-0.0048291415769261686,0,-0.0048,0,0,-24
2908,0,158.538818359375,0,-0.030517578125,-158.538818359375,0,-0.004828710200699418,0,-0.0038,0,0,-24
2908.125,0,158.54263305664063,0,0.030517578125,-158.54263305664063,0,-0.0048291458255797122,0,-0.0048,0,0,-24
2908.25,0,158.538818359375,0,-0.030517578125,-158.538818359375,0,-0.0048287143700877734,0,-0.0044,0,0,-24
2908.375,0,158.54263305664063,0,0.030517578125,-158.54263305664063,0,-0.0048291499171816939,0,-0.0048,0,0,-24
2908.5,0,158.538818359375,0,-0.030517578125,-158.538818359375,0,-0.0048287183853546059,0,-0.005,0,0,-24
2908.625,0,158.54263305664063,0,0.030517578125,-158.54263305664063,0,-0.0048291538575375281,0,-0.0042,0,0,-24
2908.75,0,158.538818359375,0,-0.030517578125,-158.538818359375,0,-0.0048287222521970216,0,-0.0044,0,0,-24
2908.875,0,158.54263305664063,0,0.030517578125,-158.54263305664063,0,-0.0048291576522380315,0,-0.0056,0,0,-24
2909,0,158.54644775390625,0,0.030517578125,-158.54644775390625,0,-0.0048295870969793653,0,-0.0052,0,0,-24
2909.125,0,158.54263305664063,0,-0.030517578125,-158.54263305664063,0,-0.0048291495766484942,0,-0.004,0,0,-24
2909.25,0,158.54263305664063,0,0,-158.54263305664063,0,-0.0048291486116134952,0,-0.0056,0,0,-24
2909.375,0,158.54263305664063,0,0,-158.54263305664063,0,-0.0048291476645827133,0,-0.0046,0,0,-24
2909.5,0,158.54644775390625,0,0.030517578125,-158.54644775390625,0,-0.0048295772956591689,0,-0.0048,0,0,-24
2909.625,0,158.54644775390625,0,0,-158.54644775390625,0,-0.0048295705186259677,0,-0.0048,0,0,-24
2909.75,0,158.54263305664063,0,-0.030517578125,-158.54263305664063,0,-0.0048291333075898626,0,-0.0046,0,0,-24
2909.875,0,158.54263305664063,0,0,-158.54263305664063,0,-0.0048291326460792585,0,-0.0032,0,0,-24
2910,0,158.54263305664063,0,0,-158.54263305664063,0,-0.0048291319969101555,0,-0.005,0,0,-24
2910.125,0,158.54263305664063,0,0,-158.54263305664063,0,-0.0048291313598523037,0,-0.0052,0,0,-24
2910.25,0,158.54263305664063,0,0,-158.54263305664063,0,-0.0048291307346797494,0,-0.0058,0,0,-24
2910.375,0,158.54263305664063,0,0,-158.54263305664063,0,-0.004829130121170754,0,-0.0054,0,0,-24
2910.5,0,158.538818359375,0,-0.030517578125,-158.538818359375,0,-0.0048286989586687991,0,-0.0044,0,0,-24
2910.625,0,158.54263305664063,0,0.030517578125,-158.54263305664063,0,-0.004829134793286523,0,-0.0052,0,0,-24
2910.75,0,158.54263305664063,0,0,-158.54263305664063,0,-0.0048291341040579546,0,-0.0046,0,0,-24
2910.875,0,158.54644775390625,0,0.030517578125,-158.54644775390625,0,-0.004829563988126926,0,-0.0046,0,0,-24
2911,0,158.54263305664063,0,-0.030517578125,-158.54263305664063,0,-0.0048291268989273583,0,-0.0052,0,0,-24
2911.125,0,158.54263305664063,0,0,-158.54263305664063,0,-0.0048291263569802427,0,-0.0042,0,0,-24
2911.25,0,158.538818359375,0,-0.030517578125,-158.538818359375,0,-0.00482869526470507,0,-0.0048,0,0,-24
2911.375,0,158.54263305664063,0,0.030517578125,-158.54263305664063,0,-0.0048291311682393881,0,-0.0046,0,0,-24
2911.5,0,158.538818359375,0,-0.030517578125,-158.538818359375,0,-0.0048286999862027519,0,-0.0052,0,0,-24
2911.625,0,158.54263305664063,0,0.030517578125,-158.54263305664063,0,-0.0048291358016502445,0,-0.0046,0,0,-24
2911.75,0,158.538818359375,0,-0.030517578125,-158.538818359375,0,-0.0048287045331701786,0,-0.0054,0,0,-24
2911.875,0,158.538818359375,0,0,-158.538818359375,0,-0.0048287097033480608,0,-0.0046,0,0,-24
2912,0,158.54263305664063,0,0.030517578125,-158.54263305664063,0,-0.0048291453375072122,0,-0.005,0,0,-24
2912.125,0,158.538818359375,0,-0.030517578125,-158.538818359375,0,-0.0048287138911210191,0,-0.0048,0,0,-24
2912.25,0,158.54263305664063,0,0.030517578125,-158.54263305664063,0,-0.0048291494471508038,0,-0.005,0,0,-24
2912.375,0,158.53500366210938,0,-0.06103515625,-158.53500366210938,0,-0.0048282873636539513,0,-0.0048,0,0,-24
2912.5,0,158.538818359375,0,0.030517578125,-158.538818359375,0,-0.0048287287094518532,0,-0.0052,0,0,-24
2912.625,0,158.54644775390625,0,0.06103515625,-158.54644775390625,0,-0.0048295945494617257,0,-0.0044,0,0,-24
2912.75,0,158.55026245117188,0,0.030517578125,-158.55026245117188,0,-0.0048300180109711261,0,-0.0054,0,0,-24
2912.875,0,158.54263305664063,0,-0.06103515625,-158.54263305664063,0,-0.004829144058595837,0,-0.0056,0,0,-24
2913,0,158.54263305664063,0,0,-158.54263305664063,0,-0.0048291431965086255,0,-0.005,0,0,-24
2913.125,0,158.538818359375,0,-0.030517578125,-158.538818359375,0,-0.0048287117900660649,0,-0.0052,0,0,-24
2913.25,0,158.538818359375,0,0,-158.538818359375,0,-0.0048287168248553553,0,-0.0052,0,0,-24
2913.375,0,158.54263305664063,0,0.030517578125,-158.54263305664063,0,-0.0048291523261517989,0,-0.0054,0,0,-24
2913.5,0,158.54644775390625,0,0.030517578125,-158.54644775390625,0,-0.00482958187025949,0,-0.006,0,0,-24
2913.625,0,158.54263305664063,0,-0.030517578125,-158.54263305664063,0,-0.0048291444474411437,0,-0.005,0,0,-24
2913.75,0,158.54263305664063,0,0,-158.54263305664063,0,-0.0048291435780994235,0,-0.0038,0,0,-24
2913.875,0,158.54263305664063,0,0,-158.54263305664063,0,-0.0048291427249766141,0,-0.0052,0,0,-24
2914,0,158.54263305664063,0,0,-158.54263305664063,0,-0.0048291418877701277,0,-0.0048,0,0,-24
2914.125,0,158.54644775390625,0,0.030517578125,-158.54644775390625,0,-0.004829571626621937,0,-0.0036,0,0,-24
2914.25,0,158.54263305664063,0,-0.030517578125,-158.54263305664063,0,-0.0048291343949144576,0,-0.0042,0,0,-24
2914.375,0,158.54263305664063,0,0,-158.54263305664063,0,-0.0048291337131181351,0,-0.005,0,0,-24
2914.5,0,158.538818359375,0,-0.030517578125,-158.538818359375,0,-0.0048287024836028581,0,-0.0046,0,0,-24
2914.625,0,158.54263305664063,0,0.030517578125,-158.54263305664063,0,-0.0048291382524574978,0,-0.0048,0,0,-24
2914.75,0,158.538818359375,0,-0.030517578125,-158.538818359375,0,-0.00482870693825384,0,-0.0046,0,0,-24
2914.875,0,158.538818359375,0,0,-158.538818359375,0,-0.0048287120635611752,0,-0.0042,0,0,-24
2915,0,158.54644775390625,0,0.06103515625,-158.54644775390625,0,-0.0048295782141258257,0,-0.0052,0,0,-24
2915.125,0,158.538818359375,0,-0.06103515625,-158.538818359375,0,-0.0048287102990793784,0,-0.005,0,0,-24
2915.25,0,158.538818359375,0,0,-158.538818359375,0,-0.0048287153616853266,0,-0.0038,0,0,-24
2915.375,0,158.54263305664063,0,0.030517578125,-158.54263305664063,0,-0.0048291508902794647,0,-0.005,0,0,-24
2915.5,0,158.54263305664063,0,0,-158.54263305664063,0,-0.0048291499007366533,0,-0.0046,0,0,-24
2915.625,0,158.538818359375,0,-0.030517578125,-158.538818359375,0,-0.0048287183692163728,0,-0.004,0,0,-24
2915.75,0,158.54263305664063,0,0.030517578125,-158.54263305664063,0,-0.0048291538417003788,0,-0.0052,0,0,-24
2915.875,0,158.54263305664063,0,0,-158.54263305664063,0,-0.0048291527970942558,0,-0.0054,0,0,-24
2916,0,158.538818359375,0,-0.030517578125,-158.538818359375,0,-0.0048287212115379549,0,-0.0042,0,0,-24
2916.125,0,158.538818359375,0,0,-158.538818359375,0,-0.0048287260705551487,0,-0.004,0,0,-24
2916.25,0,158.538818359375,0,0,-158.538818359375,0,-0.0048287308389198787,0,-0.0052,0,0,-24
2916.375,0,158.538818359375,0,0,-158.538818359375,0,-0.0048287355183234057,0,-0.0046,0,0,-24
2916.5,0,158.54263305664063,0,0.030517578125,-158.54263305664063,0,-0.0048291706708643561,0,-0.005,0,0,-24
2916.625,0,158.538818359375,0,-0.030517578125,-158.538818359375,0,-0.0048287387518452926,0,-0.0048,0,0,-24
2916.75,0,158.538818359375,0,0,-158.538818359375,0,-0.0048287432836209851,0,-0.005,0,0,-24
2916.875,0,158.538818359375,0,0,-158.538818359375,0,-0.0048287477308494092,0,-0.0034,0,0,-24
2917,0,158.54263305664063,0,0.030517578125,-158.54263305664063,0,-0.0048291826555468412,0,-0.004,0,0,-24
2917.125,0,158.54263305664063,0,0,-158.54263305664063,0,-0.0048291810733739476,0,-0.0048,0,0,-24
2917.25,0,158.54263305664063,0,0,-158.54263305664063,0,-0.0048291795207189309,0,-0.004,0,0,-24
2917.375,0,158.53118896484375,0,-0.091552734375,-158.53118896484375,0,-0.0048278863157143435,0,-0.0048,0,0,-24
2917.5,0,158.538818359375,0,0.06103515625,-158.538818359375,0,-0.0048287635363593769,0,-0.0032,0,0,-24
2917.625,0,158.538818359375,0,0,-158.538818359375,0,-0.0048287676057417132,0,-0.0054,0,0,-24
2917.75,0,158.54263305664063,0,0.030517578125,-158.54263305664063,0,-0.0048292021596423587,0,-0.0046,0,0,-24
2917.875,0,158.54644775390625,0,0.030517578125,-158.54644775390625,0,-0.0048296307740293828,0,-0.0042,0,0,-24
2918,0,158.54263305664063,0,-0.030517578125,-158.54263305664063,0,-0.0048291924388357433,0,-0.0036,0,0,-24
2918.125,0,158.53118896484375,0,-0.091552734375,-158.53118896484375,0,-0.0048278989928237518,0,-0.0054,0,0,-24
2918.25,0,158.54263305664063,0,0.091552734375,-158.54263305664063,0,-0.0048292065373966627,0,-0.004,0,0,-24
2918.375,0,158.54263305664063,0,0,-158.54263305664063,0,-0.0048292045096710078,0,-0.0044,0,0,-24
2918.5,0,158.54263305664063,0,0,-158.54263305664063,0,-0.0048292025197757037,0,-0.0046,0,0,-24
2918.625,0,158.53500366210938,0,-0.06103515625,-158.53500366210938,0,-0.0048283394461271344,0,-0.0044,0,0,-24
2918.75,0,158.538818359375,0,0.030517578125,-158.538818359375,0,-0.004828779820246128,0,-0.0048,0,0,-24
2918.875,0,158.53500366210938,0,-0.030517578125,-158.53500366210938,0,-0.0048283530253885121,0,-0.0054,0,0,-24
2919,0,158.54263305664063,0,0.06103515625,-158.54263305664063,0,-0.0048292237066043468,0,-0.0038,0,0,-24
2919.125,0,158.53500366210938,0,-0.06103515625,-158.53500366210938,0,-0.0048283602376827947,0,-0.0054,0,0,-24
2919.25,0,158.54263305664063,0,0.06103515625,-158.54263305664063,0,-0.00482923078434215,0,-0.0046,0,0,-24
2919.375,0,158.538818359375,0,-0.030517578125,-158.538818359375,0,-0.0048287977438133929,0,-0.0046,0,0,-24
2919.5,0,158.538818359375,0,0,-158.538818359375,0,-0.0048288011750028869,0,-0.0054,0,0,-24
2919.625,0,158.54263305664063,0,0.030517578125,-158.54263305664063,0,-0.0048292351026171633,0,-0.0048,0,0,-24
2919.75,0,158.54263305664063,0,0,-158.54263305664063,0,-0.0048292325419632392,0,-0.0042,0,0,-24
2919.875,0,158.54263305664063,0,0,-158.54263305664063,0,-0.0048292300290822656,0,-0.004,0,0,-24
2920,0,158.54263305664063,0,0,-158.54263305664063,0,-0.0048292275630829641,0,-0.0048,0,0,-24
2920.125,0,158.538818359375,0,-0.030517578125,-158.538818359375,0,-0.0048287945826517688,0,-0.0052,0,0,-24
2920.25,0,158.54263305664063,0,0.030517578125,-158.54263305664063,0,-0.0048292286332565276,0,-0.0036,0,0,-24
2920.375,0,158.54263305664063,0,0,-158.54263305664063,0,-0.00482922619329851,0,-0.0054,0,0,-24
2920.5,0,158.54263305664063,0,0,-158.54263305664063,0,-0.0048292237988616735,0,-0.004,0,0,-24
2920.625,0,158.54644775390625,0,0.030517578125,-158.54644775390625,0,-0.0048296520095356685,0,-0.0052,0,0,-24
2920.75,0,158.538818359375,0,-0.06103515625,-158.538818359375,0,-0.0048287827177219732,0,-0.005,0,0,-24
2920.875,0,158.54263305664063,0,0.030517578125,-158.54263305664063,0,-0.0048292169896853067,0,-0.0046,0,0,-24
2921,0,158.54263305664063,0,0,-158.54263305664063,0,-0.0048292147669560777,0,-0.0048,0,0,-24
2921.125,0,158.54263305664063,0,0,-158.54263305664063,0,-0.004829212585695292,0,-0.0046,0,0,-24
2921.25,0,158.53500366210938,0,-0.06103515625,-158.53500366210938,0,-0.004828349324251459,0,-0.005,0,0,-24
2921.375,0,158.54263305664063,0,0.06103515625,-158.54263305664063,0,-0.004829220074517717,0,-0.0048,0,0,-24
2921.5,0,158.538818359375,0,-0.030517578125,-158.538818359375,0,-0.0048287872337972621,0,-0.005,0,0,-24
2921.625,0,158.54263305664063,0,0.030517578125,-158.54263305664063,0,-0.0048292214215062421,0,-0.005,0,0,-24
2921.75,0,158.54263305664063,0,0,-158.54263305664063,0,-0.0048292191160945542,0,-0.0056,0,0,-24
2921.875,0,158.538818359375,0,-0.030517578125,-158.538818359375,0,-0.0048287862932549627,0,-0.0046,0,0,-24
2922,0,158.538818359375,0,0,-158.538818359375,0,-0.0048287899380722943,0,-0.0052,0,0,-24
2922.125,0,158.54263305664063,0,0.030517578125,-158.54263305664063,0,-0.0048292240753288508,0,-0.0056,0,0,-24
2922.25,0,158.538818359375,0,-0.030517578125,-158.538818359375,0,-0.0048287911599670906,0,-0.0036,0,0,-24
2922.375,0,158.54644775390625,0,0.06103515625,-158.54644775390625,0,-0.0048296558348662312,0,-0.0042,0,0,-24
2922.5,0,158.538818359375,0,-0.06103515625,-158.538818359375,0,-0.004828786471685091,0,-0.0044,0,0,-24
2922.625,0,158.54644775390625,0,0.06103515625,-158.54644775390625,0,-0.0048296512340513667,0,-0.0044,0,0,-24
2922.75,0,158.538818359375,0,-0.06103515625,-158.538818359375,0,-0.004828781956705528,0,-0.0044,0,0,-24
2922.875,0,158.54263305664063,0,0.030517578125,-158.54263305664063,0,-0.0048292162428667977,0,-0.0046,0,0,-24
2923,0,158.54263305664063,0,0,-158.54263305664063,0,-0.0048292140340706205,0,-0.0048,0,0,-24
2923.125,0,158.54263305664063,0,0,-158.54263305664063,0,-0.0048292118664829443,0,-0.0048,0,0,-24
2923.25,0,158.54263305664063,0,0,-158.54263305664063,0,-0.0048292097393349614,0,-0.0044,0,0,-24
2923.375,0,158.54263305664063,0,0,-158.54263305664063,0,-0.0048292076518722067,0,-0.0048,0,0,-24
2923.5,0,158.538818359375,0,-0.030517578125,-158.538818359375,0,-0.0048287750429153739,0,-0.0054,0,0,-24
2923.625,0,158.54644775390625,0,0.06103515625,-158.54644775390625,0,-0.0048296400185029852,0,-0.004,0,0,-24
2923.75,0,158.54263305664063,0,-0.030517578125,-158.54263305664063,0,-0.0048292015108394254,0,-0.0036,0,0,-24
2923.875,0,158.54263305664063,0,0,-158.54263305664063,0,-0.0048291995768919528,0,-0.005,0,0,-24
2924,0,158.53500366210938,0,-0.06103515625,-158.53500366210938,0,-0.0048283365581474206,0,-0.0054,0,0,-24
2924.125,0,158.538818359375,0,0.030517578125,-158.538818359375,0,-0.0048287769861461325,0,-0.005,0,0,-24
2924.25,0,158.54263305664063,0,0.030517578125,-158.54263305664063,0,-0.0048292113650408586,0,-0.0044,0,0,-24
2924.375,0,158.538818359375,0,-0.030517578125,-158.538818359375,0,-0.0048287786868091345,0,-0.0048,0,0,-24
2924.5,0,158.54263305664063,0,0.030517578125,-158.54263305664063,0,-0.0048292130339753674,0,-0.0048,0,0,-24
2924.625,0,158.53500366210938,0,-0.06103515625,-158.53500366210938,0,-0.0048283497641681784,0,-0.0048,0,0,-24
2924.75,0,158.54263305664063,0,0.06103515625,-158.54263305664063,0,-0.004829220506227111,0,-0.0034,0,0,-24
2924.875,0,158.54263305664063,0,0,-158.54263305664063,0,-0.0048292182178913678,0,-0.0032,0,0,-24
2925,0,158.54263305664063,0,0,-158.54263305664063,0,-0.0048292159722480594,0,-0.0052,0,0,-24
2925.125,0,158.538818359375,0,-0.030517578125,-158.538818359375,0,-0.0048287832080617758,0,-0.0042,0,0,-24
2925.25,0,158.54263305664063,0,0.030517578125,-158.54263305664063,0,-0.0048292174708770641,0,-0.0042,0,0,-24
2925.375,0,158.538818359375,0,-0.030517578125,-158.538818359375,0,-0.0048287846787315432,0,-0.0052,0,0,-24
2925.5,0,158.54263305664063,0,0.030517578125,-158.54263305664063,0,-0.0048292189141092177,0,-0.005,0,0,-24
2925.625,0,158.54263305664063,0,0,-158.54263305664063,0,-0.0048292166554768905,0,-0.0044,0,0,-24
2925.75,0,158.54263305664063,0,0,-158.54263305664063,0,-0.0048292144389828354,0,-0.004,0,0,-24
2925.875,0,158.54263305664063,0,0,-158.54263305664063,0,-0.0048292122638408973,0,-0.005,0,0,-24
2926,0,158.53500366210938,0,-0.06103515625,-158.53500366210938,0,-0.004828349008401755,0,-0.0042,0,0,-24
2926.125,0,158.538818359375,0,0.030517578125,-158.538818359375,0,-0.0048287892041217594,0,-0.0056,0,0,-24
2926.25,0,158.54263305664063,0,0.030517578125,-158.54263305664063,0,-0.0048292233550712958,0,-0.0046,0,0,-24
2926.375,0,158.54644775390625,0,0.030517578125,-158.54644775390625,0,-0.0048296515740248848,0,-0.0046,0,0,-24
2926.5,0,158.54263305664063,0,-0.030517578125,-158.54263305664063,0,-0.0048292128507752318,0,-0.0046,0,0,-24
2926.625,0,158.538818359375,0,-0.030517578125,-158.538818359375,0,-0.00482878014482484,0,-0.0044,0,0,-24
2926.75,0,158.54263305664063,0,0.030517578125,-158.54263305664063,0,-0.00482921446478954,0,-0.005,0,0,-24
2926.875,0,158.538818359375,0,-0.030517578125,-158.538818359375,0,-0.0048287817287272217,0,-0.0052,0,0,-24
2927,0,158.54263305664063,0,0.030517578125,-158.54263305664063,0,-0.0048292160191417792,0,-0.0052,0,0,-24
2927.125,0,158.538818359375,0,-0.030517578125,-158.538818359375,0,-0.0048287832540806208,0,-0.0054,0,0,-24
2927.25,0,158.54263305664063,0,0.030517578125,-158.54263305664063,0,-0.0048292175160373563,0,-0.006,0,0,-24
2927.375,0,158.54263305664063,0,0,-158.54263305664063,0,-0.0048292152834882177,0,-0.0038,0,0,-24
2927.5,0,158.538818359375,0,-0.030517578125,-158.538818359375,0,-0.0048287825321518115,0,-0.0044,0,0,-24
2927.625,0,158.54644775390625,0,0.06103515625,-158.54644775390625,0,-0.0048296473680161595,0,-0.005,0,0,-24
2927.75,0,158.54263305664063,0,-0.030517578125,-158.54263305664063,0,-0.00482920872323609,0,-0.0042,0,0,-24
2927.875,0,158.54263305664063,0,0,-158.54263305664063,0,-0.0048292066547302274,0,-0.0044,0,0,-24
2928,0,158.538818359375,0,-0.030517578125,-158.538818359375,0,-0.004828774064376617,0,-0.0048,0,0,-24
2928.125,0,158.54263305664063,0,0.030517578125,-158.54263305664063,0,-0.0048292084977814616,0,-0.005,0,0,-24
2928.25,0,158.54263305664063,0,0,-158.54263305664063,0,-0.0048292064334818034,0,-0.0048,0,0,-24
2928.375,0,158.538818359375,0,-0.030517578125,-158.538818359375,0,-0.004828773847255924,0,-0.0042,0,0,-24
2928.5,0,158.538818359375,0,0,-158.538818359375,0,-0.0048287777242725736,0,-0.0048,0,0,-24
2928.625,0,158.538818359375,0,0,-158.538818359375,0,-0.0048287815289574949,0,-0.0044,0,0,-24
2928.75,0,158.54263305664063,0,0.030517578125,-158.54263305664063,0,-0.0048292158230990642,0,-0.0046,0,0,-24
2928.875,0,158.54644775390625,0,0.030517578125,-158.54644775390625,0,-0.004829644182573218,0,-0.0048,0,0,-24
2929,0,158.54644775390625,0,0,-158.54644775390625,0,-0.0048296361576614186,0,-0.005,0,0,-24
2929.125,0,158.54263305664063,0,-0.030517578125,-158.54263305664063,0,-0.0048291977220278164,0,-0.0046,0,0,-24
2929.25,0,158.54263305664063,0,0,-158.54263305664063,0,-0.0048291958587664708,0,-0.0054,0,0,-24
2929.375,0,158.54263305664063,0,0,-158.54263305664063,0,-0.0048291940302671406,0,-0.0058,0,0,-24
2929.5,0,158.54263305664063,0,0,-158.54263305664063,0,-0.0048291922358812871,0,-0.0054,0,0,-24
2929.625,0,158.54263305664063,0,0,-158.54263305664063,0,-0.0048291904749724708,0,-0.0038,0,0,-24
2929.75,0,158.54263305664063,0,0,-158.54263305664063,0,-0.0048291887469161261,0,-0.0044,0,0,-24
2929.875,0,158.538818359375,0,-0.030517578125,-158.538818359375,0,-0.004828756490660422,0,-0.0054,0,0,-24
2930,0,158.538818359375,0,0,-158.538818359375,0,-0.0048287606914911452,0,-0.0046,0,0,-24
2930.125,0,158.54263305664063,0,0.030517578125,-158.54263305664063,0,-0.0048291953743878051,0,-0.0048,0,0,-24
2930.25,0,158.53500366210938,0,-0.06103515625,-158.53500366210938,0,-0.0048283324340474736,0,-0.0038,0,0,-24
2930.375,0,158.54263305664063,0,0.06103515625,-158.54263305664063,0,-0.0048292034994265511,0,-0.005,0,0,-24
2930.5,0,158.538818359375,0,-0.030517578125,-158.538818359375,0,-0.00482877096794,0,-0.0046,0,0,-24
2930.625,0,158.54263305664063,0,0.030517578125,-158.54263305664063,0,-0.0048292054591136486,0,-0.005,0,0,-24
2930.75,0,158.54263305664063,0,0,-158.54263305664063,0,-0.0048292034515050276,0,-0.0044,0,0,-24
2930.875,0,158.54263305664063,0,0,-158.54263305664063,0,-0.0048292014813514431,0,-0.0048,0,0,-24
2931,0,158.538818359375,0,-0.030517578125,-158.538818359375,0,-0.004828768987515197,0,-0.0048,0,0,-24
2931.125,0,158.54263305664063,0,0.030517578125,-158.54263305664063,0,-0.0048292035156367258,0,-0.0056,0,0,-24
2931.25,0,158.54263305664063,0,0,-158.54263305664063,0,-0.0048292015442866652,0,-0.0052,0,0,-24
2931.375,0,158.538818359375,0,-0.030517578125,-158.538818359375,0,-0.0048287690492762655,0,-0.0054,0,0,-24
2931.5,0,158.54644775390625,0,0.06103515625,-158.54644775390625,0,-0.0048296341366844634,0,-0.0042,0,0,-24
2931.625,0,158.538818359375,0,-0.06103515625,-158.538818359375,0,-0.0048287651783163882,0,-0.0044,0,0,-24
2931.75,0,158.54644775390625,0,0.06103515625,-158.54644775390625,0,-0.0048296303379433162,0,-0.0056,0,0,-24
2931.875,0,158.54263305664063,0,-0.030517578125,-158.54263305664063,0,-0.004829192010885535,0,-0.0048,0,0,-24
2932,0,158.54263305664063,0,0,-158.54263305664063,0,-0.0048291902541743618,0,-0.005,0,0,-24
2932.125,0,158.54263305664063,0,0,-158.54263305664063,0,-0.0048291885302373461,0,-0.0046,0,0,-24
2932.25,0,158.538818359375,0,-0.030517578125,-158.538818359375,0,-0.0048287562780241194,0,-0.0054,0,0,-24
2932.375,0,158.538818359375,0,0,-158.538818359375,0,-0.0048287604828219,0,-0.0044,0,0,-24
2932.5,0,158.54644775390625,0,0.06103515625,-158.54644775390625,0,-0.0048296257300505232,0,-0.0056,0,0,-24
2932.625,0,158.54263305664063,0,-0.030517578125,-158.54263305664063,0,-0.0048291874889600933,0,-0.0046,0,0,-24
2932.75,0,158.53500366210938,0,-0.06103515625,-158.53500366210938,0,-0.0048283246957345838,0,-0.0054,0,0,-24
2932.875,0,158.54263305664063,0,0.06103515625,-158.54263305664063,0,-0.0048291959054838291,0,-0.0048,0,0,-24
2933,0,158.538818359375,0,-0.030517578125,-158.538818359375,0,-0.0048287635156739981,0,-0.0052,0,0,-24
2933.125,0,158.54644775390625,0,0.06103515625,-158.54644775390625,0,-0.0048296287063200856,0,-0.005,0,0,-24
2933.25,0,158.538818359375,0,-0.06103515625,-158.538818359375,0,-0.0048287598492638374,0,-0.0054,0,0,-24
2933.375,0,158.538818359375,0,0,-158.538818359375,0,-0.00482876398743463,0,-0.004,0,0,-24
2933.5,0,158.54263305664063,0,0.030517578125,-158.54263305664063,0,-0.0048291986088403781,0,-0.005,0,0,-24
2933.625,0,158.54644775390625,0,0.030517578125,-158.54644775390625,0,-0.0048296272894730926,0,-0.0052,0,0,-24
2933.75,0,158.54263305664063,0,-0.030517578125,-158.54263305664063,0,-0.0048291890192892284,0,-0.0054,0,0,-24
2933.875,0,158.538818359375,0,-0.030517578125,-158.538818359375,0,-0.0048287567579519842,0,-0.0038,0,0,-24
2934,0,158.54263305664063,0,0.030517578125,-158.54263305664063,0,-0.0048291915142348874,0,-0.0044,0,0,-24
2934.125,0,158.54263305664063,0,0,-158.54263305664063,0,-0.0048291897667894984,0,-0.0044,0,0,-24
2934.25,0,158.538818359375,0,-0.030517578125,-158.538818359375,0,-0.0048287574915064834,0,-0.0058,0,0,-24
2934.375,0,158.53500366210938,0,-0.030517578125,-158.53500366210938,0,-0.0048283311132259615,0,-0.0046,0,0,-24
2934.5,0,158.538818359375,0,0.030517578125,-158.538818359375,0,-0.0048287716428080853,0,-0.004,0,0,-24
2934.625,0,158.54644775390625,0,0.06103515625,-158.54644775390625,0,-0.0048296366818299449,0,-0.005,0,0,-24
2934.75,0,158.54263305664063,0,-0.030517578125,-158.54263305664063,0,-0.0048291982364171695,0,-0.004,0,0,-24
2934.875,0,158.538818359375,0,-0.030517578125,-158.538818359375,0,-0.00482876580312018,0,-0.0048,0,0,-24
2935,0,158.54263305664063,0,0.030517578125,-158.54263305664063,0,-0.0048292003906515125,0,-0.0052,0,0,-24
2935.125,0,158.54263305664063,0,0,-158.54263305664063,0,-0.0048291984776028737,0,-0.0054,0,0,-24
2935.25,0,158.54263305664063,0,0,-158.54263305664063,0,-0.00482919660024511,0,-0.004,0,0,-24
2935.375,0,158.54263305664063,0,0,-158.54263305664063,0,-0.0048291947579123511,0,-0.0044,0,0,-24
2935.5,0,158.54263305664063,0,0,-158.54263305664063,0,-0.0048291929499511537,0,-0.0052,0,0,-24
2935.625,0,158.54644775390625,0,0.030517578125,-158.54644775390625,0,-0.0048296217361591788,0,-0.005,0,0,-24
2935.75,0,158.54263305664063,0,-0.030517578125,-158.54263305664063,0,-0.0048291835695809552,0,-0.004,0,0,-24
2935.875,0,158.538818359375,0,-0.030517578125,-158.538818359375,0,-0.0048287514099164281,0,-0.0048,0,0,-24
2936,0,158.54644775390625,0,0.06103515625,-158.54644775390625,0,-0.0048296168264141039,0,-0.0046,0,0,-24
2936.125,0,158.538818359375,0,-0.06103515625,-158.538818359375,0,-0.0048287481909958345,0,-0.0044,0,0,-24
2936.25,0,158.54644775390625,0,0.06103515625,-158.54644775390625,0,-0.0048296136675474409,0,-0.005,0,0,-24
2936.375,0,158.54644775390625,0,0,-158.54644775390625,0,-0.0048296062119405365,0,-0.004,0,0,-24
2936.5,0,158.54263305664063,0,-0.030517578125,-158.54263305664063,0,-0.0048291683349905674,0,-0.0048,0,0,-24
2936.625,0,158.54644775390625,0,0.030517578125,-158.54644775390625,0,-0.0048295975804286666,0,-0.0058,0,0,-24
2936.75,0,158.54263305664063,0,-0.030517578125,-158.54263305664063,0,-0.0048291598645128714,0,-0.0044,0,0,-24
2936.875,0,158.538818359375,0,-0.030517578125,-158.538818359375,0,-0.0048287281471029704,0,-0.004,0,0,-24
2937,0,158.54644775390625,0,0.06103515625,-158.54644775390625,0,-0.0048295939976043291,0,-0.0048,0,0,-24
2937.125,0,158.54263305664063,0,-0.030517578125,-158.54263305664063,0,-0.0048291563485316508,0,-0.005,0,0,-24
2937.25,0,158.54644775390625,0,0.030517578125,-158.54644775390625,0,-0.0048295858175956387,0,-0.0052,0,0,-24
2937.375,0,158.538818359375,0,-0.06103515625,-158.538818359375,0,-0.0048287177606947292,0,-0.0042,0,0,-24
2937.5,0,158.54263305664063,0,0.030517578125,-158.54263305664063,0,-0.004829153244531645,0,-0.0042,0,0,-24
2937.625,0,158.54644775390625,0,0.030517578125,-158.54644775390625,0,-0.0048295827715055424,0,-0.005,0,0,-24
2937.75,0,158.538818359375,0,-0.06103515625,-158.538818359375,0,-0.0048287147714341436,0,-0.005,0,0,-24
2937.875,0,158.538818359375,0,0,-158.538818359375,0,-0.0048287197506014122,0,-0.005,0,0,-24
2938,0,158.54263305664063,0,0.030517578125,-158.54263305664063,0,-0.0048291551973135482,0,-0.005,0,0,-24
2938.125,0,158.538818359375,0,-0.030517578125,-158.538818359375,0,-0.0048287235669774529,0,-0.005,0,0,-24
2938.25,0,158.54263305664063,0,0.030517578125,-158.54263305664063,0,-0.0048291589424892048,0,-0.0046,0,0,-24
2938.375,0,158.538818359375,0,-0.030517578125,-158.538818359375,0,-0.0048287272422810777,0,-0.0044,0,0,-24
2938.5,0,158.538818359375,0,0,-158.538818359375,0,-0.0048287319887854521,0,-0.0044,0,0,-24
2938.625,0,158.54263305664063,0,0.030517578125,-158.54263305664063,0,-0.00482916720717538,0,-0.0052,0,0,-24
2938.75,0,158.538818359375,0,-0.030517578125,-158.538818359375,0,-0.0048287353527767789,0,-0.005,0,0,-24
2938.875,0,158.538818359375,0,0,-158.538818359375,0,-0.00482873994796734,0,-0.0048,0,0,-24
2939,0,158.538818359375,0,0,-158.538818359375,0,-0.00482874445742753,0,-0.0044,0,0,-24
2939.125,0,158.538818359375,0,0,-158.538818359375,0,-0.0048287488827567816,0,-0.0046,0,0,-24
2939.25,0,158.54263305664063,0,0.030517578125,-158.54263305664063,0,-0.004829183785963604,0,-0.0048,0,0,-24
2939.375,0,158.54263305664063,0,0,-158.54263305664063,0,-0.0048291821827010414,0,-0.0048,0,0,-24
2939.5,0,158.54263305664063,0,0,-158.54263305664063,0,-0.004829180609349816,0,-0.0046,0,0,-24
2939.625,0,158.54263305664063,0,0,-158.54263305664063,0,-0.0048291790653518856,0,-0.0044,0,0,-24
2939.75,0,158.54263305664063,0,0,-158.54263305664063,0,-0.00482917755015962,0,-0.0042,0,0,-24
2939.875,0,158.54263305664063,0,0,-158.54263305664063,0,-0.0048291760632356035,0,-0.005,0,0,-24
2940,0,158.538818359375,0,-0.030517578125,-158.538818359375,0,-0.0048287440436135332,0,-0.0048,0,0,-24
2940.125,0,158.54263305664063,0,0.030517578125,-158.54263305664063,0,-0.0048291790371020405,0,-0.0048,0,0,-24
2940.25,0,158.54263305664063,0,0,-158.54263305664063,0,-0.0048291775224368191,0,-0.0046,0,0,-24
2940.375,0,158.54263305664063,0,0,-158.54263305664063,0,-0.0048291760360300142,0,-0.0044,0,0,-24
2940.5,0,158.538818359375,0,-0.030517578125,-158.538818359375,0,-0.0048287440169155057,0,-0.0052,0,0,-24
2940.625,0,158.54263305664063,0,0.030517578125,-158.54263305664063,0,-0.0048291790109021059,0,-0.0054,0,0,-24
2940.75,0,158.54263305664063,0,0,-158.54263305664063,0,-0.0048291774967256845,0,-0.005,0,0,-24
2940.875,0,158.54644775390625,0,0.030517578125,-158.54644775390625,0,-0.0048296065712374776,0,-0.0034,0,0,-24
2941,0,158.538818359375,0,-0.06103515625,-158.538818359375,0,-0.0048287381271453532,0,-0.0042,0,0,-24
2941.125,0,158.538818359375,0,0,-158.538818359375,0,-0.0048287426705757872,0,-0.0044,0,0,-24
2941.25,0,158.538818359375,0,0,-158.538818359375,0,-0.0048287471292415155,0,-0.0056,0,0,-24
2941.375,0,158.54644775390625,0,0.06103515625,-158.54644775390625,0,-0.0048296126256017879,0,-0.0054,0,0,-24
2941.5,0,158.538818359375,0,-0.06103515625,-158.538818359375,0,-0.0048287440685561541,0,-0.005,0,0,-24
2941.625,0,158.54263305664063,0,0.030517578125,-158.54263305664063,0,-0.0048291790615793183,0,-0.0038,0,0,-24
2941.75,0,158.538818359375,0,-0.030517578125,-158.538818359375,0,-0.0048287469860185186,0,-0.0052,0,0,-24
2941.875,0,158.54644775390625,0,0.06103515625,-158.54644775390625,0,-0.0048296124850508368,0,-0.004,0,0,-24
2942,0,158.53500366210938,0,-0.091552734375,-158.53500366210938,0,-0.0048283133701884813,0,-0.0046,0,0,-24
2942.125,0,158.53500366210938,0,0,-158.53500366210938,0,-0.0048283236703554333,0,-0.0052,0,0,-24
2942.25,0,158.54263305664063,0,0.06103515625,-158.54263305664063,0,-0.0048291948992347095,0,-0.0054,0,0,-24
2942.375,0,158.538818359375,0,-0.030517578125,-158.538818359375,0,-0.0048287625281980082,0,-0.0048,0,0,-24
2942.5,0,158.54263305664063,0,0.030517578125,-158.54263305664063,0,-0.0048291971768280673,0,-0.0046,0,0,-24
2942.625,0,158.538818359375,0,-0.030517578125,-158.538818359375,0,-0.0048287647632993475,0,-0.0048,0,0,-24
2942.75,0,158.54263305664063,0,0.030517578125,-158.54263305664063,0,-0.0048291993702301418,0,-0.0046,0,0,-24
2942.875,0,158.54263305664063,0,0,-158.54263305664063,0,-0.0048291974762190385,0,-0.0044,0,0,-24
2943,0,158.54263305664063,0,0,-158.54263305664063,0,-0.0048291956175436348,0,-0.0042,0,0,-24
2943.125,0,158.538818359375,0,-0.030517578125,-158.538818359375,0,-0.0048287632331057723,0,-0.0054,0,0,-24
2943.25,0,158.54263305664063,0,0.030517578125,-158.54263305664063,0,-0.0048291978685846889,0,-0.0054,0,0,-24
2943.375,0,158.538818359375,0,-0.030517578125,-158.538818359375,0,-0.0048287654421501815,0,-0.005,0,0,-24
2943.5,0,158.54644775390625,0,0.06103515625,-158.54644775390625,0,-0.0048296305968548829,0,-0.0046,0,0,-24
2943.625,0,158.54263305664063,0,-0.030517578125,-158.54263305664063,0,-0.0048291922649667069,0,-0.004,0,0,-24
2943.75,0,158.54644775390625,0,0.030517578125,-158.54644775390625,0,-0.0048296210639541736,0,-0.005,0,0,-24
2943.875,0,158.54644775390625,0,0,-158.54644775390625,0,-0.0048296134703558879,0,-0.004,0,0,-24
2944,0,158.54263305664063,0,-0.030517578125,-158.54263305664063,0,-0.00482917545798898,0,-0.004,0,0,-24
2944.125,0,158.54263305664063,0,0,-158.54263305664063,0,-0.0048291740100976357,0,-0.0042,0,0,-24
2944.25,0,158.54644775390625,0,0.030517578125,-158.54644775390625,0,-0.0048296031496578556,0,-0.005,0,0,-24
2944.375,0,158.54263305664063,0,-0.030517578125,-158.54263305664063,0,-0.0048291653298394958,0,-0.0048,0,0,-24
2944.5,0,158.54263305664063,0,0,-158.54263305664063,0,-0.0048291640709044095,0,-0.0046,0,0,-24
2944.625,0,158.54263305664063,0,0,-158.54263305664063,0,-0.0048291628354567,0,-0.0048,0,0,-24
2944.75,0,158.54644775390625,0,0.030517578125,-158.54644775390625,0,-0.0048295921834970905,0,-0.0048,0,0,-24
2944.875,0,158.538818359375,0,-0.06103515625,-158.538818359375,0,-0.0048287240078304658,0,-0.0048,0,0,-24
2945,0,158.538818359375,0,0,-158.538818359375,0,-0.0048287288146785078,0,-0.0054,0,0,-24
2945.125,0,158.54263305664063,0,0.030517578125,-158.54263305664063,0,-0.0048291640922862979,0,-0.0048,0,0,-24
2945.25,0,158.54263305664063,0,0,-158.54263305664063,0,-0.0048291628564396758,0,-0.0062,0,0,-24
2945.375,0,158.54263305664063,0,0,-158.54263305664063,0,-0.00482916164364968,0,-0.0048,0,0,-24
2945.5,0,158.53500366210938,0,-0.06103515625,-158.53500366210938,0,-0.00482829933260832,0,-0.005,0,0,-24
2945.625,0,158.54263305664063,0,0.06103515625,-158.54263305664063,0,-0.0048291710155458252,0,-0.0044,0,0,-24
2945.75,0,158.54263305664063,0,0,-158.54263305664063,0,-0.0048291696505351131,0,-0.006,0,0,-24
2945.875,0,158.54263305664063,0,0,-158.54263305664063,0,-0.0048291683109907826,0,-0.0044,0,0,-24
2946,0,158.538818359375,0,-0.030517578125,-158.538818359375,0,-0.0048287364359988023,0,-0.0048,0,0,-24
2946.125,0,158.538818359375,0,0,-158.538818359375,0,-0.0048287410109801848,0,-0.0046,0,0,-24
2946.25,0,158.538818359375,0,0,-158.538818359375,0,-0.00482874550060823,0,-0.0038,0,0,-24
2946.375,0,158.55026245117188,0,0.091552734375,-158.55026245117188,0,-0.0048300415877920826,0,-0.0044,0,0,-24
2946.5,0,158.54263305664063,0,-0.06103515625,-158.54263305664063,0,-0.0048291671955548159,0,-0.0054,0,0,-24
2946.625,0,158.53500366210938,0,-0.06103515625,-158.53500366210938,0,-0.004828304780934098,0,-0.0044,0,0,-24
2946.75,0,158.54263305664063,0,0.06103515625,-158.54263305664063,0,-0.0048291763622246783,0,-0.0046,0,0,-24
2946.875,0,158.538818359375,0,-0.030517578125,-158.538818359375,0,-0.0048287443370245049,0,-0.0058,0,0,-24
2947,0,158.53500366210938,0,-0.030517578125,-158.53500366210938,0,-0.0048283182041611444,0,-0.0038,0,0,-24
2947.125,0,158.53500366210938,0,0,-158.53500366210938,0,-0.0048283284141428769,0,-0.004,0,0,-24
2947.25,0,158.54263305664063,0,0.06103515625,-158.54263305664063,0,-0.0048291995545194774,0,-0.005,0,0,-24
2947.375,0,158.53500366210938,0,-0.06103515625,-158.53500366210938,0,-0.0048283365361923387,0,-0.0054,0,0,-24
2947.5,0,158.54263305664063,0,0.06103515625,-158.54263305664063,0,-0.0048292075250395729,0,-0.0054,0,0,-24
2947.625,0,158.54263305664063,0,0,-158.54263305664063,0,-0.004829205478887915,0,-0.0046,0,0,-24
2947.75,0,158.538818359375,0,-0.030517578125,-158.538818359375,0,-0.0048287729104714572,0,-0.0042,0,0,-24
2947.875,0,158.54644775390625,0,0.06103515625,-158.54644775390625,0,-0.0048296379258431004,0,-0.005,0,0,-24
2948,0,158.538818359375,0,-0.06103515625,-158.538818359375,0,-0.0048287688967824233,0,-0.0044,0,0,-24
2948.125,0,158.54263305664063,0,0.030517578125,-158.54263305664063,0,-0.0048292034265967126,0,-0.0042,0,0,-24
2948.25,0,158.54644775390625,0,0.030517578125,-158.54644775390625,0,-0.0048296320173467477,0,-0.0042,0,0,-24
2948.375,0,158.54263305664063,0,-0.030517578125,-158.54263305664063,0,-0.004829193658957104,0,-0.0046,0,0,-24
2948.5,0,158.54263305664063,0,0,-158.54263305664063,0,-0.004829191871498612,0,-0.005,0,0,-24
2948.625,0,158.54644775390625,0,0.030517578125,-158.54644775390625,0,-0.0048296206778268335,0,-0.005,0,0,-24
2948.75,0,158.538818359375,0,-0.06103515625,-158.538818359375,0,-0.0048287519705545161,0,-0.0044,0,0,-24
2948.875,0,158.54644775390625,0,0.06103515625,-158.54644775390625,0,-0.004829617376592623,0,-0.0046,0,0,-24
2949,0,158.54263305664063,0,-0.030517578125,-158.54263305664063,0,-0.0048291792913488412,0,-0.0052,0,0,-24
2949.125,0,158.538818359375,0,-0.030517578125,-158.538818359375,0,-0.0048287472115013368,0,-0.0048,0,0,-24
2949.25,0,158.54263305664063,0,0.030517578125,-158.54263305664063,0,-0.0048291821458880087,0,-0.0054,0,0,-24
2949.375,0,158.55026245117188,0,0.06103515625,-158.55026245117188,0,-0.0048300416941014172,0,-0.0054,0,0,-24
2949.5,0,158.54263305664063,0,-0.06103515625,-158.54263305664063,0,-0.0048291672998807857,0,-0.0048,0,0,-24
2949.625,0,158.55026245117188,0,0.06103515625,-158.55026245117188,0,-0.0048300271250693687,0,-0.004,0,0,-24
2949.75,0,158.54263305664063,0,-0.06103515625,-158.54263305664063,0,-0.0048291530026565131,0,-0.0044,0,0,-24
2949.875,0,158.54263305664063,0,0,-158.54263305664063,0,-0.0048291519737040482,0,-0.0052,0,0,-24
2950,0,158.538818359375,0,-0.030517578125,-158.538818359375,0,-0.0048287204035093621,0,-0.0046,0,0,-24
2950.125,0,158.538818359375,0,0,-158.538818359375,0,-0.0048287252776015761,0,-0.004,0,0,-24
2950.25,0,158.54263305664063,0,0.030517578125,-158.54263305664063,0,-0.0048291606211989949,0,-0.0042,0,0,-24
2950.375,0,158.54263305664063,0,0,-158.54263305664063,0,-0.004829159450110863,0,-0.005,0,0,-24
2950.5,0,158.538818359375,0,-0.030517578125,-158.538818359375,0,-0.0048287277404322707,0,-0.0036,0,0,-24
2950.625,0,158.54263305664063,0,0.030517578125,-158.54263305664063,0,-0.0048291630380817826,0,-0.0042,0,0,-24
2950.75,0,158.538818359375,0,-0.030517578125,-158.538818359375,0,-0.0048287312614640563,0,-0.0054,0,0,-24
2950.875,0,158.54263305664063,0,0.030517578125,-158.54263305664063,0,-0.0048291664934232868,0,-0.0046,0,0,-24
2951,0,158.538818359375,0,-0.030517578125,-158.538818359375,0,-0.0048287346523408327,0,-0.0054,0,0,-24
2951.125,0,158.538818359375,0,0,-158.538818359375,0,-0.0048287392605991077,0,-0.004,0,0,-24
2951.25,0,158.5540771484375,0,0.1220703125,-158.5540771484375,0,-0.0048304660246388763,0,-0.005,0,0,-24
2951.375,0,158.538818359375,0,-0.1220703125,-158.538818359375,0,-0.0048287247607594029,0,-0.0042,0,0,-24
2951.5,0,158.54644775390625,0,0.06103515625,-158.54644775390625,0,-0.0048295906744382265,0,-0.0046,0,0,-24
2951.625,0,158.538818359375,0,-0.06103515625,-158.538818359375,0,-0.0048287225269254231,0,-0.0046,0,0,-24
2951.75,0,158.538818359375,0,0,-158.538818359375,0,-0.0048287273614020338,0,-0.0042,0,0,-24
2951.875,0,158.54263305664063,0,0.030517578125,-158.54263305664063,0,-0.0048291626661229395,0,-0.0054,0,0,-24
2952,0,158.538818359375,0,-0.030517578125,-158.538818359375,0,-0.00482873089644468,0,-0.0054,0,0,-24
2952.125,0,158.54263305664063,0,0.030517578125,-158.54263305664063,0,-0.00482916613521391,0,-0.0054,0,0,-24
2952.25,0,158.53500366210938,0,-0.06103515625,-158.53500366210938,0,-0.0048283037403754874,0,-0.0048,0,0,-24
2952.375,0,158.538818359375,0,0.030517578125,-158.538818359375,0,-0.0048287447806403773,0,-0.0044,0,0,-24
2952.5,0,158.538818359375,0,0,-158.538818359375,0,-0.0048287491999395946,0,-0.0044,0,0,-24
2952.625,0,158.54263305664063,0,0.030517578125,-158.54263305664063,0,-0.0048291840972288823,0,-0.0052,0,0,-24
2952.75,0,158.538818359375,0,-0.030517578125,-158.538818359375,0,-0.00482875192772027,0,-0.0046,0,0,-24
2952.875,0,158.53500366210938,0,-0.030517578125,-158.53500366210938,0,-0.0048283256532407658,0,-0.0046,0,0,-24
2953,0,158.53500366210938,0,0,-158.53500366210938,0,-0.004828335724248423,0,-0.0062,0,0,-24
2953.125,0,158.54263305664063,0,0.06103515625,-158.54263305664063,0,-0.004829206728243724,0,-0.0044,0,0,-24
2953.25,0,158.538818359375,0,-0.030517578125,-158.538818359375,0,-0.0048287741365186055,0,-0.0046,0,0,-24
2953.375,0,158.538818359375,0,0,-158.538818359375,0,-0.0048287780081386136,0,-0.0056,0,0,-24
2953.5,0,158.54263305664063,0,0.030517578125,-158.54263305664063,0,-0.0048292123679664926,0,-0.0042,0,0,-24
2953.625,0,158.538818359375,0,-0.030517578125,-158.538818359375,0,-0.004828779671023643,0,-0.005,0,0,-24
2953.75,0,158.538818359375,0,0,-158.538818359375,0,-0.004828783439388919,0,-0.0042,0,0,-24
2953.875,0,158.54263305664063,0,0.030517578125,-158.54263305664063,0,-0.0048292176978884426,0,-0.0042,0,0,-24
2954,0,158.538818359375,0,-0.030517578125,-158.538818359375,0,-0.0048287849015076741,0,-0.0054,0,0,-24
2954.125,0,158.538818359375,0,0,-158.538818359375,0,-0.0048287885722901993,0,-0.0044,0,0,-24
2954.25,0,158.538818359375,0,0,-158.538818359375,0,-0.004828792174588612,0,-0.0042,0,0,-24
2954.375,0,158.538818359375,0,0,-158.538818359375,0,-0.0048287957096805889,0,-0.006,0,0,-24
2954.5,0,158.53500366210938,0,-0.030517578125,-158.53500366210938,0,-0.0048283686183810525,0,-0.0056,0,0,-24
2954.625,0,158.538818359375,0,0.030517578125,-158.538818359375,0,-0.0048288084482466321,0,-0.0046,0,0,-24
2954.75,0,158.54644775390625,0,0.06103515625,-158.54644775390625,0,-0.0048296728006062386,0,-0.0048,0,0,-24
2954.875,0,158.538818359375,0,-0.06103515625,-158.538818359375,0,-0.004828803120903038,0,-0.0044,0,0,-24
2955,0,158.54263305664063,0,0.030517578125,-158.54263305664063,0,-0.0048292370122135437,0,-0.0062,0,0,-24
2955.125,0,158.54263305664063,0,0,-158.54263305664063,0,-0.0048292344159331525,0,-0.0044,0,0,-24
2955.25,0,158.54644775390625,0,0.030517578125,-158.54644775390625,0,-0.0048296624285292947,0,-0.0052,0,0,-24
2955.375,0,158.538818359375,0,-0.06103515625,-158.538818359375,0,-0.0048287929423331951,0,-0.0046,0,0,-24
2955.5,0,158.53500366210938,0,-0.030517578125,-158.53500366210938,0,-0.0048283659026627955,0,-0.0042,0,0,-24
2955.625,0,158.53500366210938,0,0,-158.53500366210938,0,-0.0048283752227553734,0,-0.0046,0,0,-24
2955.75,0,158.53500366210938,0,0,-158.53500366210938,0,-0.004828384368967242,0,-0.0048,0,0,-24
2955.875,0,158.54644775390625,0,0.091552734375,-158.54644775390625,0,-0.004829685025859164,0,-0.0044,0,0,-24
2956,0,158.538818359375,0,-0.06103515625,-158.538818359375,0,-0.0048288151180750048,0,-0.0046,0,0,-24
2956.125,0,158.538818359375,0,0,-158.538818359375,0,-0.0048288182251208372,0,-0.004,0,0,-24
2956.25,0,158.54263305664063,0,0.030517578125,-158.54263305664063,0,-0.0048292518346388516,0,-0.0046,0,0,-24
2956.375,0,158.538818359375,0,-0.030517578125,-158.538818359375,0,-0.0048288184013843263,0,-0.0048,0,0,-24
2956.5,0,158.538818359375,0,0,-158.538818359375,0,-0.0048288214471749573,0,-0.004,0,0,-24
2956.625,0,158.54263305664063,0,0.030517578125,-158.54263305664063,0,-0.00482925499658058,0,-0.004,0,0,-24
2956.75,0,158.54644775390625,0,0.030517578125,-158.54644775390625,0,-0.0048296826252129856,0,-0.004,0,0,-24
2956.875,0,158.54263305664063,0,-0.030517578125,-158.54263305664063,0,-0.0048292433226555017,0,-0.0048,0,0,-24
2957,0,158.54263305664063,0,0,-158.54263305664063,0,-0.0048292406086440781,0,-0.0042,0,0,-24
2957.125,0,158.54263305664063,0,0,-158.54263305664063,0,-0.0048292379452667252,0,-0.0046,0,0,-24
2957.25,0,158.53118896484375,0,-0.091552734375,-158.53118896484375,0,-0.0048279436502620407,0,-0.0046,0,0,-24
2957.375,0,158.55026245117188,0,0.152587890625,-158.55026245117188,0,-0.0048301114825593568,0,-0.0044,0,0,-24
2957.5,0,158.538818359375,0,-0.091552734375,-158.538818359375,0,-0.0048288052258884315,0,-0.0056,0,0,-24
2957.625,0,158.53500366210938,0,-0.030517578125,-158.53500366210938,0,-0.004828377957049353,0,-0.005,0,0,-24
2957.75,0,158.54263305664063,0,0.06103515625,-158.54263305664063,0,-0.0048292481731265812,0,-0.0046,0,0,-24
2957.875,0,158.538818359375,0,-0.030517578125,-158.538818359375,0,-0.0048288148081832172,0,-0.0052,0,0,-24
2958,0,158.538818359375,0,0,-158.538818359375,0,-0.0048288179210105595,0,-0.005,0,0,-24
2958.125,0,158.53500366210938,0,-0.030517578125,-158.53500366210938,0,-0.004828390415324387,0,-0.0042,0,0,-24
2958.25,0,158.54263305664063,0,0.06103515625,-158.54263305664063,0,-0.0048292603989732695,0,-0.005,0,0,-24
2958.375,0,158.538818359375,0,-0.030517578125,-158.538818359375,0,-0.00482882680593787,0,-0.0048,0,0,-24
2958.5,0,158.538818359375,0,0,-158.538818359375,0,-0.0048288296949285849,0,-0.004,0,0,-24
2958.625,0,158.538818359375,0,0,-158.538818359375,0,-0.00482883253002072,0,-0.0048,0,0,-24
2958.75,0,158.538818359375,0,0,-158.538818359375,0,-0.004828835312219836,0,-0.0042,0,0,-24
2958.875,0,158.538818359375,0,0,-158.538818359375,0,-0.004828838042512734,0,-0.0046,0,0,-24
2959,0,158.538818359375,0,0,-158.538818359375,0,-0.0048288407218678052,0,-0.0046,0,0,-24
2959.125,0,158.54263305664063,0,0.030517578125,-158.54263305664063,0,-0.0048292739116742893,0,-0.005,0,0,-24
2959.25,0,158.53500366210938,0,-0.06103515625,-158.53500366210938,0,-0.0048284095060996826,0,-0.0048,0,0,-24
2959.375,0,158.54644775390625,0,0.091552734375,-158.54644775390625,0,-0.0048297096940196089,0,-0.005,0,0,-24
2959.5,0,158.54263305664063,0,-0.030517578125,-158.54263305664063,0,-0.0048292698864517659,0,-0.0044,0,0,-24
2959.625,0,158.54644775390625,0,0.030517578125,-158.54644775390625,0,-0.0048296972372906472,0,-0.0044,0,0,-24
2959.75,0,158.538818359375,0,-0.06103515625,-158.538818359375,0,-0.0048288271016833891,0,-0.0046,0,0,-24
2959.875,0,158.54263305664063,0,0.030517578125,-158.54263305664063,0,-0.0048292605455954318,0,-0.0046,0,0,-24
2960,0,158.54263305664063,0,0,-158.54263305664063,0,-0.004829257510263486,0,-0.0048,0,0,-24
2960.125,0,158.54263305664063,0,0,-158.54263305664063,0,-0.0048292545315603416,0,-0.0044,0,0,-24
2960.25,0,158.55026245117188,0,0.06103515625,-158.55026245117188,0,-0.0048301127293073308,0,-0.0044,0,0,-24
2960.375,0,158.54263305664063,0,-0.06103515625,-158.54263305664063,0,-0.0048292370098153153,0,-0.0052,0,0,-24
2960.5,0,158.538818359375,0,-0.030517578125,-158.538818359375,0,-0.00482880385314075,0,-0.0056,0,0,-24
2960.625,0,158.54263305664063,0,0.030517578125,-158.54263305664063,0,-0.0048292377307902314,0,-0.0034,0,0,-24
2960.75,0,158.54644775390625,0,0.030517578125,-158.54644775390625,0,-0.0048296656815426,0,-0.0058,0,0,-24
2960.875,0,158.54263305664063,0,-0.030517578125,-158.54263305664063,0,-0.0048292266950954333,0,-0.004,0,0,-24
2961,0,158.54263305664063,0,0,-158.54263305664063,0,-0.0048292242912968009,0,-0.0054,0,0,-24
2961.125,0,158.538818359375,0,-0.030517578125,-158.538818359375,0,-0.0048287913719058254,0,-0.0044,0,0,-24
2961.25,0,158.54644775390625,0,0.06103515625,-158.54644775390625,0,-0.0048296560428509215,0,-0.0046,0,0,-24
2961.375,0,158.54263305664063,0,-0.030517578125,-158.54263305664063,0,-0.0048292172362284225,0,-0.0046,0,0,-24
2961.5,0,158.55026245117188,0,0.06103515625,-158.55026245117188,0,-0.0048300761297773807,0,-0.0048,0,0,-24
2961.625,0,158.54263305664063,0,-0.06103515625,-158.54263305664063,0,-0.0048292010931060749,0,-0.0046,0,0,-24
2961.75,0,158.54644775390625,0,0.030517578125,-158.54644775390625,0,-0.0048296297273909793,0,-0.0036,0,0,-24
2961.875,0,158.54263305664063,0,-0.030517578125,-158.54263305664063,0,-0.0048291914117239943,0,-0.0054,0,0,-24
2962,0,158.53500366210938,0,-0.06103515625,-158.53500366210938,0,-0.0048283285453132709,0,-0.005,0,0,-24
2962.125,0,158.538818359375,0,0.030517578125,-158.538818359375,0,-0.004828769122803769,0,-0.0044,0,0,-24
2962.25,0,158.54263305664063,0,0.030517578125,-158.54263305664063,0,-0.0048292036484012812,0,-0.0054,0,0,-24
2962.375,0,158.54263305664063,0,0,-158.54263305664063,0,-0.0048292016745742931,0,-0.0056,0,0,-24
2962.5,0,158.54263305664063,0,0,-158.54263305664063,0,-0.0048291997375720938,0,-0.0052,0,0,-24
2962.625,0,158.54263305664063,0,0,-158.54263305664063,0,-0.0048291978367076592,0,-0.0052,0,0,-24
2962.75,0,158.538818359375,0,-0.030517578125,-158.538818359375,0,-0.0048287654108678671,0,-0.0046,0,0,-24
2962.875,0,158.54263305664063,0,0.030517578125,-158.54263305664063,0,-0.0048292000057172718,0,-0.0042,0,0,-24
2963,0,158.538818359375,0,-0.030517578125,-158.538818359375,0,-0.0048287675394112582,0,-0.0054,0,0,-24
2963.125,0,158.55026245117188,0,0.091552734375,-158.55026245117188,0,-0.0048300632154272306,0,-0.0038,0,0,-24
2963.25,0,158.538818359375,0,-0.091552734375,-158.538818359375,0,-0.0048287578592541387,0,-0.0046,0,0,-24
2963.375,0,158.54263305664063,0,0.030517578125,-158.54263305664063,0,-0.00482919259499055,0,-0.0046,0,0,-24
2963.5,0,158.54263305664063,0,0,-158.54263305664063,0,-0.0048291908273819968,0,-0.005,0,0,-24
2963.625,0,158.54644775390625,0,0.030517578125,-158.54644775390625,0,-0.0048296196531898254,0,-0.006,0,0,-24
2963.75,0,158.55026245117188,0,0.030517578125,-158.55026245117188,0,-0.004830042646350439,0,-0.005,0,0,-24
2963.875,0,158.54263305664063,0,-0.06103515625,-158.54263305664063,0,-0.0048291682343641331,0,-0.0058,0,0,-24
2964,0,158.54644775390625,0,0.030517578125,-158.54644775390625,0,-0.0048295974816795744,0,-0.0052,0,0,-24
2964.125,0,158.54644775390625,0,0,-158.54644775390625,0,-0.004829590328045013,0,-0.0038,0,0,-24
2964.25,0,158.54644775390625,0,0,-158.54644775390625,0,-0.0048295833078725436,0,-0.0052,0,0,-24
2964.375,0,158.54644775390625,0,0,-158.54644775390625,0,-0.004829576418672224,0,-0.0048,0,0,-24
2964.5,0,158.54644775390625,0,0,-158.54644775390625,0,-0.0048295696580005678,0,-0.006,0,0,-24
2964.625,0,158.54644775390625,0,0,-158.54644775390625,0,-0.0048295630234596746,0,-0.005,0,0,-24
2964.75,0,158.54644775390625,0,0,-158.54644775390625,0,-0.00482955651269638,0,-0.0056,0,0,-24
2964.875,0,158.54263305664063,0,-0.030517578125,-158.54263305664063,0,-0.0048291195629625045,0,-0.0032,0,0,-24
2965,0,158.53500366210938,0,-0.06103515625,-158.53500366210938,0,-0.0048282580370013007,0,-0.0044,0,0,-24
2965.125,0,158.54263305664063,0,0.06103515625,-158.54263305664063,0,-0.0048291304903720807,0,-0.0054,0,0,-24
2965.25,0,158.54644775390625,0,0.030517578125,-158.54644775390625,0,-0.0048295604418599385,0,-0.0044,0,0,-24
2965.375,0,158.55026245117188,0,0.030517578125,-158.55026245117188,0,-0.0048299845396992834,0,-0.0056,0,0,-24
2965.5,0,158.54263305664063,0,-0.06103515625,-158.54263305664063,0,-0.0048291112117822225,0,-0.0044,0,0,-24
2965.625,0,158.55026245117188,0,0.06103515625,-158.55026245117188,0,-0.004829972083380837,0,-0.0046,0,0,-24
2965.75,0,158.54263305664063,0,-0.06103515625,-158.54263305664063,0,-0.0048290989878556189,0,-0.0042,0,0,-24
2965.875,0,158.538818359375,0,-0.030517578125,-158.538818359375,0,-0.0048286684061937014,0,-0.0044,0,0,-24
2966,0,158.54644775390625,0,0.06103515625,-158.54644775390625,0,-0.0048295353712539124,0,-0.0044,0,0,-24
2966.125,0,158.53500366210938,0,-0.091552734375,-158.53500366210938,0,-0.0048282376950684377,0,-0.004,0,0,-24
2966.25,0,158.54263305664063,0,0.06103515625,-158.54263305664063,0,-0.0048291105279493658,0,-0.0048,0,0,-24
2966.375,0,158.54263305664063,0,0,-158.54263305664063,0,-0.0048291102914281075,0,-0.004,0,0,-24
2966.5,0,158.54263305664063,0,0,-158.54263305664063,0,-0.0048291100593195182,0,-0.0048,0,0,-24
2966.625,0,158.54263305664063,0,0,-158.54263305664063,0,-0.0048291098315412732,0,-0.004,0,0,-24
2966.75,0,158.538818359375,0,-0.030517578125,-158.538818359375,0,-0.0048286790475736661,0,-0.0038,0,0,-24
2966.875,0,158.538818359375,0,0,-158.538818359375,0,-0.0048286846932246788,0,-0.0042,0,0,-24
2967,0,158.54263305664063,0,0.030517578125,-158.54263305664063,0,-0.004829120793986277,0,-0.0054,0,0,-24
2967.125,0,158.54263305664063,0,0,-158.54263305664063,0,-0.004829120365936258,0,-0.005,0,0,-24
2967.25,0,158.54263305664063,0,0,-158.54263305664063,0,-0.0048291199458721729,0,-0.004,0,0,-24
2967.375,0,158.54263305664063,0,0,-158.54263305664063,0,-0.0048291195336450316,0,-0.0058,0,0,-24
2967.5,0,158.54263305664063,0,0,-158.54263305664063,0,-0.0048291191291086237,0,-0.0054,0,0,-24
2967.625,0,158.54263305664063,0,0,-158.54263305664063,0,-0.0048291187321194669,0,-0.0056,0,0,-24
2967.75,0,158.54263305664063,0,0,-158.54263305664063,0,-0.0048291183425367553,0,-0.0046,0,0,-24
2967.875,0,158.54263305664063,0,0,-158.54263305664063,0,-0.0048291179602223105,0,-0.0048,0,0,-24
2968,0,158.538818359375,0,-0.030517578125,-158.538818359375,0,-0.0048286870246016149,0,-0.0046,0,0,-24
2968.125,0,158.55026245117188,0,0.091552734375,-158.55026245117188,0,-0.0048299842027456083,0,-0.0046,0,0,-24
2968.25,0,158.538818359375,0,-0.091552734375,-158.538818359375,0,-0.0048286803206760215,0,-0.0046,0,0,-24
2968.375,0,158.54263305664063,0,0.030517578125,-158.54263305664063,0,-0.0048291165030142618,0,-0.005,0,0,-24
2968.5,0,158.54263305664063,0,0,-158.54263305664063,0,-0.0048291161550189478,0,-0.0034,0,0,-24
2968.625,0,158.538818359375,0,-0.030517578125,-158.538818359375,0,-0.0048286852530771062,0,-0.0036,0,0,-24
2968.75,0,158.54263305664063,0,0.030517578125,-158.54263305664063,0,-0.004829121343393793,0,-0.0058,0,0,-24
2968.875,0,158.54263305664063,0,0,-158.54263305664063,0,-0.0048291209050937292,0,-0.0046,0,0,-24
2969,0,158.54263305664063,0,0,-158.54263305664063,0,-0.0048291204749708293,0,-0.0042,0,0,-24
2969.125,0,158.54263305664063,0,0,-158.54263305664063,0,-0.0048291200528725355,0,-0.0048,0,0,-24
2969.25,0,158.538818359375,0,-0.030517578125,-158.538818359375,0,-0.00482868907821022,0,-0.0046,0,0,-24
2969.375,0,158.54644775390625,0,0.06103515625,-158.54644775390625,0,-0.0048295556576020623,0,-0.005,0,0,-24
2969.5,0,158.538818359375,0,-0.06103515625,-158.538818359375,0,-0.0048286881633823747,0,-0.0056,0,0,-24
2969.625,0,158.54263305664063,0,0.030517578125,-158.54263305664063,0,-0.0048291241994028256,0,-0.0044,0,0,-24
2969.75,0,158.538818359375,0,-0.030517578125,-158.538818359375,0,-0.0048286931473805889,0,-0.005,0,0,-24
2969.875,0,158.538818359375,0,0,-158.538818359375,0,-0.0048286985299779454,0,-0.0056,0,0,-24
2970,0,158.54644775390625,0,0.06103515625,-158.54644775390625,0,-0.0048295649330324757,0,-0.0046,0,0,-24
2970.125,0,158.54263305664063,0,-0.030517578125,-158.54263305664063,0,-0.0048291278262042369,0,-0.0044,0,0,-24
2970.25,0,158.538818359375,0,-0.030517578125,-158.538818359375,0,-0.0048286967065184231,0,-0.0056,0,0,-24
2970.375,0,158.54263305664063,0,0.030517578125,-158.54263305664063,0,-0.004829132583153488,0,-0.006,0,0,-24
2970.5,0,158.538818359375,0,-0.030517578125,-158.538818359375,0,-0.0048287013747194459,0,-0.004,0,0,-24
2970.625,0,158.54644775390625,0,0.06103515625,-158.54644775390625,0,-0.0048295677247009337,0,-0.0046,0,0,-24
2970.75,0,158.55026245117188,0,0.030517578125,-158.55026245117188,0,-0.0048299916866676416,0,-0.0048,0,0,-24
2970.875,0,158.54263305664063,0,-0.06103515625,-158.54263305664063,0,-0.0048291182254128571,0,-0.0032,0,0,-24
2971,0,158.538818359375,0,-0.030517578125,-158.538818359375,0,-0.0048286872848446226,0,-0.0044,0,0,-24
2971.125,0,158.54644775390625,0,0.06103515625,-158.54644775390625,0,-0.0048295538976944677,0,-0.0054,0,0,-24
2971.25,0,158.54263305664063,0,-0.030517578125,-158.54263305664063,0,-0.004829116996747488,0,-0.0046,0,0,-24
2971.375,0,158.54644775390625,0,0.030517578125,-158.54644775390625,0,-0.004829547199979735,0,-0.0048,0,0,-24
2971.5,0,158.54644775390625,0,0,-158.54644775390625,0,-0.0048295409844278762,0,-0.0044,0,0,-24
2971.625,0,158.54263305664063,0,-0.030517578125,-158.54263305664063,0,-0.0048291043243978123,0,-0.0048,0,0,-24
2971.75,0,158.54263305664063,0,0,-158.54263305664063,0,-0.0048291042036133812,0,-0.0048,0,0,-24
2971.875,0,158.538818359375,0,-0.030517578125,-158.538818359375,0,-0.0048286735246434532,0,-0.006,0,0,-24
2972,0,158.54263305664063,0,0.030517578125,-158.54263305664063,0,-0.0048291098337721683,0,-0.0044,0,0,-24
2972.125,0,158.54263305664063,0,0,-158.54263305664063,0,-0.0048291096102018568,0,-0.0052,0,0,-24
2972.25,0,158.54644775390625,0,0.030517578125,-158.54644775390625,0,-0.0048295399512415117,0,-0.0048,0,0,-24
2972.375,0,158.54263305664063,0,-0.030517578125,-158.54263305664063,0,-0.0048291033104871338,0,-0.0038,0,0,-24
2972.5,0,158.54644775390625,0,0.030517578125,-158.54644775390625,0,-0.0048295337690576878,0,-0.0052,0,0,-24
2972.625,0,158.54263305664063,0,-0.030517578125,-158.54263305664063,0,-0.004829097243641489,0,-0.0042,0,0,-24
2972.75,0,158.55026245117188,0,0.06103515625,-158.55026245117188,0,-0.0048299583758373236,0,-0.005,0,0,-24
2972.875,0,158.54263305664063,0,-0.06103515625,-158.54263305664063,0,-0.0048290855360474819,0,-0.0042,0,0,-24
2973,0,158.54644775390625,0,0.030517578125,-158.54644775390625,0,-0.0048295163262276368,0,-0.004,0,0,-24
2973.125,0,158.54644775390625,0,0,-158.54644775390625,0,-0.0048295106866732664,0,-0.0042,0,0,-24
2973.25,0,158.54263305664063,0,-0.030517578125,-158.54263305664063,0,-0.004829074591894569,0,-0.0054,0,0,-24
2973.375,0,158.54263305664063,0,0,-158.54263305664063,0,-0.0048290750258158681,0,-0.004,0,0,-24
2973.5,0,158.54263305664063,0,0,-158.54263305664063,0,-0.0048290754516416958,0,-0.005,0,0,-24
2973.625,0,158.538818359375,0,-0.030517578125,-158.538818359375,0,-0.0048286453090841683,0,-0.0058,0,0,-24
2973.75,0,158.54263305664063,0,0.030517578125,-158.54263305664063,0,-0.0048290821446176834,0,-0.0038,0,0,-24
2973.875,0,158.538818359375,0,-0.030517578125,-158.538818359375,0,-0.0048286518771923611,0,-0.0042,0,0,-24
2974,0,158.54263305664063,0,0.030517578125,-158.54263305664063,0,-0.0048290885901876822,0,-0.0054,0,0,-24
2974.125,0,158.54263305664063,0,0,-158.54263305664063,0,-0.0048290887629492216,0,-0.0048,0,0,-24
2974.25,0,158.54644775390625,0,0.030517578125,-158.54644775390625,0,-0.0048295194929265442,0,-0.0038,0,0,-24
2974.375,0,158.54644775390625,0,0,-158.54644775390625,0,-0.0048295137942925186,0,-0.0046,0,0,-24
2974.5,0,158.54263305664063,0,-0.030517578125,-158.54263305664063,0,-0.0048290776415363884,0,-0.0054,0,0,-24
2974.625,0,158.54263305664063,0,0,-158.54263305664063,0,-0.004829078018561913,0,-0.0052,0,0,-24
2974.75,0,158.54263305664063,0,0,-158.54263305664063,0,-0.0048290783885534443,0,-0.0044,0,0,-24
2974.875,0,158.53500366210938,0,-0.06103515625,-158.53500366210938,0,-0.00482821763076438,0,-0.004,0,0,-24
2975,0,158.538818359375,0,0.030517578125,-158.538818359375,0,-0.0048286602775369459,0,-0.0062,0,0,-24
2975.125,0,158.55026245117188,0,0.091552734375,-158.55026245117188,0,-0.0048299579546887059,0,-0.0038,0,0,-24
2975.25,0,158.54644775390625,0,-0.030517578125,-158.54644775390625,0,-0.0048295156831949584,0,-0.004,0,0,-24
2975.375,0,158.53500366210938,0,-0.091552734375,-158.53500366210938,0,-0.0048282183743206053,0,-0.0042,0,0,-24
2975.5,0,158.54644775390625,0,0.091552734375,-158.54644775390625,0,-0.0048295221280988156,0,-0.0046,0,0,-24
2975.625,0,158.54263305664063,0,-0.030517578125,-158.54263305664063,0,-0.0048290858198626685,0,-0.0054,0,0,-24
2975.75,0,158.54263305664063,0,0,-158.54263305664063,0,-0.0048290860443088958,0,-0.0044,0,0,-24
2975.875,0,158.54644775390625,0,0.030517578125,-158.54644775390625,0,-0.00482951682500665,0,-0.0048,0,0,-24
2976,0,158.54263305664063,0,-0.030517578125,-158.54263305664063,0,-0.0048290806157078705,0,-0.0054,0,0,-24
2976.125,0,158.54263305664063,0,0,-158.54263305664063,0,-0.0048290809372456365,0,-0.0052,0,0,-24
2976.25,0,158.54263305664063,0,0,-158.54263305664063,0,-0.0048290812527846195,0,-0.0054,0,0,-24
2976.375,0,158.55026245117188,0,0.06103515625,-158.55026245117188,0,-0.0048299426833145658,0,-0.0044,0,0,-24
2976.5,0,158.54263305664063,0,-0.06103515625,-158.54263305664063,0,-0.0048290701362929522,0,-0.0034,0,0,-24
2976.625,0,158.54644775390625,0,0.030517578125,-158.54644775390625,0,-0.0048295012137792919,0,-0.0054,0,0,-24
2976.75,0,158.54644775390625,0,0,-158.54644775390625,0,-0.0048294958561709662,0,-0.0046,0,0,-24
2976.875,0,158.54263305664063,0,-0.030517578125,-158.54263305664063,0,-0.0048290600380781748,0,-0.0038,0,0,-24
2977,0,158.54644775390625,0,0.030517578125,-158.54644775390625,0,-0.0048294913039622937,0,-0.0046,0,0,-24
2977.125,0,158.54644775390625,0,0,-158.54644775390625,0,-0.0048294861312368964,0,-0.0052,0,0,-24
2977.25,0,158.538818359375,0,-0.06103515625,-158.538818359375,0,-0.00482861993413884,0,-0.0038,0,0,-24
2977.375,0,158.54263305664063,0,0.030517578125,-158.54263305664063,0,-0.004829057243081118,0,-0.0058,0,0,-24
2977.5,0,158.54263305664063,0,0,-158.54263305664063,0,-0.0048290580006713039,0,-0.0048,0,0,-24
2977.625,0,158.54644775390625,0,0.030517578125,-158.54644775390625,0,-0.0048294893045663922,0,-0.005,0,0,-24
2977.75,0,158.54263305664063,0,-0.030517578125,-158.54263305664063,0,-0.0048290536087038944,0,-0.0056,0,0,-24
2977.875,0,158.54263305664063,0,0,-158.54263305664063,0,-0.0048290544340989956,0,-0.0058,0,0,-24
2978,0,158.54263305664063,0,0,-158.54263305664063,0,-0.004829055244095078,0,-0.0042,0,0,-24
2978.125,0,158.54263305664063,0,0,-158.54263305664063,0,-0.0048290560389794334,0,-0.0044,0,0,-24
2978.25,0,158.54263305664063,0,0,-158.54263305664063,0,-0.0048290568190339942,0,-0.0038,0,0,-24
2978.375,0,158.54263305664063,0,0,-158.54263305664063,0,-0.0048290575845354334,0,-0.0042,0,0,-24
2978.5,0,158.538818359375,0,-0.030517578125,-158.538818359375,0,-0.0048286277753163452,0,-0.0054,0,0,-24
2978.625,0,158.54263305664063,0,0.030517578125,-158.54263305664063,0,-0.0048290649379693559,0,-0.0058,0,0,-24
2978.75,0,158.54263305664063,0,0,-158.54263305664063,0,-0.0048290655519995273,0,-0.0036,0,0,-24
2978.875,0,158.54263305664063,0,0,-158.54263305664063,0,-0.0048290661545740184,0,-0.0046,0,0,-24
2979,0,158.538818359375,0,-0.030517578125,-158.538818359375,0,-0.0048286361854676359,0,-0.0052,0,0,-24
2979.125,0,158.54644775390625,0,0.06103515625,-158.54644775390625,0,-0.0048295037516552126,0,-0.0054,0,0,-24
2979.25,0,158.54263305664063,0,-0.030517578125,-158.54263305664063,0,-0.0048290677862599784,0,-0.0048,0,0,-24
2979.375,0,158.54263305664063,0,0,-158.54263305664063,0,-0.0048290683471508928,0,-0.004,0,0,-24
2979.5,0,158.54263305664063,0,0,-158.54263305664063,0,-0.0048290688975775216,0,-0.0056,0,0,-24
2979.625,0,158.538818359375,0,-0.030517578125,-158.538818359375,0,-0.0048286388772961755,0,-0.0046,0,0,-24
2979.75,0,158.54644775390625,0,0.06103515625,-158.54644775390625,0,-0.0048295063932635371,0,-0.005,0,0,-24
2979.875,0,158.53500366210938,0,-0.091552734375,-158.53500366210938,0,-0.00482820925770719,0,-0.0044,0,0,-24
2980,0,158.54263305664063,0,0.06103515625,-158.54263305664063,0,-0.0048290826211309749,0,-0.0046,0,0,-24
2980.125,0,158.53500366210938,0,-0.06103515625,-158.53500366210938,0,-0.004828221784376645,0,-0.0046,0,0,-24
2980.25,0,158.54263305664063,0,0.06103515625,-158.54263305664063,0,-0.0048290949140960809,0,-0.0048,0,0,-24
2980.375,0,158.54263305664063,0,0,-158.54263305664063,0,-0.0048290949688753505,0,-0.004,0,0,-24
2980.5,0,158.54263305664063,0,0,-158.54263305664063,0,-0.0048290950226326278,0,-0.0046,0,0,-24
2980.625,0,158.54644775390625,0,0.030517578125,-158.54644775390625,0,-0.0048295256358258975,0,-0.0048,0,0,-24
2980.75,0,158.538818359375,0,-0.06103515625,-158.538818359375,0,-0.0048286587017087722,0,-0.0042,0,0,-24
2980.875,0,158.538818359375,0,0,-158.538818359375,0,-0.0048286647269432919,0,-0.0058,0,0,-24
2981,0,158.54263305664063,0,0.030517578125,-158.54263305664063,0,-0.00482910120020668,0,-0.0044,0,0,-24
2981.125,0,158.54263305664063,0,0,-158.54263305664063,0,-0.0048291011377088553,0,-0.0054,0,0,-24
2981.25,0,158.54263305664063,0,0,-158.54263305664063,0,-0.0048291010763770242,0,-0.0042,0,0,-24
2981.375,0,158.53500366210938,0,-0.06103515625,-158.53500366210938,0,-0.0048282398953116,0,-0.0048,0,0,-24
2981.5,0,158.54263305664063,0,0.06103515625,-158.54263305664063,0,-0.0048291126871435964,0,-0.0054,0,0,-24
2981.625,0,158.538818359375,0,-0.030517578125,-158.538818359375,0,-0.0048286818499003207,0,-0.005,0,0,-24
2981.75,0,158.54644775390625,0,0.06103515625,-158.54644775390625,0,-0.0048295485641474392,0,-0.0048,0,0,-24
2981.875,0,158.54263305664063,0,-0.030517578125,-158.54263305664063,0,-0.00482911176270601,0,-0.0044,0,0,-24
2982,0,158.54263305664063,0,0,-158.54263305664063,0,-0.0048291115031484609,0,-0.0052,0,0,-24
2982.125,0,158.538818359375,0,-0.030517578125,-158.538818359375,0,-0.0048286806879944419,0,-0.0054,0,0,-24
2982.25,0,158.54263305664063,0,0.030517578125,-158.54263305664063,0,-0.0048291168634797908,0,-0.0042,0,0,-24
2982.375,0,158.538818359375,0,-0.030517578125,-158.538818359375,0,-0.0048286859483205194,0,-0.0058,0,0,-24
2982.5,0,158.54644775390625,0,0.06103515625,-158.54644775390625,0,-0.0048295525861052841,0,-0.0042,0,0,-24
2982.625,0,158.54263305664063,0,-0.030517578125,-158.54263305664063,0,-0.0048291157096280249,0,-0.0044,0,0,-24
2982.75,0,158.538818359375,0,-0.030517578125,-158.538818359375,0,-0.0048286848159956389,0,-0.0058,0,0,-24
2982.875,0,158.538818359375,0,0,-158.538818359375,0,-0.0048286903540278384,0,-0.0052,0,0,-24
2983,0,158.54263305664063,0,0.030517578125,-158.54263305664063,0,-0.0048291263491784175,0,-0.005,0,0,-24
2983.125,0,158.54263305664063,0,0,-158.54263305664063,0,-0.0048291258174877165,0,-0.004,0,0,-24
2983.25,0,158.54644775390625,0,0.030517578125,-158.54644775390625,0,-0.0048295558561554427,0,-0.004,0,0,-24
2983.375,0,158.538818359375,0,-0.06103515625,-158.538818359375,0,-0.0048286883582314352,0,-0.0042,0,0,-24
2983.5,0,158.538818359375,0,0,-158.538818359375,0,-0.00482869383017776,0,-0.0048,0,0,-24
2983.625,0,158.53500366210938,0,-0.030517578125,-158.53500366210938,0,-0.0048282686395975652,0,-0.0054,0,0,-24
2983.75,0,158.538818359375,0,0.030517578125,-158.538818359375,0,-0.0048287103347216332,0,-0.0044,0,0,-24
2983.875,0,158.538818359375,0,0,-158.538818359375,0,-0.00482871539666262,0,-0.005,0,0,-24
2984,0,158.55026245117188,0,0.091552734375,-158.55026245117188,0,-0.0048300120454820329,0,-0.0042,0,0,-24
2984.125,0,158.538818359375,0,-0.091552734375,-158.538818359375,0,-0.0048287076439632324,0,-0.0054,0,0,-24
2984.25,0,158.538818359375,0,0,-158.538818359375,0,-0.00482871275610447,0,-0.0038,0,0,-24
2984.375,0,158.538818359375,0,0,-158.538818359375,0,-0.0048287177728708226,0,-0.0046,0,0,-24
2984.5,0,158.54263305664063,0,0.030517578125,-158.54263305664063,0,-0.0048291532564805747,0,-0.0046,0,0,-24
2984.625,0,158.538818359375,0,-0.030517578125,-158.538818359375,0,-0.0048287216623537138,0,-0.005,0,0,-24
2984.75,0,158.54644775390625,0,0.06103515625,-158.54644775390625,0,-0.0048295876338380773,0,-0.0044,0,0,-24
2984.875,0,158.53500366210938,0,-0.091552734375,-158.53500366210938,0,-0.0048282889826134455,0,-0.0052,0,0,-24
2985,0,158.54644775390625,0,0.091552734375,-158.54644775390625,0,-0.0048295914190849935,0,-0.0048,0,0,-24
2985.125,0,158.54263305664063,0,-0.030517578125,-158.54263305664063,0,-0.004829153818118573,0,-0.0036,0,0,-24
2985.25,0,158.54263305664063,0,0,-158.54263305664063,0,-0.0048291527739524045,0,-0.0048,0,0,-24
2985.375,0,158.54263305664063,0,0,-158.54263305664063,0,-0.0048291517492667678,0,-0.0048,0,0,-24
2985.5,0,158.54263305664063,0,0,-158.54263305664063,0,-0.0048291507436982227,0,-0.0044,0,0,-24
2985.625,0,158.538818359375,0,-0.030517578125,-158.538818359375,0,-0.0048287191964511934,0,-0.005,0,0,-24
2985.75,0,158.54263305664063,0,0.030517578125,-158.54263305664063,0,-0.0048291546535018572,0,-0.0042,0,0,-24
2985.875,0,158.538818359375,0,-0.030517578125,-158.538818359375,0,-0.0048287230333114084,0,-0.0048,0,0,-24
2986,0,158.538818359375,0,0,-158.538818359375,0,-0.0048287278583406066,0,-0.0042,0,0,-24
2986.125,0,158.54263305664063,0,0.030517578125,-158.54263305664063,0,-0.0048291631537903563,0,-0.0046,0,0,-24
2986.25,0,158.54644775390625,0,0.030517578125,-158.54644775390625,0,-0.0048295924958917415,0,-0.0048,0,0,-24
2986.375,0,158.54263305664063,0,-0.030517578125,-158.54263305664063,0,-0.0048291548748358292,0,-0.0038,0,0,-24
2986.5,0,158.538818359375,0,-0.030517578125,-158.538818359375,0,-0.0048287232505160533,0,-0.0036,0,0,-24
2986.625,0,158.54263305664063,0,0.030517578125,-158.54263305664063,0,-0.004829158631931881,0,-0.0056,0,0,-24
2986.75,0,158.538818359375,0,-0.030517578125,-158.538818359375,0,-0.00482872693751768,0,-0.0038,0,0,-24
2986.875,0,158.54263305664063,0,0.030517578125,-158.54263305664063,0,-0.0048291622501468023,0,-0.0054,0,0,-24
2987,0,158.54644775390625,0,0.030517578125,-158.54644775390625,0,-0.0048295916091070524,0,-0.0046,0,0,-24
2987.125,0,158.538818359375,0,-0.06103515625,-158.538818359375,0,-0.00482872344415656,0,-0.0046,0,0,-24
2987.25,0,158.54263305664063,0,0.030517578125,-158.54263305664063,0,-0.0048291588219597243,0,-0.0044,0,0,-24
2987.375,0,158.54263305664063,0,0,-158.54263305664063,0,-0.0048291576844391778,0,-0.0046,0,0,-24
2987.5,0,158.54263305664063,0,0,-158.54263305664063,0,-0.0048291565681408324,0,-0.0038,0,0,-24
2987.625,0,158.54644775390625,0,0.030517578125,-158.54644775390625,0,-0.0048295860331076723,0,-0.005,0,0,-24
2987.75,0,158.54263305664063,0,-0.030517578125,-158.54263305664063,0,-0.0048291485326249694,0,-0.0054,0,0,-24
2987.875,0,158.54263305664063,0,0,-158.54263305664063,0,-0.00482914758706784,0,-0.0042,0,0,-24
2988,0,158.538818359375,0,-0.030517578125,-158.538818359375,0,-0.0048287160987126225,0,-0.0042,0,0,-24
2988.125,0,158.54644775390625,0,0.06103515625,-158.54644775390625,0,-0.0048295821739952963,0,-0.0046,0,0,-24
2988.25,0,158.54263305664063,0,-0.030517578125,-158.54263305664063,0,-0.00482914474551029,0,-0.0044,0,0,-24
2988.375,0,158.54263305664063,0,0,-158.54263305664063,0,-0.00482914387060763,0,-0.0046,0,0,-24
2988.5,0,158.54263305664063,0,0,-158.54263305664063,0,-0.004829143012027629,0,-0.0046,0,0,-24
2988.625,0,158.538818359375,0,-0.030517578125,-158.538818359375,0,-0.0048287116090268466,0,-0.0048,0,0,-24
2988.75,0,158.54263305664063,0,0.030517578125,-158.54263305664063,0,-0.00482914720763262,0,-0.0048,0,0,-24
2988.875,0,158.54263305664063,0,0,-158.54263305664063,0,-0.0048291462867952684,0,-0.0048,0,0,-24
2989,0,158.54263305664063,0,0,-158.54263305664063,0,-0.0048291453831375581,0,-0.0058,0,0,-24
2989.125,0,158.538818359375,0,-0.030517578125,-158.538818359375,0,-0.0048287139359000607,0,-0.0044,0,0,-24
2989.25,0,158.538818359375,0,0,-158.538818359375,0,-0.0048287189306555067,0,-0.004,0,0,-24
2989.375,0,158.538818359375,0,0,-158.538818359375,0,-0.0048287238322260824,0,-0.0052,0,0,-24
2989.5,0,158.54263305664063,0,0.030517578125,-158.54263305664063,0,-0.0048291592027892112,0,-0.0058,0,0,-24
2989.625,0,158.54644775390625,0,0.030517578125,-158.54644775390625,0,-0.00482958861860262,0,-0.0046,0,0,-24
2989.75,0,158.538818359375,0,-0.06103515625,-158.538818359375,0,-0.0048287205094446027,0,-0.0062,0,0,-24
2989.875,0,158.54263305664063,0,0.030517578125,-158.54263305664063,0,-0.0048291559419993482,0,-0.0044,0,0,-24
2990,0,158.538818359375,0,-0.030517578125,-158.538818359375,0,-0.00482872429776999,0,-0.0046,0,0,-24
2990.125,0,158.538818359375,0,0,-158.538818359375,0,-0.0048287290992087622,0,-0.0042,0,0,-24
2990.25,0,158.53500366210938,0,-0.030517578125,-158.53500366210938,0,-0.004828303250630368,0,-0.0048,0,0,-24
2990.375,0,158.538818359375,0,0.030517578125,-158.538818359375,0,-0.0048287443000322094,0,-0.0036,0,0,-24
2990.5,0,158.55026245117188,0,0.091552734375,-158.55026245117188,0,-0.00483004040961466,0,-0.0048,0,0,-24
2990.625,0,158.54263305664063,0,-0.06103515625,-158.54263305664063,0,-0.0048291660393581116,0,-0.0066,0,0,-24
2990.75,0,158.54644775390625,0,0.030517578125,-158.54644775390625,0,-0.004829595327624777,0,-0.0044,0,0,-24
2990.875,0,158.54644775390625,0,0,-158.54644775390625,0,-0.004829588214177432,0,-0.0042,0,0,-24
2991,0,158.54263305664063,0,-0.030517578125,-158.54263305664063,0,-0.004829150673003507,0,-0.0046,0,0,-24
2991.125,0,158.55026245117188,0,0.06103515625,-158.55026245117188,0,-0.0048300108083921441,0,-0.0052,0,0,-24
2991.25,0,158.54263305664063,0,-0.06103515625,-158.54263305664063,0,-0.0048291369903920812,0,-0.005,0,0,-24
2991.375,0,158.538818359375,0,-0.030517578125,-158.538818359375,0,-0.004828705699734202,0,-0.005,0,0,-24
2991.5,0,158.538818359375,0,0,-158.538818359375,0,-0.0048287108481480318,0,-0.005,0,0,-24
2991.625,0,158.54263305664063,0,0.030517578125,-158.54263305664063,0,-0.0048291464609491732,0,-0.004,0,0,-24
2991.75,0,158.54263305664063,0,0,-158.54263305664063,0,-0.0048291455540423536,0,-0.0058,0,0,-24
2991.875,0,158.54644775390625,0,0.030517578125,-158.54644775390625,0,-0.0048295752244941967,0,-0.0046,0,0,-24
2992,0,158.54263305664063,0,-0.030517578125,-158.54263305664063,0,-0.0048291379256628578,0,-0.0052,0,0,-24
2992.125,0,158.54263305664063,0,0,-158.54263305664063,0,-0.0048291371779949754,0,-0.0042,0,0,-24
2992.25,0,158.54263305664063,0,0,-158.54263305664063,0,-0.0048291364442759914,0,-0.0048,0,0,-24
2992.375,0,158.54263305664063,0,0,-158.54263305664063,0,-0.0048291357242456669,0,-0.0054,0,0,-24
2992.5,0,158.54263305664063,0,0,-158.54263305664063,0,-0.00482913501764862,0,-0.0052,0,0,-24
2992.625,0,158.538818359375,0,-0.030517578125,-158.538818359375,0,-0.0048287037637953136,0,-0.0046,0,0,-24
2992.75,0,158.54263305664063,0,0.030517578125,-158.54263305664063,0,-0.0048291395087659873,0,-0.0054,0,0,-24
2992.875,0,158.538818359375,0,-0.030517578125,-158.538818359375,0,-0.0048287081711239563,0,-0.0036,0,0,-24
2993,0,158.54263305664063,0,0.030517578125,-158.54263305664063,0,-0.0048291438338691128,0,-0.0038,0,0,-24
2993.125,0,158.538818359375,0,-0.030517578125,-158.538818359375,0,-0.0048287124155356092,0,-0.005,0,0,-24
2993.25,0,158.54263305664063,0,0.030517578125,-158.54263305664063,0,-0.0048291479990947165,0,-0.005,0,0,-24
2993.375,0,158.538818359375,0,-0.030517578125,-158.538818359375,0,-0.004828716503052501,0,-0.0038,0,0,-24
2993.5,0,158.538818359375,0,0,-158.538818359375,0,-0.0048287214499137567,0,-0.0052,0,0,-24
2993.625,0,158.55026245117188,0,0.091552734375,-158.55026245117188,0,-0.0048300179858004281,0,-0.005,0,0,-24
2993.75,0,158.54263305664063,0,-0.06103515625,-158.54263305664063,0,-0.0048291440338947373,0,-0.0062,0,0,-24
2993.875,0,158.54644775390625,0,0.030517578125,-158.54644775390625,0,-0.0048295737327072805,0,-0.0046,0,0,-24
2994,0,158.54263305664063,0,-0.030517578125,-158.54263305664063,0,-0.0048291364617075285,0,-0.0052,0,0,-24
2994.125,0,158.54263305664063,0,0,-158.54263305664063,0,-0.004829135741351992,0,-0.005,0,0,-24
2994.25,0,158.54644775390625,0,0.030517578125,-158.54644775390625,0,-0.0048295655948747164,0,-0.006,0,0,-24
2994.375,0,158.54263305664063,0,-0.030517578125,-158.54263305664063,0,-0.0048291284756987888,0,-0.0048,0,0,-24
2994.5,0,158.54644775390625,0,0.030517578125,-158.54644775390625,0,-0.0048295584647734856,0,-0.005,0,0,-24
2994.625,0,158.538818359375,0,-0.06103515625,-158.538818359375,0,-0.0048286909181816827,0,-0.0048,0,0,-24
2994.75,0,158.54263305664063,0,0.030517578125,-158.54263305664063,0,-0.0048291269028071012,0,-0.0052,0,0,-24
2994.875,0,158.54263305664063,0,0,-158.54263305664063,0,-0.0048291263607876033,0,-0.005,0,0,-24
2995,0,158.54644775390625,0,0.030517578125,-158.54644775390625,0,-0.0048295563893192318,0,-0.0044,0,0,-24
2995.125,0,158.54644775390625,0,0,-158.54644775390625,0,-0.004829550002326064,0,-0.0056,0,0,-24
2995.25,0,158.54644775390625,0,0,-158.54644775390625,0,-0.00482954373449211,0,-0.0048,0,0,-24
2995.375,0,158.54263305664063,0,-0.030517578125,-158.54263305664063,0,-0.0048291070231553535,0,-0.0054,0,0,-24
2995.5,0,158.538818359375,0,-0.030517578125,-158.538818359375,0,-0.004828676291582519,0,-0.0058,0,0,-24
2995.625,0,158.53500366210938,0,-0.030517578125,-158.53500366210938,0,-0.004828251428211883,0,-0.004,0,0,-24
2995.75,0,158.54644775390625,0,0.091552734375,-158.54644775390625,0,-0.0048295545653187447,0,-0.0042,0,0,-24
2995.875,0,158.54263305664063,0,-0.030517578125,-158.54263305664063,0,-0.0048291176519162041,0,-0.0048,0,0,-24
2996,0,158.54644775390625,0,0.030517578125,-158.54644775390625,0,-0.0048295478429252678,0,-0.0048,0,0,-24
2996.125,0,158.538818359375,0,-0.06103515625,-158.538818359375,0,-0.0048286804945004346,0,-0.0058,0,0,-24
2996.25,0,158.538818359375,0,0,-158.538818359375,0,-0.004828686113156796,0,-0.0054,0,0,-24
2996.375,0,158.54644775390625,0,0.06103515625,-158.54644775390625,0,-0.0048295527478662854,0,-0.0042,0,0,-24
2996.5,0,158.538818359375,0,-0.06103515625,-158.538818359375,0,-0.0048286853079322085,0,-0.004,0,0,-24
2996.625,0,158.538818359375,0,0,-158.538818359375,0,-0.0048286908367865724,0,-0.005,0,0,-24
2996.75,0,158.54263305664063,0,0.030517578125,-158.54263305664063,0,-0.0048291268229305427,0,-0.0048,0,0,-24
2996.875,0,158.54263305664063,0,0,-158.54263305664063,0,-0.0048291262824012651,0,-0.0044,0,0,-24
2997,0,158.538818359375,0,-0.030517578125,-158.538818359375,0,-0.0048286951915174781,0,-0.0046,0,0,-24
2997.125,0,158.54644775390625,0,0.06103515625,-158.54644775390625,0,-0.00482956165685614,0,-0.0048,0,0,-24
2997.25,0,158.538818359375,0,-0.06103515625,-158.538818359375,0,-0.0048286940507111095,0,-0.0036,0,0,-24
2997.375,0,158.54263305664063,0,0.030517578125,-158.54263305664063,0,-0.0048291299768943577,0,-0.006,0,0,-24
2997.5,0,158.54644775390625,0,0.030517578125,-158.54644775390625,0,-0.0048295599379619344,0,-0.0042,0,0,-24
2997.625,0,158.54263305664063,0,-0.030517578125,-158.54263305664063,0,-0.0048291229243244442,0,-0.0042,0,0,-24
2997.75,0,158.54644775390625,0,0.030517578125,-158.54644775390625,0,-0.0048295530169685961,0,-0.0052,0,0,-24
2997.875,0,158.54263305664063,0,-0.030517578125,-158.54263305664063,0,-0.0048291161324529172,0,-0.0046,0,0,-24
2998,0,158.54263305664063,0,0,-158.54263305664063,0,-0.0048291157913709967,0,-0.0038,0,0,-24
2998.125,0,158.54263305664063,0,0,-158.54263305664063,0,-0.0048291154566524859,0,-0.0054,0,0,-24
2998.25,0,158.538818359375,0,-0.030517578125,-158.538818359375,0,-0.0048286845677397482,0,-0.0042,0,0,-24
2998.375,0,158.538818359375,0,0,-158.538818359375,0,-0.004828690110403544,0,-0.005,0,0,-24
2998.5,0,158.54263305664063,0,0.030517578125,-158.54263305664063,0,-0.00482912611009931,0,-0.0042,0,0,-24
2998.625,0,158.54644775390625,0,0.030517578125,-158.54644775390625,0,-0.0048295561433079155,0,-0.0048,0,0,-24
2998.75,0,158.54263305664063,0,-0.030517578125,-158.54263305664063,0,-0.0048291192004655519,0,-0.0044,0,0,-24
2998.875,0,158.54263305664063,0,0,-158.54263305664063,0,-0.0048291188021451215,0,-0.0044,0,0,-24
2999,0,158.53500366210938,0,-0.06103515625,-158.53500366210938,0,-0.00482825729037814,0,-0.005,0,0,-24
2999.125,0,158.538818359375,0,0.030517578125,-158.538818359375,0,-0.00482869919723941,0,-0.0038,0,0,-24
2999.25,0,158.54263305664063,0,0.030517578125,-158.54263305664063,0,-0.004829135027406231,0,-0.0042,0,0,-24
2999.375,0,158.54263305664063,0,0,-158.54263305664063,0,-0.0048291343338097981,0,-0.0046,0,0,-24
2999.5,0,158.54644775390625,0,0.030517578125,-158.54644775390625,0,-0.0048295642135923944,0,-0.0052,0,0,-24
2999.625,0,158.54644775390625,0,0,-158.54644775390625,0,-0.0048295576806253364,0,-0.0052,0,0,-24
2999.75,0,158.53500366210938,0,-0.091552734375,-158.53500366210938,0,-0.0048282595882241106,0,-0.0046,0,0,-24
2999.875,0,158.54644775390625,0,0.091552734375,-158.54644775390625,0,-0.0048295625730933513,0,-0.0044,0,0,-24
3000,0,158.53500366210938,0,-0.091552734375,-158.53500366210938,0,-0.0048282643894155854,0,-0.0048,0,0,-24
3000.125,0,158.53500366210938,0,0,-158.53500366210938,0,-0.00482827560339444,0,-0.0046,0,0,-24
3000.25,0,158.54263305664063,0,0.06103515625,-158.54263305664063,0,-0.0048291477290370484,0,-0.0052,0,0,-24
3000.375,0,158.54263305664063,0,0,-158.54263305664063,0,-0.0048291467984720926,0,-0.0042,0,0,-24
3000.5,0,158.54263305664063,0,0,-158.54263305664063,0,-0.0048291458852682614,0,-0.0064,0,0,-24
3000.625,0,158.538818359375,0,-0.030517578125,-158.538818359375,0,-0.0048287144286627412,0,-0.0044,0,0,-24
3000.75,0,158.53500366210938,0,-0.030517578125,-158.53500366210938,0,-0.0048282888537860219,0,-0.0042,0,0,-24
3000.875,0,158.538818359375,0,0.030517578125,-158.538818359375,0,-0.0048287301717832107,0,-0.0046,0,0,-24
3001,0,158.54644775390625,0,0.06103515625,-158.54644775390625,0,-0.0048295959845110351,0,-0.0044,0,0,-24
3001.125,0,158.54644775390625,0,0,-158.54644775390625,0,-0.0048295888588084628,0,-0.0048,0,0,-24
3001.25,0,158.54263305664063,0,-0.030517578125,-158.54263305664063,0,-0.0048291513056079515,0,-0.0046,0,0,-24
3001.375,0,158.54644775390625,0,0.030517578125,-158.54644775390625,0,-0.0048295808687554625,0,-0.0048,0,0,-24
3001.5,0,158.55026245117188,0,0.030517578125,-158.55026245117188,0,-0.00483000458549955,0,-0.004,0,0,-24
3001.625,0,158.54263305664063,0,-0.06103515625,-158.54263305664063,0,-0.00482913088359715,0,-0.005,0,0,-24
3001.75,0,158.54263305664063,0,0,-158.54263305664063,0,-0.0048291302673098705,0,-0.0058,0,0,-24
3001.875,0,158.54263305664063,0,0,-158.54263305664063,0,-0.0048291296625203812,0,-0.0052,0,0,-24
3002,0,158.54644775390625,0,0.030517578125,-158.54644775390625,0,-0.00482955962945309,0,-0.0046,0,0,-24
3002.125,0,158.538818359375,0,-0.06103515625,-158.538818359375,0,-0.0048286920611323916,0,-0.0044,0,0,-24
3002.25,0,158.54263305664063,0,0.030517578125,-158.54263305664063,0,-0.0048291280244343012,0,-0.005,0,0,-24
3002.375,0,158.54644775390625,0,0.030517578125,-158.54644775390625,0,-0.0048295580219280335,0,-0.0054,0,0,-24
3002.5,0,158.538818359375,0,-0.06103515625,-158.538818359375,0,-0.0048286904835981963,0,-0.0046,0,0,-24
3002.625,0,158.54263305664063,0,0.030517578125,-158.54263305664063,0,-0.0048291264763314409,0,-0.0044,0,0,-24
3002.75,0,158.54263305664063,0,0,-158.54263305664063,0,-0.0048291259422685046,0,-0.0044,0,0,-24
3002.875,0,158.538818359375,0,-0.030517578125,-158.538818359375,0,-0.0048286948577304194,0,-0.0046,0,0,-24
3003,0,158.538818359375,0,0,-158.538818359375,0,-0.00482870020841856,0,-0.0046,0,0,-24
3003.125,0,158.54644775390625,0,0.06103515625,-158.54644775390625,0,-0.00482956658015919,0,-0.005,0,0,-24
3003.25,0,158.54263305664063,0,-0.030517578125,-158.54263305664063,0,-0.00482912944260126,0,-0.0058,0,0,-24
3003.375,0,158.54263305664063,0,0,-158.54263305664063,0,-0.0048291288531979821,0,-0.004,0,0,-24
3003.5,0,158.54263305664063,0,0,-158.54263305664063,0,-0.0048291282747909324,0,-0.0048,0,0,-24
3003.625,0,158.53500366210938,0,-0.06103515625,-158.53500366210938,0,-0.0048282665862971249,0,-0.0054,0,0,-24
3003.75,0,158.53500366210938,0,0,-158.53500366210938,0,-0.0048282777592897645,0,-0.006,0,0,-24
3003.875,0,158.538818359375,0,0.030517578125,-158.538818359375,0,-0.0048287192842719016,0,-0.0046,0,0,-24
3004,0,158.538818359375,0,0,-158.538818359375,0,-0.0048287241792452171,0,-0.0052,0,0,-24
3004.125,0,158.538818359375,0,0,-158.538818359375,0,-0.0048287289828952522,0,-0.0046,0,0,-24
3004.25,0,158.538818359375,0,0,-158.538818359375,0,-0.0048287336969257827,0,-0.0042,0,0,-24
